#Flip Current
2.938882890E-3	2.939241180E-3	2.938504540E-3	2.937074890E-3	2.938262830E-3	2.938926170E-3	2.937858770E-3	2.934298580E-3	2.934589350E-3	2.935556190E-3	2.937073680E-3	2.939170900E-3	2.937199680E-3	2.935817880E-3	2.935638570E-3	2.935591320E-3	2.936338250E-3	2.939874830E-3	2.939613130E-3	2.939717930E-3	2.939669120E-3	2.941418020E-3	2.937337450E-3	2.935617020E-3	2.935818750E-3	2.935728490E-3	2.936620810E-3	2.937797850E-3	2.938767100E-3	2.939269300E-3
2.888810890E-3	2.888727290E-3	2.885049570E-3	2.884345650E-3	2.890544040E-3	2.889705640E-3	2.888832700E-3	2.889722600E-3	2.890270230E-3	2.890554950E-3	2.889875860E-3	2.889989140E-3	2.890272650E-3	2.889832250E-3	2.889200410E-3	2.891213440E-3	2.891244940E-3	2.890577360E-3	2.890585840E-3	2.888857530E-3	2.888093030E-3	2.888146340E-3	2.887519950E-3	2.887449080E-3	2.887579930E-3	2.890210850E-3	2.890098780E-3	2.888647930E-3	2.887404250E-3	2.887696840E-3
2.868491280E-3	2.867987880E-3	2.862938670E-3	2.866076020E-3	2.866166280E-3	2.868640910E-3	2.869562920E-3	2.869578060E-3	2.869923960E-3	2.869793110E-3	2.869601690E-3	2.869780390E-3	2.871360280E-3	2.871300310E-3	2.871314240E-3	2.868654240E-3	2.867972130E-3	2.870629700E-3	2.867604420E-3	2.868724510E-3	2.868746320E-3	2.870999230E-3	2.868685740E-3	2.868520360E-3	2.867703760E-3	2.868311970E-3	2.866897470E-3	2.867064660E-3	2.867050120E-3	2.866498860E-3
2.849235250E-3	2.847413660E-3	2.847382760E-3	2.847322790E-3	2.847493620E-3	2.846595850E-3	2.842526180E-3	2.843004150E-3	2.848561620E-3	2.849025050E-3	2.849275230E-3	2.849382460E-3	2.848732450E-3	2.849933720E-3	2.849771980E-3	2.849089260E-3	2.850020960E-3	2.847927970E-3	2.849077140E-3	2.850836340E-3	2.850210570E-3	2.850787880E-3	2.847813480E-3	2.846311730E-3	2.846053670E-3	2.846904800E-3	2.846742450E-3	2.846231770E-3	2.846352930E-3	2.846341420E-3
2.826610930E-3	2.826054210E-3	2.825768280E-3	2.826618200E-3	2.826455240E-3	2.827529900E-3	2.826261390E-3	2.826655750E-3	2.826258360E-3	2.826366790E-3	2.826586090E-3	2.825309700E-3	2.825750710E-3	2.824120540E-3	2.826028160E-3	2.827088890E-3	2.825785850E-3	2.828596090E-3	2.828943810E-3	2.828883830E-3	2.828434340E-3	2.828875350E-3	2.829183090E-3	2.829086770E-3	2.830539450E-3	2.826668480E-3	2.826237760E-3	2.826045730E-3	2.826435250E-3	2.828663330E-3
2.807770280E-3	2.806401210E-3	2.806377580E-3	2.806592630E-3	2.806730150E-3	2.807308070E-3	2.806953680E-3	2.807540690E-3	2.807586730E-3	2.807076050E-3	2.806993660E-3	2.806216440E-3	2.806356380E-3	2.806907040E-3	2.806892500E-3	2.807383790E-3	2.806477540E-3	2.806582940E-3	2.807211140E-3	2.806819150E-3	2.807411010E-3	2.806838540E-3	2.807099630E-3	2.806534430E-3	2.804154910E-3	2.808282730E-3	2.803596380E-3	2.806390860E-3	2.807275920E-3	2.807023910E-3
2.789758590E-3	2.788406480E-3	2.789063750E-3	2.788926840E-3	2.788747530E-3	2.788436770E-3	2.787508700E-3	2.787637740E-3	2.787990910E-3	2.787623800E-3	2.788914120E-3	2.787916400E-3	2.788069050E-3	2.786894440E-3	2.787066480E-3	2.789064360E-3	2.789922150E-3	2.790652120E-3	2.789843400E-3	2.790638790E-3	2.790289860E-3	2.790692710E-3	2.790564890E-3	2.789009230E-3	2.788635460E-3	2.789834310E-3	2.788396180E-3	2.788320450E-3	2.788070870E-3	2.787768580E-3
2.772052800E-3	2.769482450E-3	2.769808370E-3	2.769766570E-3	2.769439440E-3	2.770198490E-3	2.769890150E-3	2.770057340E-3	2.766753390E-3	2.765952550E-3	2.772422930E-3	2.771852280E-3	2.773230440E-3	2.772699170E-3	2.773458820E-3	2.773502440E-3	2.773430960E-3	2.774629810E-3	2.775289500E-3	2.774804880E-3	2.771677210E-3	2.770417180E-3	2.770646770E-3	2.770638900E-3	2.768931800E-3	2.769928920E-3	2.772142450E-3	2.768522280E-3	2.768750060E-3	2.768797920E-3
2.752118630E-3	2.751534650E-3	2.751523750E-3	2.751824220E-3	2.749040630E-3	2.752823760E-3	2.749678530E-3	2.751137860E-3	2.753372000E-3	2.754453930E-3	2.754266140E-3	2.755502550E-3	2.755010040E-3	2.755537080E-3	2.755089400E-3	2.754143160E-3	2.754779240E-3	2.754664140E-3	2.755158460E-3	2.755183300E-3	2.754727140E-3	2.753490730E-3	2.752205860E-3	2.751763030E-3	2.752845570E-3	2.755233580E-3	2.752978840E-3	2.752800740E-3	2.751209350E-3	2.750728960E-3
2.735607380E-3	2.734323720E-3	2.735065200E-3	2.732810460E-3	2.734172460E-3	2.738108250E-3	2.737825960E-3	2.737647850E-3	2.737480660E-3	2.740209120E-3	2.735651180E-3	2.736093410E-3	2.735814140E-3	2.734615290E-3	2.737411600E-3	2.735099920E-3	2.736040100E-3	2.735127790E-3	2.734538360E-3	2.734618320E-3	2.734847310E-3	2.734759470E-3	2.734256060E-3	2.734707370E-3	2.734133090E-3	2.735129600E-3	2.735269540E-3	2.735914100E-3	2.735688740E-3	2.736541690E-3
2.718960180E-3	2.717558400E-3	2.716945950E-3	2.717167660E-3	2.717545070E-3	2.717982440E-3	2.716557640E-3	2.713169490E-3	2.718488880E-3	2.720160240E-3	2.720325620E-3	2.719787080E-3	2.720325010E-3	2.719902780E-3	2.720080880E-3	2.719446020E-3	2.719602920E-3	2.719570210E-3	2.720718170E-3	2.722779050E-3	2.718236270E-3	2.720381350E-3	2.717587470E-3	2.717781930E-3	2.717339710E-3	2.718975930E-3	2.717784960E-3	2.716753310E-3	2.715672590E-3	2.716651540E-3
2.701400420E-3	2.700662580E-3	2.701218690E-3	2.700701350E-3	2.701096320E-3	2.701866880E-3	2.701007270E-3	2.700955780E-3	2.701711190E-3	2.698687720E-3	2.702287290E-3	2.701019390E-3	2.701205970E-3	2.697996520E-3	2.701373160E-3	2.700314860E-3	2.699432830E-3	2.700524460E-3	2.702323640E-3	2.703850830E-3	2.703479480E-3	2.703432230E-3	2.703415270E-3	2.704004700E-3	2.703487960E-3	2.705748750E-3	2.704328190E-3	2.701761470E-3	2.701846890E-3	2.702200670E-3
2.685179470E-3	2.684639110E-3	2.682014250E-3	2.685051040E-3	2.687466300E-3	2.686557630E-3	2.686018480E-3	2.686510380E-3	2.687028320E-3	2.687680750E-3	2.687915790E-3	2.687481450E-3	2.686644860E-3	2.686847800E-3	2.687274270E-3	2.685375740E-3	2.684796610E-3	2.686400120E-3	2.688112070E-3	2.688082380E-3	2.686110560E-3	2.684828720E-3	2.684815990E-3	2.684642130E-3	2.684624570E-3	2.684295630E-3	2.685103740E-3	2.685175830E-3	2.684590640E-3	2.684839620E-3
2.669560900E-3	2.669101710E-3	2.668996300E-3	2.665511220E-3	2.664347510E-3	2.669182280E-3	2.666311460E-3	2.667778680E-3	2.663181370E-3	2.667847740E-3	2.668555290E-3	2.668606180E-3	2.667849550E-3	2.668707950E-3	2.671397640E-3	2.670792460E-3	2.671099590E-3	2.671598150E-3	2.671621170E-3	2.671195910E-3	2.670795490E-3	2.670051580E-3	2.670603450E-3	2.670478660E-3	2.670077630E-3	2.672424440E-3	2.670449580E-3	2.668097320E-3	2.667951320E-3	2.668721280E-3
2.654243170E-3	2.652948000E-3	2.653276940E-3	2.650502440E-3	2.650457620E-3	2.653770050E-3	2.650361300E-3	2.652560300E-3	2.650671460E-3	2.651752780E-3	2.655182740E-3	2.655206970E-3	2.656308290E-3	2.656263460E-3	2.656164110E-3	2.655929670E-3	2.656393700E-3	2.654976170E-3	2.655410510E-3	2.655160330E-3	2.658174110E-3	2.656710530E-3	2.655655250E-3	2.655154270E-3	2.653885750E-3	2.652579080E-3	2.653268460E-3	2.652958900E-3	2.652151390E-3	2.652583920E-3
2.639998780E-3	2.638615770E-3	2.638625470E-3	2.635619560E-3	2.637944560E-3	2.638865960E-3	2.638726630E-3	2.640643940E-3	2.640648780E-3	2.640846130E-3	2.642808870E-3	2.642404200E-3	2.643718750E-3	2.642799180E-3	2.642750710E-3	2.639990760E-3	2.640027110E-3	2.641054520E-3	2.642083750E-3	2.638762840E-3	2.638853100E-3	2.639978040E-3	2.640114340E-3	2.638986370E-3	2.638732550E-3	2.639560050E-3	2.639755110E-3	2.639778740E-3	2.640219140E-3	2.641095110E-3
2.624948720E-3	2.624372020E-3	2.624220570E-3	2.625384890E-3	2.620900260E-3	2.623202250E-3	2.623459100E-3	2.623681420E-3	2.623293110E-3	2.623577230E-3	2.624780920E-3	2.620270850E-3	2.620696120E-3	2.621966450E-3	2.624657950E-3	2.622236020E-3	2.622072460E-3	2.622890270E-3	2.624530130E-3	2.625552690E-3	2.626455310E-3	2.626491660E-3	2.626411700E-3	2.625994920E-3	2.626022180E-3	2.625715040E-3	2.626755180E-3	2.627380350E-3	2.626833320E-3	2.625624170E-3
2.609453290E-3	2.608173870E-3	2.607866130E-3	2.607709840E-3	2.608404070E-3	2.609468430E-3	2.608562180E-3	2.608935340E-3	2.609467820E-3	2.604577330E-3	2.610092990E-3	2.609936700E-3	2.610025150E-3	2.609919740E-3	2.611552930E-3	2.611858850E-3	2.611807360E-3	2.610963500E-3	2.611321520E-3	2.610761170E-3	2.610618210E-3	2.610818120E-3	2.611308800E-3	2.611003490E-3	2.610561260E-3	2.612327120E-3	2.610950180E-3	2.611111320E-3	2.610882940E-3	2.610002130E-3
2.592821860E-3	2.592921810E-3	2.593077500E-3	2.593529420E-3	2.593908640E-3	2.592974520E-3	2.593759610E-3	2.593176850E-3	2.592663750E-3	2.594092800E-3	2.593524570E-3	2.595335870E-3	2.595344350E-3	2.596598320E-3	2.594425980E-3	2.593668140E-3	2.595990720E-3	2.598644060E-3	2.595152310E-3	2.596049480E-3	2.596073710E-3	2.596329360E-3	2.595214100E-3	2.592260290E-3	2.596006470E-3	2.594138840E-3	2.589918330E-3	2.593158670E-3	2.593362820E-3	2.595330420E-3
2.580855580E-3	2.579158170E-3	2.579624620E-3	2.579118190E-3	2.579716100E-3	2.580943420E-3	2.579235100E-3	2.578999450E-3	2.579212690E-3	2.578611750E-3	2.579351410E-3	2.575759720E-3	2.575937820E-3	2.579885720E-3	2.582902520E-3	2.580272810E-3	2.576819840E-3	2.581509220E-3	2.581999900E-3	2.583213900E-3	2.583000660E-3	2.582574790E-3	2.582916460E-3	2.582657180E-3	2.582473020E-3	2.582311880E-3	2.582130150E-3	2.582512400E-3	2.582356110E-3	2.581869050E-3
2.567200140E-3	2.566204840E-3	2.565991600E-3	2.566215140E-3	2.566044910E-3	2.567218320E-3	2.566372040E-3	2.566780330E-3	2.567457600E-3	2.564271500E-3	2.568940270E-3	2.568230900E-3	2.568328430E-3	2.568778530E-3	2.568729460E-3	2.568995400E-3	2.569095960E-3	2.568722800E-3	2.568897870E-3	2.568733090E-3	2.568613150E-3	2.568344790E-3	2.569688420E-3	2.567462160E-3	2.569979190E-3	2.566875150E-3	2.566666770E-3	2.566720680E-3	2.565925290E-3	2.565494570E-3
2.551409620E-3	2.551436880E-3	2.551187290E-3	2.551596800E-3	2.552146860E-3	2.551741590E-3	2.551953610E-3	2.554731740E-3	2.551520480E-3	2.551327230E-3	2.553589840E-3	2.554248930E-3	2.553209400E-3	2.552906510E-3	2.552787780E-3	2.552355850E-3	2.551807620E-3	2.552475190E-3	2.549413550E-3	2.553851640E-3	2.550006120E-3	2.549829830E-3	2.551372770E-3	2.547851940E-3	2.551799850E-3	2.551360050E-3	2.550649460E-3	2.550064880E-3	2.551220110E-3	2.552720030E-3
2.539797450E-3	2.539180760E-3	2.540117910E-3	2.539135330E-3	2.539100800E-3	2.541535450E-3	2.538912400E-3	2.538773680E-3	2.539511520E-3	2.540227560E-3	2.541238620E-3	2.538674930E-3	2.540669180E-3	2.542198790E-3	2.542113370E-3	2.542628890E-3	2.542983280E-3	2.543097160E-3	2.543213480E-3	2.542896040E-3	2.542670690E-3	2.542637370E-3	2.542571340E-3	2.542785190E-3	2.542421110E-3	2.542368410E-3	2.542456240E-3	2.541528180E-3	2.541646920E-3	2.541630960E-3
2.527975120E-3	2.527558340E-3	2.527460210E-3	2.528083560E-3	2.527567430E-3	2.529089160E-3	2.527498370E-3	2.527309970E-3	2.527643150E-3	2.527077960E-3	2.526126270E-3	2.523767950E-3	2.524380400E-3	2.525503520E-3	2.525324820E-3	2.527809140E-3	2.527124600E-3	2.527365700E-3	2.527215470E-3	2.523274840E-3	2.525639220E-3	2.528324060E-3	2.527907280E-3	2.527198510E-3	2.527547440E-3	2.529097640E-3	2.528876530E-3	2.529465350E-3	2.529610740E-3	2.528984360E-3
2.515399150E-3	2.514738840E-3	2.514726730E-3	2.514442610E-3	2.513295260E-3	2.516306610E-3	2.517308580E-3	2.517524850E-3	2.517329180E-3	2.515971610E-3	2.516847580E-3	2.516670690E-3	2.516100040E-3	2.516636160E-3	2.516930570E-3	2.517300100E-3	2.516467750E-3	2.517058390E-3	2.517249210E-3	2.517601780E-3	2.517430340E-3	2.517696890E-3	2.517530300E-3	2.517720520E-3	2.517068090E-3	2.517005080E-3	2.517551500E-3	2.517402480E-3	2.517429740E-3	2.517114730E-3
2.501047580E-3	2.501861150E-3	2.501942330E-3	2.502018050E-3	2.501492230E-3	2.503858420E-3	2.501884780E-3	2.501392880E-3	2.501694560E-3	2.501727880E-3	2.500917340E-3	2.498001090E-3	2.498061670E-3	2.502826770E-3	2.503912340E-3	2.503719700E-3	2.503184790E-3	2.503420440E-3	2.505226890E-3	2.504954290E-3	2.506585060E-3	2.503294440E-3	2.503288380E-3	2.503286560E-3	2.502239160E-3	2.501715760E-3	2.504767100E-3	2.502480260E-3	2.501603690E-3	2.503157530E-3
2.491420600E-3	2.488637620E-3	2.489111350E-3	2.490494350E-3	2.489320340E-3	2.490130280E-3	2.489777710E-3	2.488919920E-3	2.490737880E-3	2.491069240E-3	2.492046980E-3	2.492500710E-3	2.492284450E-3	2.492163290E-3	2.492014270E-3	2.492054860E-3	2.492229320E-3	2.492152390E-3	2.492350480E-3	2.492423780E-3	2.492498290E-3	2.492228110E-3	2.492709710E-3	2.493093780E-3	2.492842980E-3	2.493269450E-3	2.492246280E-3	2.492271730E-3	2.492271730E-3	2.493127700E-3
2.478690720E-3	2.477564570E-3	2.478005580E-3	2.478773110E-3	2.478596220E-3	2.478414480E-3	2.477682090E-3	2.478472030E-3	2.477092060E-3	2.477237450E-3	2.478370870E-3	2.478225480E-3	2.478667700E-3	2.478594400E-3	2.478181860E-3	2.478555020E-3	2.479521860E-3	2.479264400E-3	2.478516250E-3	2.478254560E-3	2.480141570E-3	2.480761290E-3	2.480548050E-3	2.480766740E-3	2.480029500E-3	2.481444010E-3	2.482213350E-3	2.479949540E-3	2.479104470E-3	2.480766740E-3
2.467736490E-3	2.466607910E-3	2.466156000E-3	2.466747850E-3	2.466214760E-3	2.466856280E-3	2.467548700E-3	2.466951390E-3	2.466995610E-3	2.466862340E-3	2.467340910E-3	2.463668040E-3	2.466116620E-3	2.465523560E-3	2.465090420E-3	2.468569440E-3	2.468766930E-3	2.469000760E-3	2.468876580E-3	2.468929890E-3	2.468505230E-3	2.468654250E-3	2.470318340E-3	2.470203850E-3	2.468066040E-3	2.468141150E-3	2.467004090E-3	2.466916860E-3	2.466658190E-3	2.468253830E-3
2.457382670E-3	2.455832470E-3	2.456360720E-3	2.451409650E-3	2.456552140E-3	2.456616360E-3	2.455498690E-3	2.455625300E-3	2.458158680E-3	2.457860030E-3	2.458895920E-3	2.459651330E-3	2.458831100E-3	2.458879560E-3	2.458505190E-3	2.460911960E-3	2.460633300E-3	2.458080530E-3	2.457260910E-3	2.457717060E-3	2.460204410E-3	2.458185330E-3	2.458580310E-3	2.459467780E-3	2.459176400E-3	2.459716750E-3	2.459494430E-3	2.459174580E-3	2.459251510E-3	2.458379790E-3
2.446119400E-3	2.445322800E-3	2.445362170E-3	2.445012030E-3	2.443525430E-3	2.445290690E-3	2.442390190E-3	2.443966450E-3	2.444481360E-3	2.441048990E-3	2.445781980E-3	2.440682490E-3	2.442558600E-3	2.445226480E-3	2.444792130E-3	2.442765780E-3	2.444071250E-3	2.444165750E-3	2.442929950E-3	2.445790460E-3	2.444500750E-3	2.444810300E-3	2.446251470E-3	2.447157720E-3	2.447050500E-3	2.445218600E-3	2.446474390E-3	2.445907990E-3	2.445636590E-3	2.444766080E-3
2.435212950E-3	2.434291550E-3	2.434517510E-3	2.431892640E-3	2.434201900E-3	2.436374850E-3	2.435472830E-3	2.435307450E-3	2.435601260E-3	2.436876440E-3	2.436579600E-3	2.436036820E-3	2.436591110E-3	2.436674110E-3	2.436654720E-3	2.435810260E-3	2.436223400E-3	2.436734080E-3	2.436437250E-3	2.436331840E-3	2.437599140E-3	2.435710300E-3	2.435550980E-3	2.434961550E-3	2.434946410E-3	2.436777090E-3	2.435792690E-3	2.434396350E-3	2.434673800E-3	2.433732410E-3
2.424391030E-3	2.423219440E-3	2.423812500E-3	2.420253520E-3	2.420314700E-3	2.423772520E-3	2.422387700E-3	2.423963340E-3	2.425364520E-3	2.425697100E-3	2.423537480E-3	2.423051030E-3	2.422219290E-3	2.423694980E-3	2.422328330E-3	2.424715730E-3	2.422403450E-3	2.423731330E-3	2.423799180E-3	2.424311060E-3	2.422311370E-3	2.422639700E-3	2.423971820E-3	2.425672870E-3	2.424810840E-3	2.425099190E-3	2.425021650E-3	2.425597750E-3	2.425789180E-3	2.425520810E-3
2.413629460E-3	2.413042450E-3	2.410022620E-3	2.409284170E-3	2.413544650E-3	2.414584780E-3	2.413920230E-3	2.414366700E-3	2.415562510E-3	2.415282040E-3	2.413087890E-3	2.412078040E-3	2.410418800E-3	2.412293100E-3	2.409812410E-3	2.413091520E-3	2.410658690E-3	2.412674740E-3	2.412127110E-3	2.411640670E-3	2.413458020E-3	2.413032150E-3	2.413459840E-3	2.413398650E-3	2.415108180E-3	2.414237660E-3	2.415134830E-3	2.415097270E-3	2.414861020E-3	2.415062140E-3
2.403505280E-3	2.402930390E-3	2.403190880E-3	2.402967340E-3	2.401184520E-3	2.403819680E-3	2.402426980E-3	2.403093950E-3	2.402992790E-3	2.402040340E-3	2.401289170E-3	2.400361110E-3	2.400787580E-3	2.400693080E-3	2.400694900E-3	2.401790760E-3	2.401455150E-3	2.404235100E-3	2.403707460E-3	2.403726850E-3	2.404333240E-3	2.404788790E-3	2.404280530E-3	2.404408960E-3	2.403912220E-3	2.403872840E-3	2.404028530E-3	2.404581610E-3	2.404895410E-3	2.405071080E-3
2.391871480E-3	2.391446830E-3	2.391452890E-3	2.389196950E-3	2.389254490E-3	2.393215110E-3	2.393167860E-3	2.391746090E-3	2.393869360E-3	2.392371860E-3	2.391995060E-3	2.389905710E-3	2.391522550E-3	2.391610390E-3	2.390656280E-3	2.390872540E-3	2.391628560E-3	2.390902230E-3	2.390659910E-3	2.390625380E-3	2.392284630E-3	2.390351570E-3	2.393003090E-3	2.394550870E-3	2.394489680E-3	2.393814840E-3	2.393665820E-3	2.393897220E-3	2.395817560E-3	2.393764560E-3
2.383166070E-3	2.379489560E-3	2.382575430E-3	2.380280110E-3	2.379800940E-3	2.383917250E-3	2.383447160E-3	2.380787760E-3	2.380225590E-3	2.381995400E-3	2.384403400E-3	2.383626180E-3	2.383678280E-3	2.384228940E-3	2.384119290E-3	2.384577870E-3	2.384685700E-3	2.384302840E-3	2.384113840E-3	2.383731590E-3	2.386421880E-3	2.385412030E-3	2.385561660E-3	2.386009340E-3	2.386160180E-3	2.384888640E-3	2.383480180E-3	2.382527280E-3	2.381759150E-3	2.384746880E-3
2.373254450E-3	2.372566880E-3	2.372827970E-3	2.369527050E-3	2.368869770E-3	2.374064380E-3	2.374539320E-3	2.373633060E-3	2.374138890E-3	2.374679860E-3	2.372764970E-3	2.371777540E-3	2.372601410E-3	2.373255660E-3	2.374539990E-3	2.375136080E-3	2.375186370E-3	2.374888320E-3	2.375110040E-3	2.374910130E-3	2.375827890E-3	2.374845910E-3	2.375344470E-3	2.374002060E-3	2.374039610E-3	2.372731730E-3	2.373101250E-3	2.372798360E-3	2.373084290E-3	2.372769890E-3
2.365568130E-3	2.364744870E-3	2.364527400E-3	2.364391700E-3	2.364371710E-3	2.365434250E-3	2.364343240E-3	2.364782430E-3	2.364975070E-3	2.364780610E-3	2.365400940E-3	2.364852700E-3	2.365393670E-3	2.364731540E-3	2.364735530E-3	2.362955730E-3	2.363456110E-3	2.363470650E-3	2.363469440E-3	2.366528650E-3	2.366452920E-3	2.367034480E-3	2.366548030E-3	2.366755210E-3	2.366525620E-3	2.367151390E-3	2.366886660E-3	2.367211360E-3	2.366548030E-3	2.366796400E-3
2.355841700E-3	2.355162620E-3	2.355401900E-3	2.355882290E-3	2.356214870E-3	2.355953170E-3	2.357241060E-3	2.358873050E-3	2.356526240E-3	2.356072510E-3	2.357148380E-3	2.358229700E-3	2.358436280E-3	2.358220010E-3	2.357925600E-3	2.358478680E-3	2.357835340E-3	2.354212140E-3	2.354843970E-3	2.357950750E-3	2.354240320E-3	2.355138090E-3	2.355833530E-3	2.355376770E-3	2.357379490E-3	2.355692990E-3	2.355657250E-3	2.356027380E-3	2.355685720E-3	2.357630290E-3
2.347731800E-3	2.346442690E-3	2.346343340E-3	2.346585050E-3	2.346510540E-3	2.346988500E-3	2.346356670E-3	2.346490550E-3	2.346668650E-3	2.346792840E-3	2.347513110E-3	2.346684400E-3	2.346944890E-3	2.343279280E-3	2.343118140E-3	2.346230670E-3	2.347416790E-3	2.347497360E-3	2.347141160E-3	2.348976090E-3	2.348470860E-3	2.348353340E-3	2.348545980E-3	2.349058470E-3	2.348954880E-3	2.349028790E-3	2.348894300E-3	2.348917930E-3	2.349144490E-3	2.350071950E-3
2.337434000E-3	2.337226830E-3	2.337298910E-3	2.337561820E-3	2.338420220E-3	2.337593930E-3	2.337710850E-3	2.337962250E-3	2.337270440E-3	2.338208200E-3	2.337525480E-3	2.338223340E-3	2.337581210E-3	2.338778240E-3	2.338571060E-3	2.339205920E-3	2.338229400E-3	2.339899550E-3	2.339155640E-3	2.339476710E-3	2.338611650E-3	2.335311940E-3	2.337049940E-3	2.334132480E-3	2.338904850E-3	2.337102640E-3	2.337240760E-3	2.337324960E-3	2.337206230E-3	2.339070830E-3
2.331473840E-3	2.330579700E-3	2.330271350E-3	2.330642700E-3	2.329967250E-3	2.331238790E-3	2.330639670E-3	2.331041310E-3	2.329010110E-3	2.328993150E-3	2.330739620E-3	2.328684800E-3	2.332610290E-3	2.332691470E-3	2.332025100E-3	2.331799140E-3	2.331891220E-3	2.331782790E-3	2.332602420E-3	2.332377060E-3	2.331240610E-3	2.332928930E-3	2.332595750E-3	2.333068260E-3	2.332778090E-3	2.333632860E-3	2.332313460E-3	2.332366160E-3	2.332743560E-3	2.332731450E-3
2.321780100E-3	2.320710290E-3	2.321205820E-3	2.321028930E-3	2.321280330E-3	2.321260340E-3	2.321016210E-3	2.320861730E-3	2.321042260E-3	2.320953810E-3	2.321345150E-3	2.319997280E-3	2.322535520E-3	2.322453740E-3	2.322161140E-3	2.322784500E-3	2.323691960E-3	2.323152810E-3	2.322800250E-3	2.323059520E-3	2.323206120E-3	2.323155240E-3	2.323781010E-3	2.323336970E-3	2.323549600E-3	2.322906860E-3	2.323288510E-3	2.323549600E-3	2.322819030E-3	2.322902620E-3
2.313747440E-3	2.312960520E-3	2.313522090E-3	2.312945380E-3	2.313052000E-3	2.314177550E-3	2.314052150E-3	2.311163760E-3	2.310101820E-3	2.310504670E-3	2.314538590E-3	2.315226770E-3	2.314690040E-3	2.316112420E-3	2.315976730E-3	2.316247510E-3	2.315882830E-3	2.315075320E-3	2.315487860E-3	2.315547100E-3	2.314125930E-3	2.313660690E-3	2.314229520E-3	2.314509390E-3	2.314497880E-3	2.315625850E-3	2.315730650E-3	2.316911940E-3	2.316664770E-3	2.314727470E-3
2.305734720E-3	2.305002930E-3	2.304843000E-3	2.304912060E-3	2.301974010E-3	2.305066540E-3	2.302426530E-3	2.302157560E-3	2.304749710E-3	2.302159980E-3	2.305470600E-3	2.302441070E-3	2.302499830E-3	2.305403960E-3	2.303306130E-3	2.305273110E-3	2.302900250E-3	2.302783340E-3	2.306149080E-3	2.306429550E-3	2.306958400E-3	2.307310360E-3	2.306963250E-3	2.307395170E-3	2.307159520E-3	2.306955980E-3	2.306816040E-3	2.307055940E-3	2.307053510E-3	2.307528900E-3
2.296988680E-3	2.293547220E-3	2.295721380E-3	2.292842090E-3	2.293516930E-3	2.296663380E-3	2.294548580E-3	2.295473010E-3	2.296848140E-3	2.298062740E-3	2.297707750E-3	2.297615670E-3	2.298464380E-3	2.297986410E-3	2.298192380E-3	2.297833150E-3	2.299377290E-3	2.299560840E-3	2.299457860E-3	2.299600220E-3	2.298906600E-3	2.299750460E-3	2.299279760E-3	2.297830720E-3	2.299708660E-3	2.300630050E-3	2.298078490E-3	2.298476490E-3	2.300121200E-3	2.297046840E-3
2.289120830E-3	2.288762810E-3	2.288323620E-3	2.288661650E-3	2.288506570E-3	2.290264550E-3	2.290336040E-3	2.289844140E-3	2.289675120E-3	2.289258340E-3	2.290462040E-3	2.289557000E-3	2.289839900E-3	2.289953180E-3	2.290385100E-3	2.289926530E-3	2.291303470E-3	2.290521410E-3	2.290929100E-3	2.291168380E-3	2.291301660E-3	2.290804310E-3	2.292695570E-3	2.292236380E-3	2.289807790E-3	2.289970140E-3	2.292765230E-3	2.292569560E-3	2.293046320E-3	2.292546540E-3
2.282479540E-3	2.281383060E-3	2.281340660E-3	2.281718060E-3	2.281567220E-3	2.282334750E-3	2.281787730E-3	2.280773640E-3	2.282171190E-3	2.281476350E-3	2.280423500E-3	2.280616140E-3	2.283768040E-3	2.283081690E-3	2.284488920E-3	2.284443490E-3	2.284387150E-3	2.283760170E-3	2.285610230E-3	2.284083050E-3	2.283726240E-3	2.282646130E-3	2.282886020E-3	2.282847250E-3	2.282583730E-3	2.282786670E-3	2.282926600E-3	2.283022320E-3	2.283264630E-3	2.282791510E-3
2.274734190E-3	2.273842470E-3	2.273626210E-3	2.274059950E-3	2.273020420E-3	2.273840050E-3	2.273391160E-3	2.273292420E-3	2.273365120E-3	2.273034960E-3	2.274403430E-3	2.273916980E-3	2.273917590E-3	2.273402670E-3	2.273499600E-3	2.273747370E-3	2.270373750E-3	2.272576990E-3	2.272752670E-3	2.272888360E-3	2.275226690E-3	2.275732520E-3	2.276206240E-3	2.275704050E-3	2.275767050E-3	2.276137190E-3	2.276192310E-3	2.275973020E-3	2.275809460E-3	2.275768260E-3
2.267685750E-3	2.266406340E-3	2.266936400E-3	2.266774050E-3	2.267090870E-3	2.267619120E-3	2.266452380E-3	2.266906110E-3	2.262374840E-3	2.264962750E-3	2.266910960E-3	2.267868090E-3	2.267732400E-3	2.267464040E-3	2.266887940E-3	2.268662280E-3	2.269165690E-3	2.269111160E-3	2.269285020E-3	2.268209150E-3	2.269758140E-3	2.269021510E-3	2.269324400E-3	2.268797970E-3	2.268455100E-3	2.268628960E-3	2.268828870E-3	2.268876730E-3	2.268851890E-3	2.268898530E-3
2.260051860E-3	2.259196490E-3	2.259002030E-3	2.258680970E-3	2.259479390E-3	2.259311590E-3	2.258539820E-3	2.259000820E-3	2.257445170E-3	2.258259340E-3	2.260492270E-3	2.260203310E-3	2.260433500E-3	2.260293570E-3	2.260244500E-3	2.261297350E-3	2.260898140E-3	2.261250100E-3	2.261089570E-3	2.261654770E-3	2.263140760E-3	2.262531340E-3	2.260808490E-3	2.260872090E-3	2.261122280E-3	2.260905410E-3	2.259059580E-3	2.259504230E-3	2.259554510E-3	2.263047470E-3
2.251539010E-3	2.250357120E-3	2.250417090E-3	2.250550970E-3	2.250872640E-3	2.250841750E-3	2.248170840E-3	2.248705150E-3	2.250747850E-3	2.248752400E-3	2.251491750E-3	2.249743460E-3	2.248812980E-3	2.251558390E-3	2.252761480E-3	2.252531890E-3	2.252430720E-3	2.252569440E-3	2.252031510E-3	2.253262460E-3	2.253091630E-3	2.253125550E-3	2.252984410E-3	2.252804490E-3	2.253180680E-3	2.252902630E-3	2.253173410E-3	2.253152810E-3	2.253124340E-3	2.253664700E-3
2.243899590E-3	2.243285320E-3	2.243244730E-3	2.243212630E-3	2.243064210E-3	2.243886260E-3	2.243400420E-3	2.242912160E-3	2.243170220E-3	2.243490120E-3	2.245534650E-3	2.245472250E-3	2.245859350E-3	2.245527380E-3	2.245564330E-3	2.245183290E-3	2.245505570E-3	2.245132410E-3	2.245099700E-3	2.245297790E-3	2.245057900E-3	2.245073650E-3	2.245092430E-3	2.245053050E-3	2.245535260E-3	2.244841630E-3	2.244780450E-3	2.247186020E-3	2.247283550E-3	2.246746220E-3
2.238061040E-3	2.237601860E-3	2.237498870E-3	2.235358030E-3	2.238682580E-3	2.238737700E-3	2.237918680E-3	2.239370750E-3	2.239673640E-3	2.239777840E-3	2.240613220E-3	2.239722110E-3	2.239299270E-3	2.239279280E-3	2.239192650E-3	2.239453740E-3	2.239590040E-3	2.239424670E-3	2.239697870E-3	2.239355610E-3	2.241717560E-3	2.239176900E-3	2.238051350E-3	2.238440260E-3	2.237222640E-3	2.238889150E-3	2.238005310E-3	2.236903990E-3	2.236942760E-3	2.237225060E-3
2.231647890E-3	2.230897320E-3	2.230878540E-3	2.230522940E-3	2.231105100E-3	2.231710280E-3	2.230966980E-3	2.230870060E-3	2.230992430E-3	2.231134180E-3	2.231455850E-3	2.230950020E-3	2.230807660E-3	2.230324850E-3	2.230510830E-3	2.230933060E-3	2.229826290E-3	2.231171740E-3	2.229920790E-3	2.231872030E-3	2.232657120E-3	2.233356200E-3	2.233133880E-3	2.232940030E-3	2.232403300E-3	2.232368770E-3	2.232669850E-3	2.232431170E-3	2.232216720E-3	2.232454790E-3
2.225373740E-3	2.223586070E-3	2.223330430E-3	2.223764170E-3	2.223628480E-3	2.223884720E-3	2.223409790E-3	2.223595770E-3	2.223465520E-3	2.223465520E-3	2.223802940E-3	2.220846720E-3	2.221547000E-3	2.221689970E-3	2.221159910E-3	2.225002400E-3	2.223082670E-3	2.222904570E-3	2.223092360E-3	2.224289590E-3	2.225369700E-3	2.226262630E-3	2.226099060E-3	2.226401350E-3	2.225903400E-3	2.225628980E-3	2.225476920E-3	2.225169180E-3	2.226477070E-3	2.226577630E-3
2.216817930E-3	2.216415690E-3	2.216267880E-3	2.216339970E-3	2.215842010E-3	2.216144300E-3	2.213927130E-3	2.213237740E-3	2.217086290E-3	2.217171100E-3	2.217106890E-3	2.218660120E-3	2.218205180E-3	2.218642550E-3	2.218435380E-3	2.218992700E-3	2.219858360E-3	2.219247130E-3	2.218403270E-3	2.219067210E-3	2.217129910E-3	2.217257730E-3	2.219061150E-3	2.217687840E-3	2.216262430E-3	2.217391000E-3	2.217046920E-3	2.216936670E-3	2.217823530E-3	2.218131880E-3
2.211455660E-3	2.210585750E-3	2.210754770E-3	2.209860020E-3	2.209790360E-3	2.209734630E-3	2.209861230E-3	2.211273320E-3	2.212542440E-3	2.212528510E-3	2.211681010E-3	2.212207440E-3	2.212553340E-3	2.212102030E-3	2.211741590E-3	2.212785960E-3	2.213162760E-3	2.212229850E-3	2.213231220E-3	2.212079010E-3	2.210336780E-3	2.210564550E-3	2.210231970E-3	2.210306490E-3	2.210148980E-3	2.212692670E-3	2.211229700E-3	2.211822160E-3	2.211261200E-3	2.211670110E-3
2.204929310E-3	2.204278090E-3	2.204375020E-3	2.204210850E-3	2.203969750E-3	2.204835410E-3	2.204214480E-3	2.200988070E-3	2.201979140E-3	2.202203880E-3	2.204414390E-3	2.201736820E-3	2.204349570E-3	2.203841320E-3	2.203763780E-3	2.205969440E-3	2.204115130E-3	2.203655340E-3	2.205348510E-3	2.206546150E-3	2.206200240E-3	2.205944000E-3	2.206587340E-3	2.206520700E-3	2.206226900E-3	2.206109980E-3	2.206484960E-3	2.205785280E-3	2.205973680E-3	2.207731760E-3
2.199638940E-3	2.198675140E-3	2.198704210E-3	2.198867770E-3	2.198220800E-3	2.199169460E-3	2.198603650E-3	2.198494010E-3	2.198948340E-3	2.198792660E-3	2.199620160E-3	2.198885950E-3	2.198420100E-3	2.198425550E-3	2.199155520E-3	2.199328780E-3	2.198562460E-3	2.194994990E-3	2.193791910E-3	2.197014070E-3	2.197751920E-3	2.198696940E-3	2.199895190E-3	2.199409350E-3	2.200746310E-3	2.200345280E-3	2.200945620E-3	2.201005590E-3	2.200788720E-3	2.200583360E-3
2.192991320E-3	2.189823670E-3	2.190696000E-3	2.190776570E-3	2.190072640E-3	2.193204550E-3	2.193660100E-3	2.193971480E-3	2.193503810E-3	2.192973750E-3	2.190930440E-3	2.191846990E-3	2.190481550E-3	2.188753850E-3	2.188866530E-3	2.193464430E-3	2.194024790E-3	2.193996310E-3	2.193254830E-3	2.193537130E-3	2.193395980E-3	2.193469890E-3	2.193430510E-3	2.193437170E-3	2.195118230E-3	2.194242870E-3	2.194851680E-3	2.194904990E-3	2.195748240E-3	2.193840020E-3
2.185913330E-3	2.184836240E-3	2.185112480E-3	2.185253020E-3	2.184466110E-3	2.185734020E-3	2.184932560E-3	2.185210010E-3	2.185057360E-3	2.182869680E-3	2.183014460E-3	2.185809550E-3	2.186975690E-3	2.187079880E-3	2.187260410E-3	2.185419430E-3	2.186289940E-3	2.187150150E-3	2.186826060E-3	2.185643570E-3	2.187811670E-3	2.187095030E-3	2.189018400E-3	2.188219360E-3	2.186819400E-3	2.185878000E-3	2.185744730E-3	2.185472730E-3	2.186114870E-3	2.185297060E-3
2.180091650E-3	2.179951100E-3	2.180417560E-3	2.177320180E-3	2.179942620E-3	2.181354100E-3	2.179205990E-3	2.180996080E-3	2.179693640E-3	2.179351380E-3	2.181816310E-3	2.180811320E-3	2.180776790E-3	2.181212950E-3	2.181860540E-3	2.183103000E-3	2.182282770E-3	2.182205230E-3	2.182767400E-3	2.182313660E-3	2.182437240E-3	2.182178570E-3	2.182368180E-3	2.184309730E-3	2.181133600E-3	2.180406050E-3	2.182651090E-3	2.180528420E-3	2.179734840E-3	2.179962010E-3
2.174866560E-3	2.174620000E-3	2.174527920E-3	2.174604860E-3	2.174636970E-3	2.175356640E-3	2.174615760E-3	2.174816880E-3	2.174790840E-3	2.174695730E-3	2.176344670E-3	2.177132190E-3	2.176906240E-3	2.176710570E-3	2.176428880E-3	2.176522770E-3	2.176694210E-3	2.176316810E-3	2.176192020E-3	2.176029060E-3	2.175160970E-3	2.176351340E-3	2.176205340E-3	2.176242300E-3	2.176178690E-3	2.177150370E-3	2.176250170E-3	2.176002410E-3	2.175910330E-3	2.177367240E-3
2.168036970E-3	2.167996980E-3	2.168117540E-3	2.167885520E-3	2.168002440E-3	2.168434360E-3	2.168441630E-3	2.168331380E-3	2.168159940E-3	2.167757090E-3	2.168782080E-3	2.168009710E-3	2.168024850E-3	2.168244750E-3	2.168166000E-3	2.168273220E-3	2.168496150E-3	2.167712270E-3	2.167831610E-3	2.167870380E-3	2.168716050E-3	2.168006070E-3	2.168637300E-3	2.168401650E-3	2.167653510E-3	2.168206590E-3	2.167308210E-3	2.167512960E-3	2.167960030E-3	2.167734680E-3
2.162485270E-3	2.162474970E-3	2.163068030E-3	2.160136640E-3	2.162825110E-3	2.161536000E-3	2.162382290E-3	2.161876460E-3	2.164017910E-3	2.164764840E-3	2.163196460E-3	2.164724250E-3	2.164157840E-3	2.163733790E-3	2.163775320E-3	2.166034290E-3	2.165827710E-3	2.163064730E-3	2.163735340E-3	2.163284030E-3	2.164219360E-3	2.163242830E-3	2.163199220E-3	2.162891480E-3	2.161648410E-3	2.163207090E-3	2.163542090E-3	2.162933280E-3	2.161822870E-3	2.164701560E-3
2.156278160E-3	2.155511240E-3	2.155327080E-3	2.155593620E-3	2.155502150E-3	2.157156550E-3	2.156860920E-3	2.156746430E-3	2.156264230E-3	2.156492000E-3	2.157658140E-3	2.157558790E-3	2.157377050E-3	2.156890000E-3	2.156976020E-3	2.158940580E-3	2.157772630E-3	2.157879850E-3	2.158163970E-3	2.157798680E-3	2.158198500E-3	2.157690850E-3	2.157625420E-3	2.157932560E-3	2.157874400E-3	2.157010550E-3	2.156116410E-3	2.157804130E-3	2.157953760E-3	2.158282700E-3
2.151214300E-3	2.150532800E-3	2.150850230E-3	2.150654560E-3	2.150277150E-3	2.150830840E-3	2.149259430E-3	2.149507200E-3	2.148845080E-3	2.150137220E-3	2.152069070E-3	2.150429210E-3	2.150618820E-3	2.151583830E-3	2.149712560E-3	2.150175380E-3	2.151470550E-3	2.153163720E-3	2.153519920E-3	2.153645930E-3	2.152639110E-3	2.152614280E-3	2.152509470E-3	2.152630030E-3	2.152736040E-3	2.150656980E-3	2.150240810E-3	2.151405130E-3	2.151534770E-3	2.151889150E-3
2.146241270E-3	2.144980630E-3	2.145001830E-3	2.144867960E-3	2.144914000E-3	2.145481610E-3	2.141793000E-3	2.142807080E-3	2.144648060E-3	2.144819490E-3	2.144274290E-3	2.144832820E-3	2.145653050E-3	2.144287610E-3	2.143396710E-3	2.146288720E-3	2.145110470E-3	2.143894660E-3	2.145439410E-3	2.146708530E-3	2.146761840E-3	2.146743660E-3	2.147101680E-3	2.146780620E-3	2.146858160E-3	2.147090780E-3	2.147085330E-3	2.147259190E-3	2.146913280E-3	2.146572230E-3
2.138779700E-3	2.138251450E-3	2.138865110E-3	2.138633100E-3	2.138632490E-3	2.138820890E-3	2.138513150E-3	2.138244790E-3	2.138141810E-3	2.138471960E-3	2.138851180E-3	2.138434400E-3	2.138779090E-3	2.137625680E-3	2.137296130E-3	2.140184510E-3	2.138451360E-3	2.138726390E-3	2.139662930E-3	2.137131360E-3	2.139522390E-3	2.140641270E-3	2.140675800E-3	2.140654600E-3	2.140526170E-3	2.141066530E-3	2.140808470E-3	2.140862990E-3	2.140886010E-3	2.141027160E-3
2.133939580E-3	2.134031660E-3	2.133534310E-3	2.134114650E-3	2.131781780E-3	2.132858260E-3	2.132898850E-3	2.133356210E-3	2.134619880E-3	2.135683030E-3	2.135617600E-3	2.135705440E-3	2.135754510E-3	2.135753300E-3	2.135100260E-3	2.137127220E-3	2.135228080E-3	2.135512200E-3	2.133750580E-3	2.133572480E-3	2.132038630E-3	2.132225210E-3	2.132374840E-3	2.133015160E-3	2.133250200E-3	2.133573690E-3	2.133197500E-3	2.132917020E-3	2.132590500E-3	2.132556580E-3
2.127567530E-3	2.127277970E-3	2.126791520E-3	2.127082900E-3	2.127011420E-3	2.127259790E-3	2.127712920E-3	2.125653250E-3	2.125512710E-3	2.125208000E-3	2.129087440E-3	2.127961290E-3	2.128224810E-3	2.129204360E-3	2.129019600E-3	2.129257670E-3	2.129312800E-3	2.129058370E-3	2.128687020E-3	2.128467050E-3	2.127859450E-3	2.129683470E-3	2.128060570E-3	2.127353010E-3	2.127871570E-3	2.127018020E-3	2.127728000E-3	2.126582460E-3	2.126547930E-3	2.126481290E-3
2.121803240E-3	2.120687380E-3	2.121057510E-3	2.120850940E-3	2.121121120E-3	2.121831100E-3	2.121345870E-3	2.118842160E-3	2.121042370E-3	2.121055090E-3	2.121651180E-3	2.121746290E-3	2.120597720E-3	2.120769160E-3	2.121314970E-3	2.122432650E-3	2.123151710E-3	2.122903340E-3	2.123352830E-3	2.123135360E-3	2.123220170E-3	2.123114160E-3	2.123318910E-3	2.123074170E-3	2.122983310E-3	2.122962100E-3	2.122579250E-3	2.122333900E-3	2.122444760E-3	2.122784000E-3
2.116074860E-3	2.115424250E-3	2.115718060E-3	2.115646570E-3	2.115314000E-3	2.116349280E-3	2.112847840E-3	2.116932050E-3	2.116812100E-3	2.116832100E-3	2.117087130E-3	2.117113790E-3	2.117143470E-3	2.117390630E-3	2.116970210E-3	2.118469530E-3	2.117737740E-3	2.116537680E-3	2.116448630E-3	2.117047750E-3	2.116208140E-3	2.115842240E-3	2.115796810E-3	2.115916750E-3	2.115698070E-3	2.116065780E-3	2.116703670E-3	2.116972030E-3	2.116219040E-3	2.116407440E-3
2.110423450E-3	2.110400430E-3	2.110132060E-3	2.109942450E-3	2.110105410E-3	2.110507040E-3	2.108774500E-3	2.111401180E-3	2.112206270E-3	2.111981980E-3	2.112962140E-3	2.112993640E-3	2.112510830E-3	2.112762840E-3	2.113065730E-3	2.111942000E-3	2.112014090E-3	2.112087390E-3	2.112444800E-3	2.111702110E-3	2.110973950E-3	2.110632290E-3	2.110813420E-3	2.110665610E-3	2.110420870E-3	2.111136310E-3	2.114094350E-3	2.111209000E-3	2.110980620E-3	2.110844920E-3
2.104788080E-3	2.104382200E-3	2.104741430E-3	2.104468220E-3	2.105123080E-3	2.104811700E-3	2.104374930E-3	2.104334950E-3	2.107867280E-3	2.104699630E-3	2.105475040E-3	2.106003280E-3	2.107923010E-3	2.106126250E-3	2.106572110E-3	2.106328590E-3	2.105752490E-3	2.104721440E-3	2.105041900E-3	2.105535620E-3	2.104543950E-3	2.104539100E-3	2.104150190E-3	2.104376140E-3	2.106314650E-3	2.104427030E-3	2.104184110E-3	2.104156850E-3	2.104659050E-3	2.106276490E-3
2.100450700E-3	2.100869290E-3	2.100898370E-3	2.100779640E-3	2.100966830E-3	2.101098890E-3	2.101169760E-3	2.100872320E-3	2.100883830E-3	2.100793570E-3	2.099705580E-3	2.101636220E-3	2.101921540E-3	2.101572610E-3	2.101946380E-3	2.098687860E-3	2.098664840E-3	2.098432220E-3	2.098039670E-3	2.098890200E-3	2.098128120E-3	2.098272900E-3	2.097955470E-3	2.098508550E-3	2.098319550E-3	2.098244430E-3	2.098427980E-3	2.098376490E-3	2.098257150E-3	2.098062690E-3
2.093191040E-3	2.093486060E-3	2.091608130E-3	2.091032020E-3	2.091685670E-3	2.092703990E-3	2.094743070E-3	2.094791530E-3	2.095007800E-3	2.095064130E-3	2.094957520E-3	2.094716410E-3	2.094574050E-3	2.094773960E-3	2.094621300E-3	2.094899360E-3	2.095004770E-3	2.094162120E-3	2.096198160E-3	2.094061560E-3	2.092777290E-3	2.093180140E-3	2.093224360E-3	2.094898150E-3	2.092469550E-3	2.093276460E-3	2.092983260E-3	2.092451990E-3	2.092214520E-3	2.092192100E-3
2.088041210E-3	2.087104060E-3	2.086807830E-3	2.086836300E-3	2.086650320E-3	2.087491760E-3	2.084768150E-3	2.084626400E-3	2.084650630E-3	2.086574600E-3	2.087440270E-3	2.086791470E-3	2.087546880E-3	2.085607160E-3	2.085542950E-3	2.087777690E-3	2.086307450E-3	2.086275950E-3	2.085625940E-3	2.089243080E-3	2.088516140E-3	2.088783290E-3	2.088142980E-3	2.088981380E-3	2.088974720E-3	2.088713020E-3	2.088882640E-3	2.088693030E-3	2.089335160E-3	2.088777820E-3
2.082552990E-3	2.081854520E-3	2.081638860E-3	2.081812720E-3	2.082271300E-3	2.082472420E-3	2.081515280E-3	2.081571620E-3	2.078412440E-3	2.082368230E-3	2.082016260E-3	2.080676270E-3	2.082465760E-3	2.082821960E-3	2.082619630E-3	2.083341720E-3	2.083814840E-3	2.083837260E-3	2.083507710E-3	2.083889960E-3	2.084623570E-3	2.085348690E-3	2.083350810E-3	2.081974460E-3	2.082144690E-3	2.082097440E-3	2.080955530E-3	2.081604330E-3	2.081658240E-3	2.081108190E-3
2.076991550E-3	2.076239170E-3	2.076194950E-3	2.076532370E-3	2.076485120E-3	2.077372590E-3	2.076287020E-3	2.076491780E-3	2.073631870E-3	2.077884480E-3	2.076207670E-3	2.075855710E-3	2.077995940E-3	2.078520550E-3	2.078533350E-3	2.078189870E-3	2.078552130E-3	2.078379480E-3	2.077903940E-3	2.080016910E-3	2.078518810E-3	2.078277710E-3	2.078360700E-3	2.078335260E-3	2.077114610E-3	2.077556220E-3	2.076946200E-3	2.077830640E-3	2.075977550E-3	2.076737810E-3
2.071798910E-3	2.071695320E-3	2.071308830E-3	2.071595970E-3	2.071240980E-3	2.071693510E-3	2.070767870E-3	2.068962630E-3	2.069360020E-3	2.072150870E-3	2.073496930E-3	2.073183740E-3	2.073067420E-3	2.072793000E-3	2.072845710E-3	2.072229620E-3	2.072221140E-3	2.072348360E-3	2.072053340E-3	2.072570080E-3	2.073526610E-3	2.072683360E-3	2.072762110E-3	2.072862670E-3	2.072351990E-3	2.074459520E-3	2.072294440E-3	2.071597190E-3	2.071259760E-3	2.071542670E-3
