#Flip Current
17.043857300E-3	17.012237700E-3	17.012176400E-3	17.012159600E-3	17.015534100E-3	17.008233000E-3	17.009549300E-3	17.013621000E-3	17.013297500E-3	17.022690200E-3	17.033298900E-3	17.027832800E-3	17.035172900E-3	17.041375300E-3	17.028569000E-3	17.028596900E-3	17.016158800E-3	17.023292600E-3	17.022907700E-3	17.027024000E-3	17.008495100E-3	17.013448100E-3	17.011562800E-3	17.014457600E-3	17.034230300E-3	17.016895100E-3	17.018495800E-3	17.018507000E-3	17.018228100E-3	17.027704500E-3
16.920275100E-3	16.921669500E-3	16.924034500E-3	16.925161100E-3	16.933265500E-3	16.947890000E-3	16.936522800E-3	16.939941900E-3	16.953517900E-3	16.931642400E-3	16.932066300E-3	16.933678200E-3	16.923850400E-3	16.917687100E-3	16.927236000E-3	16.922824100E-3	16.913542900E-3	16.906609900E-3	16.913001900E-3	16.908456100E-3	16.922377900E-3	16.903492000E-3	16.900948600E-3	16.898717500E-3	16.897150200E-3	16.916409800E-3	16.898795600E-3	16.901802000E-3	16.911339700E-3	16.924921300E-3
16.759479700E-3	16.747560200E-3	16.751726700E-3	16.752886900E-3	16.754554600E-3	16.752769800E-3	16.751587300E-3	16.747894900E-3	16.758414300E-3	16.768191900E-3	16.769614200E-3	16.778332100E-3	16.766184000E-3	16.764109100E-3	16.753160200E-3	16.751592900E-3	16.763668500E-3	16.763490000E-3	16.755251800E-3	16.734313400E-3	16.767065200E-3	16.758118700E-3	16.745323600E-3	16.748686900E-3	16.753160200E-3	16.754013600E-3	16.749601700E-3	16.741023300E-3	16.745842300E-3	16.764717100E-3
16.567024000E-3	16.565774700E-3	16.569667800E-3	16.571039900E-3	16.576522800E-3	16.590823800E-3	16.568602500E-3	16.588999900E-3	16.590589500E-3	16.588609500E-3	16.586791200E-3	16.569924400E-3	16.576221600E-3	16.581704400E-3	16.573778600E-3	16.575440700E-3	16.560994600E-3	16.556833700E-3	16.554742100E-3	16.561418500E-3	16.570432000E-3	16.563671900E-3	16.559399400E-3	16.561803400E-3	16.561050400E-3	16.569801700E-3	16.556817000E-3	16.558930900E-3	16.572930800E-3	16.565345200E-3
16.392003100E-3	16.380886900E-3	16.392019900E-3	16.405980700E-3	16.399058900E-3	16.384428700E-3	16.382214400E-3	16.379643100E-3	16.375616000E-3	16.391322700E-3	16.378192900E-3	16.399806300E-3	16.388790400E-3	16.396437400E-3	16.376257400E-3	16.388712300E-3	16.378086900E-3	16.368114100E-3	16.370774600E-3	16.366719700E-3	16.371388200E-3	16.387329100E-3	16.370049500E-3	16.376396900E-3	16.371589000E-3	16.366848000E-3	16.364968300E-3	16.370785800E-3	16.372096500E-3	16.371416000E-3
16.204760000E-3	16.212289800E-3	16.213723200E-3	16.213500100E-3	16.206701000E-3	16.221247500E-3	16.230378000E-3	16.218425200E-3	16.235375600E-3	16.226808400E-3	16.223311200E-3	16.224594000E-3	16.220756600E-3	16.214057900E-3	16.208249400E-3	16.226321000E-3	16.214931500E-3	16.213269300E-3	16.208305200E-3	16.205527600E-3	16.221501900E-3	16.207083700E-3	16.210458200E-3	16.207797700E-3	16.210039900E-3	16.219705900E-3	16.202292500E-3	16.208098900E-3	16.222712300E-3	16.211557000E-3
16.062892900E-3	16.043304300E-3	16.044888300E-3	16.057884200E-3	16.064449000E-3	16.063233100E-3	16.069033800E-3	16.057728000E-3	16.046662000E-3	16.045870000E-3	16.058475400E-3	16.056590100E-3	16.048000600E-3	16.055575000E-3	16.049127300E-3	16.052747200E-3	16.056618000E-3	16.048848400E-3	16.048809400E-3	16.044574100E-3	16.070102900E-3	16.045366200E-3	16.048300000E-3	16.061976300E-3	16.040363000E-3	16.061948500E-3	16.065111000E-3	16.065780300E-3	16.049683200E-3	16.056850500E-3
15.899325500E-3	15.892760700E-3	15.893770200E-3	15.890122400E-3	15.889575800E-3	15.913096700E-3	15.898533500E-3	15.921920600E-3	15.904312000E-3	15.899738300E-3	15.885816500E-3	15.900591700E-3	15.900134300E-3	15.895465800E-3	15.880077100E-3	15.902962200E-3	15.888136800E-3	15.887445200E-3	15.892665800E-3	15.890864300E-3	15.907006000E-3	15.890652300E-3	15.889971800E-3	15.885141600E-3	15.895839500E-3	15.911802700E-3	15.893865000E-3	15.901071300E-3	15.907931800E-3	15.918680000E-3
15.742229500E-3	15.740612000E-3	15.743752200E-3	15.751008700E-3	15.767250800E-3	15.768963200E-3	15.771908200E-3	15.786348700E-3	15.770831700E-3	15.767708200E-3	15.764919400E-3	15.751164900E-3	15.759364000E-3	15.753172900E-3	15.741777700E-3	15.754517100E-3	15.745074100E-3	15.744706000E-3	15.745849400E-3	15.744862200E-3	15.752682000E-3	15.739864600E-3	15.737795300E-3	15.748950600E-3	15.758616600E-3	15.762353700E-3	15.750618300E-3	15.757768800E-3	15.769699400E-3	15.761187900E-3
15.617960500E-3	15.615182900E-3	15.617748600E-3	15.619957300E-3	15.621870400E-3	15.623331800E-3	15.616047400E-3	15.622523000E-3	15.625674400E-3	15.636924400E-3	15.644549000E-3	15.634286200E-3	15.648168900E-3	15.630036100E-3	15.632601800E-3	15.620124600E-3	15.628797800E-3	15.629428100E-3	15.619031400E-3	15.613745300E-3	15.626322900E-3	15.614816200E-3	15.611620200E-3	15.606739800E-3	15.611715100E-3	15.626819300E-3	15.616924600E-3	15.611676000E-3	15.607275300E-3	15.611146100E-3
15.489421500E-3	15.502601500E-3	15.497827000E-3	15.503683500E-3	15.497241300E-3	15.487876500E-3	15.482650200E-3	15.499254900E-3	15.494474800E-3	15.483598400E-3	15.492210300E-3	15.479666200E-3	15.476626400E-3	15.476308500E-3	15.479465400E-3	15.490001600E-3	15.471773800E-3	15.471087800E-3	15.473804100E-3	15.490046200E-3	15.507515400E-3	15.486420700E-3	15.499199100E-3	15.487274100E-3	15.471723600E-3	15.479370600E-3	15.479878100E-3	15.477139500E-3	15.476408800E-3	15.477050300E-3
15.365199300E-3	15.364714100E-3	15.365255100E-3	15.375149900E-3	15.388129100E-3	15.380688500E-3	15.386333100E-3	15.395580800E-3	15.382272500E-3	15.381363400E-3	15.378680500E-3	15.361679800E-3	15.376092500E-3	15.370113200E-3	15.355220900E-3	15.377648600E-3	15.363849500E-3	15.355014500E-3	15.357931700E-3	15.354384300E-3	15.370509300E-3	15.360391400E-3	15.362538800E-3	15.356459200E-3	15.356191400E-3	15.372037500E-3	15.361317300E-3	15.367157100E-3	15.369923600E-3	15.362131600E-3
15.266376400E-3	15.260096000E-3	15.266019400E-3	15.261646600E-3	15.279355600E-3	15.274274400E-3	15.266995500E-3	15.290672700E-3	15.273108600E-3	15.272707000E-3	15.268295100E-3	15.263437000E-3	15.256565300E-3	15.248349400E-3	15.253413900E-3	15.267112700E-3	15.257625100E-3	15.260162900E-3	15.256827500E-3	15.255154200E-3	15.270531800E-3	15.255143000E-3	15.252237100E-3	15.252064100E-3	15.255533400E-3	15.284593000E-3	15.260598000E-3	15.261116700E-3	15.266488000E-3	15.276449600E-3
15.191041500E-3	15.174453600E-3	15.183550800E-3	15.191353900E-3	15.185664500E-3	15.196814200E-3	15.190338500E-3	15.198342400E-3	15.194304200E-3	15.190310600E-3	15.193244500E-3	15.190065200E-3	15.182591200E-3	15.185882000E-3	15.190801500E-3	15.187694700E-3	15.178296400E-3	15.166399400E-3	15.175379300E-3	15.175446300E-3	15.188001500E-3	15.175686100E-3	15.171753900E-3	15.164413700E-3	15.168870200E-3	15.180131500E-3	15.167169100E-3	15.182106000E-3	15.171748300E-3	15.174146700E-3
15.038937300E-3	15.034213000E-3	15.044414500E-3	15.057499600E-3	15.046773800E-3	15.052022400E-3	15.071594300E-3	15.056551400E-3	15.052959400E-3	15.050198500E-3	15.037894200E-3	15.052256700E-3	15.046612100E-3	15.030236100E-3	15.038223300E-3	15.056183300E-3	15.039048800E-3	15.037944400E-3	15.035518200E-3	15.038903800E-3	15.051247100E-3	15.029472000E-3	15.031809000E-3	15.039087900E-3	15.048268600E-3	15.062145800E-3	15.049512500E-3	15.063200000E-3	15.053935500E-3	15.052016800E-3
14.966941500E-3	14.965245900E-3	14.970433100E-3	14.967371000E-3	14.967861800E-3	14.984923800E-3	14.977907200E-3	14.977566900E-3	14.992392300E-3	14.985219400E-3	14.986948500E-3	14.985598700E-3	14.984416300E-3	14.973216400E-3	14.982029000E-3	14.982218700E-3	14.975101600E-3	14.967047500E-3	14.971481700E-3	14.963505700E-3	14.982809900E-3	14.972736700E-3	14.971716000E-3	14.967309600E-3	14.968927200E-3	14.970304800E-3	14.975190800E-3	14.971476100E-3	14.984985200E-3	14.971264200E-3
14.881192800E-3	14.881811900E-3	14.883474000E-3	14.884556100E-3	14.893229300E-3	14.884266000E-3	14.895343200E-3	14.898578300E-3	14.896614900E-3	14.887406300E-3	14.870132300E-3	14.890936900E-3	14.891489100E-3	14.880049400E-3	14.868671000E-3	14.884584000E-3	14.873428700E-3	14.871939500E-3	14.872251800E-3	14.875977700E-3	14.885069200E-3	14.877349800E-3	14.876027900E-3	14.876446200E-3	14.879452500E-3	14.888817400E-3	14.880579200E-3	14.892052400E-3	14.875882900E-3	14.877902000E-3
14.782121300E-3	14.770715000E-3	14.766197100E-3	14.770101400E-3	14.770631300E-3	14.787687800E-3	14.784804100E-3	14.798368900E-3	14.802513100E-3	14.792802500E-3	14.793823200E-3	14.789729200E-3	14.777514100E-3	14.790850300E-3	14.787592900E-3	14.786516400E-3	14.774134100E-3	14.769872800E-3	14.773068700E-3	14.771060800E-3	14.778746800E-3	14.771072000E-3	14.770943700E-3	14.774825700E-3	14.776610600E-3	14.785752300E-3	14.788886900E-3	14.778869500E-3	14.782495000E-3	14.785261500E-3
14.708887000E-3	14.692064800E-3	14.690045700E-3	14.693269600E-3	14.692371600E-3	14.697508600E-3	14.692962800E-3	14.688684800E-3	14.687842600E-3	14.689828200E-3	14.684228300E-3	14.684451400E-3	14.693687900E-3	14.698144500E-3	14.700453600E-3	14.709099000E-3	14.711279800E-3	14.708808900E-3	14.711090200E-3	14.698882900E-3	14.699831100E-3	14.703406400E-3	14.690237600E-3	14.686517300E-3	14.695480600E-3	14.700271800E-3	14.687956300E-3	14.681491800E-3	14.686662300E-3	14.683036800E-3
14.626328600E-3	14.620561300E-3	14.620801200E-3	14.620349400E-3	14.619317500E-3	14.635782700E-3	14.631242500E-3	14.635514900E-3	14.641444000E-3	14.635855200E-3	14.637099000E-3	14.633205800E-3	14.632653600E-3	14.633228100E-3	14.620209900E-3	14.633345200E-3	14.621643400E-3	14.623238600E-3	14.622507900E-3	14.622903900E-3	14.635977900E-3	14.621392400E-3	14.622240200E-3	14.625302300E-3	14.623679200E-3	14.636608200E-3	14.620594800E-3	14.624577200E-3	14.641399300E-3	14.631538100E-3
14.531051300E-3	14.531776400E-3	14.526505600E-3	14.525194800E-3	14.535864800E-3	14.539830500E-3	14.543138100E-3	14.554840000E-3	14.550182600E-3	14.545871100E-3	14.536774000E-3	14.529958100E-3	14.538123800E-3	14.536244100E-3	14.533935000E-3	14.532010700E-3	14.518574100E-3	14.517001300E-3	14.516181300E-3	14.514212400E-3	14.531386000E-3	14.515182900E-3	14.514714400E-3	14.522411600E-3	14.523053000E-3	14.534877600E-3	14.530114300E-3	14.531090400E-3	14.530415500E-3	14.536991500E-3
14.446702700E-3	14.446262000E-3	14.448002300E-3	14.447667600E-3	14.456536100E-3	14.453708200E-3	14.464121700E-3	14.454818200E-3	14.478930300E-3	14.464718500E-3	14.467055500E-3	14.463642000E-3	14.445470000E-3	14.456920900E-3	14.456993400E-3	14.464500900E-3	14.456123300E-3	14.449670000E-3	14.456580700E-3	14.450774400E-3	14.459291400E-3	14.451443700E-3	14.449932100E-3	14.446964800E-3	14.450077200E-3	14.465655500E-3	14.455448400E-3	14.452168800E-3	14.459341600E-3	14.456095400E-3
14.375917400E-3	14.373970800E-3	14.374980400E-3	14.376759600E-3	14.373719800E-3	14.373251300E-3	14.374840900E-3	14.379643300E-3	14.398428700E-3	14.388054300E-3	14.390848700E-3	14.406505200E-3	14.395612000E-3	14.393420000E-3	14.375939700E-3	14.382895000E-3	14.386392200E-3	14.388439200E-3	14.377903000E-3	14.369119400E-3	14.385718400E-3	14.381708100E-3	14.368154400E-3	14.372376700E-3	14.368132100E-3	14.374373500E-3	14.383069100E-3	14.373899400E-3	14.371634900E-3	14.374273100E-3
14.323795800E-3	14.312841300E-3	14.318218100E-3	14.325536000E-3	14.335469800E-3	14.316851600E-3	14.329741600E-3	14.319038000E-3	14.318820500E-3	14.320025300E-3	14.310158400E-3	14.303727400E-3	14.303749700E-3	14.310677100E-3	14.309572800E-3	14.321218900E-3	14.310180700E-3	14.311318600E-3	14.307391900E-3	14.304670000E-3	14.325179000E-3	14.324269900E-3	14.313733700E-3	14.311006200E-3	14.317420500E-3	14.311842900E-3	14.327103300E-3	14.326367100E-3	14.318714500E-3	14.305724200E-3
14.237204000E-3	14.230025600E-3	14.241621500E-3	14.236400800E-3	14.238576100E-3	14.213348500E-3	14.227850300E-3	14.227543500E-3	14.224018500E-3	14.236439900E-3	14.230226400E-3	14.229200100E-3	14.247879600E-3	14.241309100E-3	14.244097900E-3	14.229278200E-3	14.242050900E-3	14.240333000E-3	14.228536400E-3	14.224381000E-3	14.230471800E-3	14.230031200E-3	14.231492500E-3	14.244376800E-3	14.247182400E-3	14.239624700E-3	14.239435000E-3	14.227867000E-3	14.230075800E-3	14.231369800E-3
14.174573300E-3	14.174735100E-3	14.174634700E-3	14.174076900E-3	14.181623500E-3	14.175845000E-3	14.174512000E-3	14.166842700E-3	14.172927900E-3	14.172967000E-3	14.168594100E-3	14.152893000E-3	14.158325700E-3	14.159502600E-3	14.155949600E-3	14.167400500E-3	14.154605400E-3	14.159061900E-3	14.154850800E-3	14.151097000E-3	14.162536800E-3	14.157355200E-3	14.180011500E-3	14.163903300E-3	14.165253100E-3	14.173764600E-3	14.180463300E-3	14.182209100E-3	14.179676900E-3	14.175951000E-3
14.024169600E-3	14.022881200E-3	14.021938600E-3	14.022200700E-3	14.024770200E-3	14.024061900E-3	14.020860300E-3	14.025657100E-3	14.028992500E-3	14.034670600E-3	14.030710400E-3	14.033092100E-3	14.038123100E-3	14.042094400E-3	14.039891200E-3	14.033577300E-3	14.032222000E-3	14.024664300E-3	14.030604500E-3	14.032902400E-3	14.025495300E-3	14.022383000E-3	14.022316100E-3	14.020402900E-3	14.026092100E-3	14.038619500E-3	14.025528800E-3	14.029806800E-3	14.040198000E-3	14.031407600E-3
13.734273900E-3	13.732550400E-3	13.735478700E-3	13.730910600E-3	13.730732100E-3	13.744297000E-3	13.750404500E-3	13.739031700E-3	13.744871500E-3	13.766016400E-3	13.752847500E-3	13.746957500E-3	13.738925700E-3	13.725662000E-3	13.741167900E-3	13.736120100E-3	13.723241300E-3	13.725717800E-3	13.726822200E-3	13.724764000E-3	13.731284300E-3	13.727145700E-3	13.725678800E-3	13.724518600E-3	13.722176000E-3	13.724630200E-3	13.735071500E-3	13.729131300E-3	13.719788800E-3	13.718868500E-3
13.367408400E-3	13.360642800E-3	13.359153500E-3	13.364675400E-3	13.371898400E-3	13.366209200E-3	13.375970100E-3	13.366577400E-3	13.364034000E-3	13.368903200E-3	13.357681000E-3	13.363102500E-3	13.356258700E-3	13.352164800E-3	13.351701800E-3	13.364697700E-3	13.352164800E-3	13.355254800E-3	13.353330500E-3	13.351473100E-3	13.366198100E-3	13.356532000E-3	13.357296200E-3	13.357508100E-3	13.363487400E-3	13.371128700E-3	13.356242000E-3	13.364731200E-3	13.363665800E-3	13.355639600E-3
12.946616600E-3	12.940782300E-3	12.936007900E-3	12.936933800E-3	12.929309100E-3	12.944112200E-3	12.943052500E-3	12.946337700E-3	12.953856400E-3	12.949472300E-3	12.943917000E-3	12.947046000E-3	12.941557600E-3	12.934914700E-3	12.931272500E-3	12.941635700E-3	12.928171300E-3	12.931573600E-3	12.931517900E-3	12.929560100E-3	12.938478800E-3	12.928394400E-3	12.927502000E-3	12.929448600E-3	12.946293100E-3	12.947263600E-3	12.931791200E-3	12.928952200E-3	12.928444600E-3	12.936108300E-3
12.482287400E-3	12.481077100E-3	12.480675500E-3	12.477719400E-3	12.476877100E-3	12.480022900E-3	12.476453200E-3	12.480435700E-3	12.483988600E-3	12.487173400E-3	12.486202900E-3	12.488757500E-3	12.492851500E-3	12.489365400E-3	12.479972700E-3	12.480669900E-3	12.478617400E-3	12.473106700E-3	12.456463000E-3	12.464282900E-3	12.475187100E-3	12.471416600E-3	12.473352100E-3	12.474674000E-3	12.474877300E-3	12.483293900E-3	12.466081300E-3	12.466282100E-3	12.463816800E-3	12.464201700E-3
12.021437500E-3	12.023618400E-3	12.025643100E-3	12.023406400E-3	12.027857400E-3	12.039180000E-3	12.031549800E-3	12.038594300E-3	12.050463500E-3	12.037930600E-3	12.036664400E-3	12.034439000E-3	12.034684400E-3	12.032749000E-3	12.019446300E-3	12.028247800E-3	12.024231900E-3	12.024326700E-3	12.023891700E-3	12.021331600E-3	12.027639900E-3	12.018632000E-3	12.028459800E-3	12.019039200E-3	12.018905300E-3	12.022000900E-3	12.028939400E-3	12.026463000E-3	12.023752200E-3	12.012776800E-3
11.593206600E-3	11.587773900E-3	11.587712600E-3	11.595867100E-3	11.605689300E-3	11.602008100E-3	11.596369100E-3	11.606553900E-3	11.598103700E-3	11.596648000E-3	11.592771500E-3	11.590317400E-3	11.585236100E-3	11.590088700E-3	11.590005000E-3	11.589034500E-3	11.574616300E-3	11.577009100E-3	11.577248900E-3	11.577025800E-3	11.584460800E-3	11.574772500E-3	11.576696800E-3	11.576713500E-3	11.575352600E-3	11.584287900E-3	11.576211500E-3	11.575452900E-3	11.576094400E-3	11.590077500E-3
11.148447600E-3	11.145669900E-3	11.145932000E-3	11.146991800E-3	11.145441200E-3	11.152463500E-3	11.155012500E-3	11.162575700E-3	11.157126400E-3	11.159474600E-3	11.158855400E-3	11.158158200E-3	11.146902600E-3	11.146389400E-3	11.150070700E-3	11.145870700E-3	11.140878700E-3	11.149128000E-3	11.148012500E-3	11.141481100E-3	11.144331300E-3	11.136411000E-3	11.137922600E-3	11.134330500E-3	11.136093100E-3	11.143366300E-3	11.136461200E-3	11.132088300E-3	11.132841300E-3	11.134352900E-3
10.687559000E-3	10.680681700E-3	10.684926300E-3	10.688880900E-3	10.685941500E-3	10.685763000E-3	10.696589200E-3	10.685478500E-3	10.680185300E-3	10.684692100E-3	10.682065000E-3	10.673347100E-3	10.678417200E-3	10.679437900E-3	10.673921600E-3	10.677803700E-3	10.669141600E-3	10.667535200E-3	10.669905700E-3	10.671110500E-3	10.677770200E-3	10.665834000E-3	10.666174200E-3	10.667607700E-3	10.674936700E-3	10.692311100E-3	10.676916800E-3	10.673893700E-3	10.682226700E-3	10.677212400E-3
10.246835400E-3	10.243081700E-3	10.244476100E-3	10.247075200E-3	10.244704800E-3	10.251766000E-3	10.265487000E-3	10.254962000E-3	10.254214600E-3	10.236628300E-3	10.239774100E-3	10.246495200E-3	10.245753300E-3	10.245675300E-3	10.237403600E-3	10.244637800E-3	10.236879300E-3	10.235239500E-3	10.235769400E-3	10.235183700E-3	10.243689600E-3	10.235094500E-3	10.233493700E-3	10.234676200E-3	10.229394200E-3	10.237453800E-3	10.228730400E-3	10.229650700E-3	10.232138400E-3	10.231045100E-3
9.795386530E-3	9.703104290E-3	9.806962600E-3	9.840065950E-3	9.925091650E-3	9.832965600E-3	9.789510140E-3	9.798356290E-3	9.693914800E-3	9.825960080E-3	9.919848660E-3	9.822741770E-3	9.831247690E-3	9.824638170E-3	9.822858900E-3	9.770261670E-3	9.812038260E-3	9.818341010E-3	9.815039040E-3	9.814325100E-3	9.812138660E-3	9.810710780E-3	9.814709960E-3	9.812244640E-3	9.803409640E-3	9.808005620E-3	9.806700450E-3	9.802297560E-3	9.795855380E-3	9.801031430E-3
9.231844910E-3	9.119288210E-3	9.224298370E-3	9.246132930E-3	9.237984020E-3	9.119253120E-3	9.220676650E-3	9.210949270E-3	9.242122620E-3	9.144714980E-3	9.236595190E-3	9.204685600E-3	9.103791950E-3	9.245764800E-3	9.106151280E-3	9.242479580E-3	9.309372040E-3	9.314754440E-3	9.100339400E-3	9.222188190E-3	9.221094970E-3	9.217965920E-3	9.219382640E-3	9.217380270E-3	9.215099020E-3	9.213202630E-3	9.210073580E-3	9.207786760E-3	9.208333290E-3	9.206275150E-3
8.680632570E-3	8.661512450E-3	8.668986480E-3	8.557913540E-3	8.674056540E-3	8.675556930E-3	8.674313110E-3	8.733932410E-3	8.548041130E-3	8.667603220E-3	8.749003170E-3	8.666950640E-3	8.723122960E-3	8.664117210E-3	8.662187350E-3	8.621866650E-3	8.655789800E-3	8.655371480E-3	8.657485400E-3	8.654222490E-3	8.651177100E-3	8.653989500E-3	8.648618240E-3	8.648305900E-3	8.645823850E-3	8.643436620E-3	8.640876490E-3	8.641607160E-3	8.641936240E-3	8.639878090E-3
8.181490780E-3	8.185902700E-3	8.180759000E-3	8.182795040E-3	8.184562710E-3	8.183281480E-3	8.185063090E-3	8.183720670E-3	8.180722650E-3	8.184631770E-3	8.194902820E-3	8.195272350E-3	8.190986440E-3	8.184775950E-3	8.188339160E-3	8.185488350E-3	8.183569830E-3	8.183088230E-3	8.176871080E-3	8.178347380E-3	8.177842760E-3	8.179225760E-3	8.179200320E-3	8.178725850E-3	8.182731290E-3	8.185267710E-3	8.178388430E-3	8.175752660E-3	8.175022690E-3	8.181394330E-3
7.848758370E-3	7.845262400E-3	7.846114130E-3	7.846443670E-3	7.824441480E-3	7.846118970E-3	7.852316140E-3	7.844088990E-3	7.839397200E-3	7.839603770E-3	7.840580900E-3	7.840319200E-3	7.840945740E-3	7.839367510E-3	7.838194710E-3	7.835099760E-3	7.833379340E-3	7.840433090E-3	7.843331760E-3	7.839426270E-3	7.830285600E-3	7.841515620E-3	7.845032800E-3	7.842389770E-3	7.842313440E-3	7.841047350E-3	7.841906960E-3	7.844122920E-3	7.839866070E-3	7.843188190E-3
7.543287800E-3	7.541426830E-3	7.539062460E-3	7.538764410E-3	7.538269490E-3	7.543300520E-3	7.533459570E-3	7.542527540E-3	7.542260390E-3	7.541335360E-3	7.539084870E-3	7.533517720E-3	7.525978130E-3	7.533143950E-3	7.534954640E-3	7.537666130E-3	7.524799890E-3	7.538230720E-3	7.539875420E-3	7.538695350E-3	7.541058520E-3	7.540952510E-3	7.540380650E-3	7.541051250E-3	7.539904500E-3	7.540551480E-3	7.546025340E-3	7.546192540E-3	7.539522250E-3	7.532273440E-3
7.266608610E-3	7.261119600E-3	7.261306180E-3	7.261887130E-3	7.261403110E-3	7.264098240E-3	7.260090980E-3	7.261863500E-3	7.262989050E-3	7.262624370E-3	7.261966490E-3	7.261887730E-3	7.261166850E-3	7.260140650E-3	7.261120180E-3	7.262359010E-3	7.262476540E-3	7.261173490E-3	7.259879540E-3	7.258870910E-3	7.266093670E-3	7.256114590E-3	7.260670690E-3	7.255475480E-3	7.259542720E-3	7.258640710E-3	7.260550750E-3	7.267251330E-3	7.264192120E-3	7.262505010E-3
7.017120460E-3	7.007615710E-3	7.013993410E-3	7.017339150E-3	7.015865280E-3	7.016349300E-3	7.008395960E-3	7.021112580E-3	7.020813930E-3	7.022385940E-3	7.019131060E-3	7.020188150E-3	7.019715640E-3	7.023895550E-3	7.019662940E-3	7.017352480E-3	7.016636440E-3	7.016310530E-3	7.015917380E-3	7.017173770E-3	7.015177720E-3	7.015863460E-3	7.013943130E-3	7.012354760E-3	7.015452740E-3	7.012706120E-3	7.013839540E-3	7.011812590E-3	7.011301300E-3	7.012526800E-3
6.779766430E-3	6.767972400E-3	6.774215620E-3	6.777276050E-3	6.778463390E-3	6.779644060E-3	6.780289220E-3	6.783811860E-3	6.788379480E-3	6.788331630E-3	6.788985270E-3	6.794832910E-3	6.792198960E-3	6.791446570E-3	6.784847150E-3	6.777649210E-3	6.775358740E-3	6.773629830E-3	6.773706760E-3	6.774093860E-3	6.772463690E-3	6.774351920E-3	6.773667990E-3	6.775886980E-3	6.775270290E-3	6.775325420E-3	6.773833370E-3	6.771865780E-3	6.771561680E-3	6.771978460E-3
6.566297990E-3	6.563382960E-3	6.561881220E-3	6.565468670E-3	6.564329190E-3	6.566660850E-3	6.562264680E-3	6.563212740E-3	6.563428390E-3	6.564595740E-3	6.569120340E-3	6.565355390E-3	6.564825940E-3	6.563641630E-3	6.564709450E-3	6.565858620E-3	6.561927080E-3	6.562446240E-3	6.563091400E-3	6.562580730E-3	6.563800170E-3	6.561398240E-3	6.562656450E-3	6.562878770E-3	6.563092010E-3	6.563313720E-3	6.561345530E-3	6.562323870E-3	6.563771090E-3	6.561448520E-3
6.359894750E-3	6.360573230E-3	6.361053010E-3	6.360027410E-3	6.354386350E-3	6.363912310E-3	6.361900500E-3	6.361085110E-3	6.359385280E-3	6.353763000E-3	6.362460240E-3	6.361597000E-3	6.362665000E-3	6.362130700E-3	6.364462360E-3	6.361137820E-3	6.361122070E-3	6.359351360E-3	6.361573380E-3	6.359599120E-3	6.361193550E-3	6.361148720E-3	6.362608060E-3	6.361871420E-3	6.360773130E-3	6.363619710E-3	6.365733900E-3	6.355460410E-3	6.352018340E-3	6.352545370E-3
6.167003240E-3	6.167028680E-3	6.166559200E-3	6.165645070E-3	6.167661120E-3	6.168621290E-3	6.167211630E-3	6.167541780E-3	6.168871480E-3	6.168108710E-3	6.171695550E-3	6.172037220E-3	6.173190020E-3	6.172016010E-3	6.172519420E-3	6.172595140E-3	6.171379340E-3	6.169971490E-3	6.173476560E-3	6.171785210E-3	6.169939990E-3	6.168262580E-3	6.170384640E-3	6.171586510E-3	6.169665570E-3	6.173970270E-3	6.175582270E-3	6.172406140E-3	6.170456730E-3	6.166116890E-3
5.992528610E-3	5.986478020E-3	5.986662790E-3	5.987381250E-3	5.987316430E-3	5.987588430E-3	5.984472270E-3	5.985596000E-3	5.985577220E-3	5.984514670E-3	5.985385180E-3	5.979410320E-3	5.989027770E-3	5.993456670E-3	5.992649760E-3	5.992461970E-3	5.991254030E-3	5.989557830E-3	5.991440010E-3	5.990473780E-3	5.990615540E-3	5.994450760E-3	5.990634920E-3	5.987409110E-3	5.986106670E-3	5.989811050E-3	5.986795450E-3	5.982771220E-3	5.983775010E-3	5.983679290E-3
5.829113100E-3	5.819484170E-3	5.817841280E-3	5.819718610E-3	5.820294710E-3	5.820229890E-3	5.815656220E-3	5.815326070E-3	5.816319560E-3	5.820506730E-3	5.820473410E-3	5.820676960E-3	5.821147050E-3	5.823033460E-3	5.827209730E-3	5.824716930E-3	5.826784470E-3	5.827297570E-3	5.824292270E-3	5.826928040E-3	5.823766450E-3	5.829764920E-3	5.828261370E-3	5.824258350E-3	5.818024230E-3	5.818471900E-3	5.815171600E-3	5.815917920E-3	5.813316080E-3	5.814033930E-3
5.659356400E-3	5.658052140E-3	5.658691850E-3	5.659092880E-3	5.659866470E-3	5.655988840E-3	5.660223880E-3	5.658761520E-3	5.660473460E-3	5.657487550E-3	5.662183590E-3	5.662974750E-3	5.663783470E-3	5.661149520E-3	5.660614010E-3	5.662785740E-3	5.661364570E-3	5.657998830E-3	5.659074710E-3	5.662398040E-3	5.653979450E-3	5.653264630E-3	5.644873300E-3	5.651103790E-3	5.658287790E-3	5.646138780E-3	5.649879500E-3	5.654012160E-3	5.655335800E-3	5.659495120E-3
5.506620850E-3	5.503302360E-3	5.502476070E-3	5.502181060E-3	5.497169400E-3	5.503713080E-3	5.503706420E-3	5.501143950E-3	5.498463960E-3	5.498092010E-3	5.503068530E-3	5.496191060E-3	5.499250270E-3	5.500347950E-3	5.500363100E-3	5.508172870E-3	5.505363850E-3	5.505771540E-3	5.504257080E-3	5.504069290E-3	5.503726410E-3	5.502511810E-3	5.501305090E-3	5.499893610E-3	5.500895100E-3	5.501918870E-3	5.505186470E-3	5.504123930E-3	5.502206620E-3	5.502021860E-3
5.351473540E-3	5.348649980E-3	5.348606360E-3	5.350879870E-3	5.347674660E-3	5.351353590E-3	5.345328460E-3	5.350530330E-3	5.347911530E-3	5.346962870E-3	5.348814750E-3	5.348703290E-3	5.346802940E-3	5.347600150E-3	5.347515950E-3	5.339861250E-3	5.347828530E-3	5.350942270E-3	5.351647400E-3	5.350065700E-3	5.350189880E-3	5.349909400E-3	5.347295440E-3	5.348397970E-3	5.348278030E-3	5.346422510E-3	5.344508230E-3	5.341878520E-3	5.344450070E-3	5.347284540E-3
5.205293980E-3	5.203811020E-3	5.202541300E-3	5.202014870E-3	5.201542360E-3	5.203267630E-3	5.194693980E-3	5.195401530E-3	5.197673830E-3	5.191706860E-3	5.196320510E-3	5.202306260E-3	5.200821480E-3	5.201474520E-3	5.204949900E-3	5.200912350E-3	5.198498300E-3	5.202201460E-3	5.200447710E-3	5.201549030E-3	5.202712740E-3	5.203906130E-3	5.203984880E-3	5.202126940E-3	5.204192060E-3	5.198989590E-3	5.201715620E-3	5.202595220E-3	5.203257940E-3	5.203751050E-3
5.055541240E-3	5.054281810E-3	5.055359500E-3	5.054642860E-3	5.053623930E-3	5.055134760E-3	5.054281210E-3	5.054555630E-3	5.055005120E-3	5.054826410E-3	5.055295290E-3	5.048189440E-3	5.047593950E-3	5.045747520E-3	5.052684360E-3	5.052532910E-3	5.046147940E-3	5.047885330E-3	5.048144000E-3	5.045161120E-3	5.053434320E-3	5.048963020E-3	5.045835960E-3	5.044931530E-3	5.049700870E-3	5.053941360E-3	5.053236830E-3	5.053672390E-3	5.052328760E-3	5.055033090E-3
4.909823560E-3	4.904341210E-3	4.906024690E-3	4.909214750E-3	4.913438880E-3	4.912326660E-3	4.914920630E-3	4.914684980E-3	4.913248060E-3	4.916215800E-3	4.914382700E-3	4.914600170E-3	4.915551860E-3	4.912707700E-3	4.911364680E-3	4.911880810E-3	4.913864750E-3	4.908937300E-3	4.910402690E-3	4.906701950E-3	4.905066940E-3	4.904468430E-3	4.904787680E-3	4.904973650E-3	4.903955930E-3	4.904982130E-3	4.904543540E-3	4.905409820E-3	4.904603520E-3	4.904539300E-3
4.764857280E-3	4.764754300E-3	4.764383560E-3	4.765469730E-3	4.767408850E-3	4.765268000E-3	4.765719310E-3	4.764191520E-3	4.762389320E-3	4.766580130E-3	4.763677820E-3	4.762268760E-3	4.763050830E-3	4.762987830E-3	4.763579680E-3	4.768522880E-3	4.763684480E-3	4.761381290E-3	4.764808210E-3	4.764776710E-3	4.763032050E-3	4.758474130E-3	4.758652230E-3	4.757924080E-3	4.757833820E-3	4.757974360E-3	4.757106270E-3	4.756891210E-3	4.757935590E-3	4.755855320E-3
4.622088910E-3	4.619573090E-3	4.617942310E-3	4.618436630E-3	4.617908390E-3	4.615651240E-3	4.613523720E-3	4.611398630E-3	4.615888700E-3	4.614628610E-3	4.621068100E-3	4.619657830E-3	4.619848050E-3	4.621154120E-3	4.620571360E-3	4.620269680E-3	4.620585900E-3	4.620478670E-3	4.620077640E-3	4.621035990E-3	4.622707960E-3	4.619365850E-3	4.620815490E-3	4.619946790E-3	4.619233180E-3	4.619218040E-3	4.620115810E-3	4.620395680E-3	4.620221210E-3	4.617997380E-3
4.475727810E-3	4.475407960E-3	4.475178970E-3	4.475420070E-3	4.470964530E-3	4.477474890E-3	4.471487930E-3	4.478783390E-3	4.479198960E-3	4.479174720E-3	4.479186840E-3	4.479420070E-3	4.479455200E-3	4.477691160E-3	4.479589690E-3	4.481488820E-3	4.480581360E-3	4.482017670E-3	4.482386590E-3	4.478584690E-3	4.478051000E-3	4.476534720E-3	4.476416590E-3	4.475820500E-3	4.477755980E-3	4.476571060E-3	4.474732510E-3	4.472928480E-3	4.471919850E-3	4.473192610E-3
4.349566260E-3	4.343458740E-3	4.343911260E-3	4.343618670E-3	4.348297750E-3	4.351876120E-3	4.345199160E-3	4.345827960E-3	4.345385740E-3	4.344147520E-3	4.344640630E-3	4.340235970E-3	4.339799800E-3	4.347827050E-3	4.351790700E-3	4.349062850E-3	4.350222320E-3	4.349577160E-3	4.350872330E-3	4.350188400E-3	4.350391340E-3	4.350233830E-3	4.349676510E-3	4.349771620E-3	4.351270330E-3	4.351918520E-3	4.349004700E-3	4.349153720E-3	4.348664850E-3	4.346596100E-3
4.240696290E-3	4.238806840E-3	4.238221650E-3	4.238388850E-3	4.238349470E-3	4.240548470E-3	4.239993580E-3	4.239436250E-3	4.240387940E-3	4.236132910E-3	4.239506520E-3	4.239087930E-3	4.236536970E-3	4.231838500E-3	4.238039210E-3	4.243346480E-3	4.241758720E-3	4.240803400E-3	4.242784310E-3	4.242706770E-3	4.242618330E-3	4.243296810E-3	4.244424780E-3	4.243378590E-3	4.242417210E-3	4.241941670E-3	4.241934400E-3	4.241424330E-3	4.240771900E-3	4.241475820E-3
4.143926000E-3	4.141917210E-3	4.142373370E-3	4.142632650E-3	4.141829380E-3	4.144710490E-3	4.142442430E-3	4.142959160E-3	4.142767740E-3	4.143224500E-3	4.146258270E-3	4.144916450E-3	4.144800140E-3	4.144196780E-3	4.142034740E-3	4.139877540E-3	4.135789100E-3	4.139222690E-3	4.139329300E-3	4.144549350E-3	4.145015200E-3	4.145013980E-3	4.145218130E-3	4.144510580E-3	4.144884350E-3	4.144660210E-3	4.144817100E-3	4.144632340E-3	4.144350040E-3	4.147429850E-3
4.063138840E-3	4.061193660E-3	4.061314820E-3	4.061359650E-3	4.061672840E-3	4.063037070E-3	4.061706760E-3	4.061159740E-3	4.061810960E-3	4.060812630E-3	4.062588790E-3	4.055639830E-3	4.057329970E-3	4.057709190E-3	4.058188970E-3	4.061186390E-3	4.060355860E-3	4.060206840E-3	4.060586670E-3	4.061198510E-3	4.061571670E-3	4.060297100E-3	4.056280140E-3	4.057352990E-3	4.056076600E-3	4.059719180E-3	4.059357530E-3	4.057382070E-3	4.059880320E-3	4.059449610E-3
3.988857930E-3	3.986162800E-3	3.986366340E-3	3.978866730E-3	3.987202930E-3	3.987179310E-3	3.985742380E-3	3.984556860E-3	3.988084350E-3	3.987548830E-3	3.988590780E-3	3.981732090E-3	3.987031490E-3	3.986920640E-3	3.987603960E-3	3.986380280E-3	3.986955770E-3	3.987076320E-3	3.987362860E-3	3.986511730E-3	3.989831430E-3	3.990039210E-3	3.989369820E-3	3.989402540E-3	3.988550200E-3	3.988870660E-3	3.988608350E-3	3.989132960E-3	3.989645450E-3	3.988756160E-3
3.917502740E-3	3.916964190E-3	3.916114880E-3	3.916789730E-3	3.917944960E-3	3.918587700E-3	3.917716580E-3	3.919361290E-3	3.919219530E-3	3.916781250E-3	3.916492890E-3	3.918134570E-3	3.918240580E-3	3.917890440E-3	3.921722130E-3	3.918429690E-3	3.921308380E-3	3.919287480E-3	3.920302780E-3	3.919608550E-3	3.917379870E-3	3.917947490E-3	3.918919770E-3	3.916946730E-3	3.917985040E-3	3.911499510E-3	3.911025180E-3	3.913921440E-3	3.908107120E-3	3.914746520E-3
3.854127310E-3	3.853714770E-3	3.850548340E-3	3.849950430E-3	3.851900450E-3	3.853866220E-3	3.857812900E-3	3.858518630E-3	3.858255720E-3	3.859053540E-3	3.857868630E-3	3.857674170E-3	3.857749290E-3	3.857829250E-3	3.857092010E-3	3.853419750E-3	3.852881820E-3	3.853130190E-3	3.856984180E-3	3.853431260E-3	3.854199400E-3	3.853139280E-3	3.857609350E-3	3.854421110E-3	3.853399760E-3	3.853528800E-3	3.851827150E-3	3.851624820E-3	3.850942100E-3	3.850330260E-3
3.796693890E-3	3.795429620E-3	3.796493370E-3	3.795862750E-3	3.795515640E-3	3.795847000E-3	3.794582730E-3	3.789832170E-3	3.792229260E-3	3.794685110E-3	3.798032670E-3	3.799442330E-3	3.799370240E-3	3.798334350E-3	3.797833370E-3	3.797641940E-3	3.796630280E-3	3.796673900E-3	3.796257120E-3	3.796407960E-3	3.797341470E-3	3.793464450E-3	3.792236530E-3	3.792696320E-3	3.793078570E-3	3.796617560E-3	3.796712060E-3	3.794188360E-3	3.793378430E-3	3.791764620E-3
3.741021510E-3	3.739297440E-3	3.734982430E-3	3.742121010E-3	3.743748150E-3	3.743929280E-3	3.743784500E-3	3.743149640E-3	3.743852350E-3	3.743804360E-3	3.743156170E-3	3.742034860E-3	3.742868420E-3	3.742556440E-3	3.741161310E-3	3.739831010E-3	3.740767550E-3	3.740118760E-3	3.739317300E-3	3.739420280E-3	3.739992750E-3	3.745487240E-3	3.743277330E-3	3.741055300E-3	3.741020770E-3	3.742592790E-3	3.738368640E-3	3.738096040E-3	3.737635640E-3	3.738228700E-3
3.690237520E-3	3.689633550E-3	3.689459090E-3	3.688879960E-3	3.686255090E-3	3.690845120E-3	3.686190880E-3	3.690062450E-3	3.689525720E-3	3.687856180E-3	3.690211470E-3	3.689732900E-3	3.690729420E-3	3.692244490E-3	3.691758040E-3	3.691546620E-3	3.693950980E-3	3.693948560E-3	3.694041250E-3	3.692965370E-3	3.694130300E-3	3.694667020E-3	3.693466360E-3	3.692931450E-3	3.692453480E-3	3.693016860E-3	3.694234490E-3	3.694935380E-3	3.693700790E-3	3.692973260E-3
3.645947710E-3	3.639205940E-3	3.644061300E-3	3.638841260E-3	3.642989670E-3	3.647141100E-3	3.647388870E-3	3.646828520E-3	3.647302240E-3	3.647311330E-3	3.646716450E-3	3.647033880E-3	3.647837750E-3	3.647366450E-3	3.647434910E-3	3.647623300E-3	3.647236810E-3	3.647215610E-3	3.647542130E-3	3.646888490E-3	3.645850180E-3	3.646716450E-3	3.646102790E-3	3.646751580E-3	3.646333590E-3	3.645600590E-3	3.648052810E-3	3.647231360E-3	3.647441570E-3	3.644106730E-3
3.602373460E-3	3.601891250E-3	3.601312730E-3	3.601139470E-3	3.601055270E-3	3.601478710E-3	3.600516730E-3	3.600958340E-3	3.601032250E-3	3.601148560E-3	3.601582910E-3	3.598143870E-3	3.597708310E-3	3.600101160E-3	3.594901700E-3	3.597921540E-3	3.599849150E-3	3.598824160E-3	3.602016650E-3	3.604129020E-3	3.597430860E-3	3.601075260E-3	3.602835670E-3	3.604508240E-3	3.604616070E-3	3.603079200E-3	3.603475980E-3	3.603400870E-3	3.603895190E-3	3.603022860E-3
3.561077130E-3	3.559711090E-3	3.559734710E-3	3.555019280E-3	3.556796050E-3	3.562163910E-3	3.563223430E-3	3.563189510E-3	3.563382150E-3	3.563779540E-3	3.563571760E-3	3.564201780E-3	3.564055180E-3	3.562545560E-3	3.562802880E-3	3.560828630E-3	3.563879360E-3	3.561527710E-3	3.561178170E-3	3.561743370E-3	3.561173320E-3	3.559589800E-3	3.559562540E-3	3.558881030E-3	3.559094870E-3	3.559138490E-3	3.559615240E-3	3.559617670E-3	3.558665980E-3	3.558646590E-3
3.522319090E-3	3.521380120E-3	3.521326200E-3	3.520164910E-3	3.520073440E-3	3.522114330E-3	3.521087530E-3	3.520602290E-3	3.520537470E-3	3.519985000E-3	3.520894280E-3	3.519507640E-3	3.520696190E-3	3.518568070E-3	3.519858390E-3	3.520428430E-3	3.521739350E-3	3.523657260E-3	3.523262290E-3	3.523832940E-3	3.522984240E-3	3.523237460E-3	3.524021340E-3	3.523623950E-3	3.523334380E-3	3.524253360E-3	3.526882460E-3	3.521907150E-3	3.522603800E-3	3.521483710E-3
3.484504410E-3	3.482644040E-3	3.482809420E-3	3.482647070E-3	3.483085660E-3	3.484234230E-3	3.483172290E-3	3.483241350E-3	3.479060830E-3	3.481411880E-3	3.484263910E-3	3.483224380E-3	3.481442770E-3	3.484770950E-3	3.485050220E-3	3.485763230E-3	3.485055670E-3	3.487142600E-3	3.486787610E-3	3.486461090E-3	3.486230290E-3	3.486438680E-3	3.486190310E-3	3.486407180E-3	3.486559230E-3	3.484489260E-3	3.485029620E-3	3.487638130E-3	3.485531820E-3	3.484852730E-3
3.446722350E-3	3.445680400E-3	3.445991770E-3	3.446296480E-3	3.446552730E-3	3.446529710E-3	3.444589380E-3	3.445569540E-3	3.445031000E-3	3.446924070E-3	3.444335550E-3	3.445266040E-3	3.449787620E-3	3.448806240E-3	3.450521830E-3	3.450378860E-3	3.450066880E-3	3.449771870E-3	3.449227870E-3	3.449507070E-3	3.451746660E-3	3.448377890E-3	3.448258550E-3	3.449881440E-3	3.449949290E-3	3.448569310E-3	3.449270210E-3	3.449833590E-3	3.449981400E-3	3.449799060E-3
3.414829610E-3	3.414366190E-3	3.414332260E-3	3.414779330E-3	3.415449940E-3	3.414791450E-3	3.413784030E-3	3.414397690E-3	3.411218530E-3	3.411247000E-3	3.415160370E-3	3.408082990E-3	3.415207620E-3	3.414231100E-3	3.414133570E-3	3.416496730E-3	3.416828100E-3	3.417069810E-3	3.416583970E-3	3.417615010E-3	3.417844600E-3	3.417418740E-3	3.418020890E-3	3.415331200E-3	3.417181880E-3	3.416267750E-3	3.413593210E-3	3.413752530E-3	3.413246700E-3	3.413118880E-3
3.378013400E-3	3.376114270E-3	3.372724300E-3	3.376680680E-3	3.378772450E-3	3.377470010E-3	3.377434880E-3	3.379111690E-3	3.378305390E-3	3.378797900E-3	3.377436090E-3	3.377267680E-3	3.376561340E-3	3.378634330E-3	3.378800320E-3	3.380177270E-3	3.379018400E-3	3.379435790E-3	3.379008100E-3	3.379715660E-3	3.379326750E-3	3.380002200E-3	3.379757460E-3	3.380591620E-3	3.380990840E-3	3.376557700E-3	3.379587840E-3	3.380550430E-3	3.375392780E-3	3.374531350E-3
3.342727270E-3	3.341937330E-3	3.341892500E-3	3.341930060E-3	3.342225680E-3	3.341920370E-3	3.341707130E-3	3.341937930E-3	3.341422410E-3	3.340950470E-3	3.342303190E-3	3.341661060E-3	3.341536270E-3	3.341389060E-3	3.341279410E-3	3.342608500E-3	3.342063900E-3	3.341645910E-3	3.342076020E-3	3.341080110E-3	3.341820980E-3	3.339435410E-3	3.339806150E-3	3.339370590E-3	3.338405570E-3	3.342454640E-3	3.339059820E-3	3.339691050E-3	3.339912160E-3	3.343759500E-3
3.314284340E-3	3.312663860E-3	3.312737160E-3	3.312097450E-3	3.311961760E-3	3.312447600E-3	3.308660230E-3	3.308089580E-3	3.308191950E-3	3.312076250E-3	3.310920410E-3	3.311689160E-3	3.310423670E-3	3.311343250E-3	3.314403080E-3	3.314601770E-3	3.315803650E-3	3.314893760E-3	3.315613440E-3	3.315266930E-3	3.318160770E-3	3.318126840E-3	3.318494550E-3	3.317528320E-3	3.315347500E-3	3.317695520E-3	3.317616770E-3	3.315548620E-3	3.315429280E-3	3.313844540E-3
3.280839770E-3	3.279234440E-3	3.279691200E-3	3.280739810E-3	3.279832350E-3	3.279941990E-3	3.279577920E-3	3.279691800E-3	3.280721640E-3	3.279585190E-3	3.280097680E-3	3.279769340E-3	3.279634250E-3	3.280074050E-3	3.279179920E-3	3.280036500E-3	3.279945020E-3	3.279482810E-3	3.279073300E-3	3.279778430E-3	3.280454490E-3	3.277300770E-3	3.276441770E-3	3.277842340E-3	3.280639860E-3	3.277434040E-3	3.280624710E-3	3.280985760E-3	3.282613500E-3	3.283196870E-3
3.250321170E-3	3.250020100E-3	3.249593020E-3	3.250375690E-3	3.249956490E-3	3.250003140E-3	3.249193200E-3	3.248897580E-3	3.249110820E-3	3.249339200E-3	3.249979510E-3	3.249331320E-3	3.249107180E-3	3.249036300E-3	3.249248930E-3	3.249893490E-3	3.248622550E-3	3.248262110E-3	3.248813980E-3	3.248834850E-3	3.248109120E-3	3.252346590E-3	3.251883770E-3	3.250707940E-3	3.249415800E-3	3.251020520E-3	3.251325840E-3	3.251334320E-3	3.251028400E-3	3.250625550E-3
3.219495570E-3	3.217931430E-3	3.217767870E-3	3.217176620E-3	3.217475270E-3	3.218186460E-3	3.217022750E-3	3.217109380E-3	3.216854340E-3	3.216344880E-3	3.217629140E-3	3.216289150E-3	3.216198280E-3	3.213177230E-3	3.216317620E-3	3.216761050E-3	3.212664740E-3	3.216668970E-3	3.216355180E-3	3.213329280E-3	3.216825270E-3	3.216387890E-3	3.216089840E-3	3.215826930E-3	3.216687150E-3	3.217525550E-3	3.216758630E-3	3.214138000E-3	3.216766500E-3	3.216715630E-3
3.187314330E-3	3.186903610E-3	3.186122150E-3	3.186793960E-3	3.187337960E-3	3.187728080E-3	3.187465780E-3	3.186939960E-3	3.184905130E-3	3.184386580E-3	3.188029760E-3	3.185493950E-3	3.186442000E-3	3.184439280E-3	3.188040060E-3	3.187997660E-3	3.187283440E-3	3.186849690E-3	3.189175910E-3	3.189898000E-3	3.189601170E-3	3.189713240E-3	3.189414580E-3	3.190649780E-3	3.191405190E-3	3.191055650E-3	3.191317350E-3	3.191353700E-3	3.189621160E-3	3.187488800E-3
3.157415880E-3	3.156079520E-3	3.156899150E-3	3.157332280E-3	3.154857050E-3	3.157825390E-3	3.157001530E-3	3.154681370E-3	3.153084520E-3	3.152280650E-3	3.159265950E-3	3.156782840E-3	3.156292150E-3	3.155255050E-3	3.156595650E-3	3.155260500E-3	3.151641550E-3	3.155083010E-3	3.151998960E-3	3.158141320E-3	3.159232340E-3	3.159282620E-3	3.159901130E-3	3.160897040E-3	3.159211140E-3	3.158701070E-3	3.157429520E-3	3.156866750E-3	3.156904310E-3	3.156141630E-3
3.129809000E-3	3.129549120E-3	3.128704660E-3	3.128797340E-3	3.128401160E-3	3.129269850E-3	3.128678610E-3	3.129163240E-3	3.129430990E-3	3.128940910E-3	3.130189430E-3	3.126073740E-3	3.125938040E-3	3.128256380E-3	3.126419640E-3	3.131326490E-3	3.130765540E-3	3.130213060E-3	3.130293630E-3	3.129698750E-3	3.128597430E-3	3.125772660E-3	3.127756610E-3	3.124278190E-3	3.123641510E-3	3.125455230E-3	3.129990130E-3	3.130108870E-3	3.130414180E-3	3.130005280E-3
3.099686230E-3	3.098871460E-3	3.098116650E-3	3.097858580E-3	3.098706080E-3	3.100224780E-3	3.098389860E-3	3.098066970E-3	3.099881900E-3	3.094795130E-3	3.098057280E-3	3.095079250E-3	3.094735160E-3	3.095909780E-3	3.095539640E-3	3.100829960E-3	3.100424690E-3	3.100184800E-3	3.100483450E-3	3.101107400E-3	3.100871750E-3	3.100481020E-3	3.099565680E-3	3.100033960E-3	3.100442860E-3	3.098263850E-3	3.097406670E-3	3.097972470E-3	3.097150420E-3	3.100369560E-3
3.068939160E-3	3.067730620E-3	3.068526020E-3	3.068393350E-3	3.068403650E-3	3.069518900E-3	3.065730920E-3	3.065893880E-3	3.068269770E-3	3.065165380E-3	3.072002270E-3	3.071550960E-3	3.072211870E-3	3.071792060E-3	3.072290020E-3	3.070891260E-3	3.074591400E-3	3.074403000E-3	3.074352110E-3	3.071521880E-3	3.073157500E-3	3.072038620E-3	3.071582460E-3	3.071993180E-3	3.071839920E-3	3.071353470E-3	3.071580040E-3	3.071928360E-3	3.071609720E-3	3.071390430E-3
3.044383250E-3	3.041940120E-3	3.041985560E-3	3.041825020E-3	3.041512440E-3	3.041940120E-3	3.038370840E-3	3.039089300E-3	3.041325860E-3	3.041811700E-3	3.039263760E-3	3.041691140E-3	3.040840020E-3	3.040314800E-3	3.039470340E-3	3.040777620E-3	3.039045080E-3	3.039301320E-3	3.039171080E-3	3.044024020E-3	3.039090510E-3	3.043498810E-3	3.043152300E-3	3.043057190E-3	3.044303900E-3	3.044130040E-3	3.039692050E-3	3.039975560E-3	3.039891360E-3	3.044171830E-3
3.016447410E-3	3.015051680E-3	3.015127410E-3	3.015266740E-3	3.015757450E-3	3.016752140E-3	3.015722310E-3	3.015523010E-3	3.014856040E-3	3.015003240E-3	3.015062610E-3	3.014770020E-3	3.014357480E-3	3.014692480E-3	3.014215120E-3	3.014855430E-3	3.014690660E-3	3.014795460E-3	3.014720950E-3	3.014525890E-3	3.015098960E-3	3.014428360E-3	3.014707620E-3	3.015321280E-3	3.015238890E-3	3.015535120E-3	3.015409730E-3	3.015630840E-3	3.012336580E-3	3.012008850E-3
2.988827160E-3	2.987613170E-3	2.986776580E-3	2.987229710E-3	2.987446580E-3	2.988614530E-3	2.988560620E-3	2.987837910E-3	2.986868660E-3	2.987279990E-3	2.989134290E-3	2.985073110E-3	2.984555770E-3	2.986067810E-3	2.989307550E-3	2.988492160E-3	2.985379030E-3	2.987955440E-3	2.988657540E-3	2.988265410E-3	2.989200750E-3	2.988891190E-3	2.989451540E-3	2.989893160E-3	2.987695970E-3	2.986630400E-3	2.986921180E-3	2.988552550E-3	2.987143500E-3	2.986128200E-3
2.963887560E-3	2.963089130E-3	2.963121850E-3	2.963077620E-3	2.963402930E-3	2.963662810E-3	2.963254510E-3	2.962683860E-3	2.960535750E-3	2.963037040E-3	2.964528480E-3	2.965075500E-3	2.966527560E-3	2.966848630E-3	2.965979940E-3	2.965575880E-3	2.964650240E-3	2.965654020E-3	2.963614950E-3	2.964944650E-3	2.962572400E-3	2.962560890E-3	2.961760650E-3	2.961916940E-3	2.961683110E-3	2.962140480E-3	2.961499560E-3	2.961707340E-3	2.961525610E-3	2.961655240E-3
