[Main]
Experiment = "IvsV"
Header length = 32    
Date = "20201102 16:21:36"
Comments = ""

[System]
System = "PPMS"
Magnet stability range (G) = 5.000000E+1
Magnet check interval (s) = 1.000000E+0
Magnet approach mode = "Linear Approach"
Magnet mode = "Persistent"
Temperature stability time (s) = 1.000000E+0
Temperature approach mode = "Fast Settle"

[Dynamic Voltage]
Voltage source = "Keithley 6430"
GPIB = "GPIB0::9::INSTR"
Initial Voltage (V) = -10.000000E+0
Final Voltage (V) = 10.000000E+0
Voltage step (V) = 100.000000E-3
Number of measurement sequences = 1.000000E+0
Samples/sequence = 30.000000E+0
Pre-measuement delay (s) = 1.000000E+0
Current limit (A) = 100.000000E-9
Auto-range = 1
Manual range (V) = 10.000000E+0
Measurement Type = "Static"
Pattern = "Linear"
Check compliance = 0
Measurement Speed = 1.000000
Time (s)	Voltage 1 (V)	Current (A)	STD_Current (A)	Resistance 1 (Ohms)	STD_Resistance 1 (Ohms)
0.000000000E+0	-10.000000000E+0	-1.325081967E-9	34.281239737E-12	7.546702960E+9	195.241003878E+6
3.087234974E+0	-9.899999619E+0	-1.260096200E-9	12.653363828E-12	7.856542714E+9	78.892146001E+6
6.078897476E+0	-9.800000191E+0	-1.233375067E-9	20.414140674E-12	7.945677236E+9	131.512446804E+6
9.059601784E+0	-9.699999809E+0	-1.206875933E-9	19.231193789E-12	8.037280006E+9	128.071564832E+6
12.045999050E+0	-9.600000381E+0	-1.202587600E-9	21.826956670E-12	7.982786769E+9	144.887524958E+6
15.023383141E+0	-9.500000000E+0	-1.175496033E-9	17.682434525E-12	8.081694647E+9	121.569135403E+6
18.023389339E+0	-9.399999619E+0	-1.172829767E-9	20.257898844E-12	8.014803073E+9	138.437030275E+6
21.010070324E+0	-9.300000191E+0	-1.154066700E-9	19.276306293E-12	8.058459871E+9	134.599967858E+6
23.993288040E+0	-9.199999809E+0	-1.136218267E-9	16.929317352E-12	8.097035648E+9	120.643445117E+6
26.978700638E+0	-9.100000381E+0	-1.132805833E-9	18.040428854E-12	8.033151061E+9	127.931447667E+6
29.969143867E+0	-9.000000000E+0	-1.122484100E-9	15.398020760E-12	8.017930944E+9	109.988432920E+6
32.939198971E+0	-8.899999619E+0	-1.104199300E-9	19.054036991E-12	8.060138798E+9	139.085564363E+6
35.943336010E+0	-8.800000191E+0	-1.083465567E-9	11.013529519E-12	8.122085705E+9	82.561766074E+6
38.928003311E+0	-8.699999809E+0	-1.086954333E-9	14.509755264E-12	8.004015939E+9	106.845622530E+6
41.911259174E+0	-8.600000381E+0	-1.060768400E-9	13.845518799E-12	8.107330857E+9	105.819707475E+6
44.895025730E+0	-8.500000000E+0	-1.064673867E-9	12.227291957E-12	7.983665483E+9	91.688743196E+6
47.878098965E+0	-8.399999619E+0	-1.050123967E-9	15.995079009E-12	7.999055240E+9	121.838492054E+6
50.853901386E+0	-8.300000191E+0	-1.041063133E-9	12.981366417E-12	7.972619455E+9	99.413273926E+6
53.839472771E+0	-8.199999809E+0	-1.016505180E-9	16.419352079E-12	8.066854917E+9	130.301875142E+6
56.822260857E+0	-8.100000381E+0	-1.008416817E-9	19.578129036E-12	8.032393201E+9	155.946656131E+6
59.805643082E+0	-8.000000000E+0	-994.927483333E-12	16.345908618E-12	8.040787026E+9	132.104070043E+6
62.807424068E+0	-7.900000095E+0	-993.421843333E-12	14.804804106E-12	7.952311647E+9	118.512006678E+6
65.795020580E+0	-7.800000191E+0	-982.128663333E-12	15.514549464E-12	7.941933152E+9	125.457609906E+6
68.778759956E+0	-7.699999809E+0	-970.682466667E-12	19.285554033E-12	7.932562989E+9	157.604445741E+6
71.759883881E+0	-7.599999905E+0	-944.247563333E-12	16.316445104E-12	8.048736581E+9	139.080865739E+6
74.747919083E+0	-7.500000000E+0	-945.685496667E-12	20.942847088E-12	7.930755020E+9	175.631951912E+6
77.730813503E+0	-7.400000095E+0	-922.320150000E-12	21.922896140E-12	8.023244527E+9	190.706834783E+6
80.712678432E+0	-7.300000191E+0	-914.755116667E-12	23.582601511E-12	7.980278063E+9	205.733440657E+6
83.698000908E+0	-7.199999809E+0	-906.679546667E-12	23.642167647E-12	7.941063450E+9	207.067595251E+6
86.679820538E+0	-7.099999905E+0	-895.983546667E-12	23.153047391E-12	7.924252550E+9	204.770049093E+6
89.667903900E+0	-7.000000000E+0	-887.898616667E-12	20.574802550E-12	7.883782978E+9	182.686711150E+6
92.645932674E+0	-6.900000095E+0	-867.578993333E-12	25.615784065E-12	7.953166396E+9	234.821952340E+6
95.626036644E+0	-6.800000191E+0	-856.093776667E-12	23.132584353E-12	7.943055277E+9	214.629987079E+6
98.609940529E+0	-6.699999809E+0	-846.495216667E-12	23.807872314E-12	7.914988387E+9	222.610865562E+6
101.590980530E+0	-6.599999905E+0	-832.976636667E-12	20.445119254E-12	7.923391382E+9	194.476861151E+6
104.576756001E+0	-6.500000000E+0	-816.839630000E-12	17.030791782E-12	7.957498340E+9	165.910776558E+6
107.561079025E+0	-6.400000095E+0	-814.170950000E-12	15.629227752E-12	7.860757124E+9	150.898976923E+6
110.542159081E+0	-6.300000191E+0	-790.367773333E-12	14.603726158E-12	7.970973012E+9	147.280685027E+6
113.527946949E+0	-6.199999809E+0	-788.813010000E-12	18.255931394E-12	7.859910689E+9	181.906216666E+6
116.516163826E+0	-6.099999905E+0	-777.092286667E-12	17.116880057E-12	7.849775386E+9	172.905671644E+6
119.498424053E+0	-6.000000000E+0	-768.092710000E-12	12.095667500E-12	7.811557019E+9	123.013791339E+6
122.473838329E+0	-5.900000095E+0	-743.611860000E-12	18.101653942E-12	7.934246900E+9	193.142416638E+6
125.458228588E+0	-5.800000191E+0	-737.879350000E-12	17.272015761E-12	7.860363880E+9	183.992584737E+6
128.442037582E+0	-5.699999809E+0	-713.911326667E-12	14.271709343E-12	7.984184585E+9	159.610805267E+6
131.426175117E+0	-5.599999905E+0	-715.935606667E-12	16.293956092E-12	7.821932381E+9	178.019114546E+6
134.411568642E+0	-5.500000000E+0	-693.746690000E-12	17.917261327E-12	7.927965754E+9	204.754035216E+6
137.407300949E+0	-5.400000095E+0	-693.808853333E-12	16.111350344E-12	7.783123651E+9	180.736569302E+6
140.387624741E+0	-5.300000191E+0	-674.444063333E-12	20.067878847E-12	7.858324328E+9	233.822060455E+6
143.373259068E+0	-5.199999809E+0	-655.990416667E-12	20.715526673E-12	7.926944780E+9	250.325053323E+6
146.368779182E+0	-5.099999905E+0	-651.749486667E-12	19.553321928E-12	7.825092323E+9	234.762822889E+6
149.344607353E+0	-5.000000000E+0	-631.784486667E-12	22.363120549E-12	7.914091127E+9	280.133142927E+6
152.325970173E+0	-4.900000095E+0	-614.956540000E-12	20.336062833E-12	7.968042905E+9	263.496053184E+6
155.309711933E+0	-4.800000191E+0	-609.173790000E-12	24.231317502E-12	7.879525136E+9	313.426609085E+6
158.292436123E+0	-4.699999809E+0	-588.229676667E-12	17.973244127E-12	7.990075978E+9	244.135227872E+6
161.276891232E+0	-4.599999905E+0	-584.570173333E-12	27.489234660E-12	7.869029442E+9	370.038716881E+6
164.257270336E+0	-4.500000000E+0	-564.536016667E-12	22.207890240E-12	7.971147752E+9	313.571444749E+6
167.236870289E+0	-4.400000095E+0	-549.993866667E-12	18.393017854E-12	8.000089387E+9	267.540777891E+6
170.217010975E+0	-4.300000191E+0	-542.118476667E-12	20.009591179E-12	7.931845853E+9	292.764404159E+6
173.199504852E+0	-4.199999809E+0	-533.030390000E-12	16.311573694E-12	7.879475332E+9	241.124417972E+6
176.180046558E+0	-4.099999905E+0	-519.192060000E-12	18.307740165E-12	7.896884834E+9	278.459797041E+6
179.162851334E+0	-4.000000000E+0	-496.118576667E-12	17.845276682E-12	8.062588639E+9	290.009549755E+6
182.142595291E+0	-3.900000095E+0	-485.184750000E-12	18.682902477E-12	8.038175345E+9	309.524250446E+6
185.126867771E+0	-3.799999952E+0	-473.715066667E-12	19.129695993E-12	8.021699582E+9	323.934544521E+6
188.115775108E+0	-3.700000048E+0	-459.888956667E-12	21.741115067E-12	8.045420517E+9	380.344886952E+6
191.097655296E+0	-3.599999905E+0	-453.896306667E-12	14.755567384E-12	7.931326719E+9	257.836920298E+6
194.080806255E+0	-3.500000000E+0	-433.656276667E-12	20.908695848E-12	8.070908202E+9	389.138065986E+6
197.057525635E+0	-3.400000095E+0	-428.113666667E-12	18.617874664E-12	7.941816298E+9	345.374959858E+6
200.037252903E+0	-3.299999952E+0	-413.153683333E-12	17.135102799E-12	7.987342448E+9	331.266401480E+6
203.020143986E+0	-3.200000048E+0	-390.731033333E-12	17.777012322E-12	8.189777045E+9	372.608661785E+6
206.002639771E+0	-3.099999905E+0	-380.526846667E-12	18.693057743E-12	8.146599726E+9	400.194783658E+6
208.986635208E+0	-3.000000000E+0	-378.651186667E-12	13.493093101E-12	7.922859100E+9	282.328114178E+6
211.959369659E+0	-2.900000095E+0	-351.449950000E-12	16.032717996E-12	8.251530824E+9	376.424770373E+6
214.943112850E+0	-2.799999952E+0	-346.043406667E-12	20.456816342E-12	8.091470314E+9	478.338032044E+6
217.928599358E+0	-2.700000048E+0	-336.512193333E-12	18.170628292E-12	8.023483550E+9	433.243549817E+6
220.907110214E+0	-2.599999905E+0	-307.412106667E-12	15.337790749E-12	8.457701724E+9	421.982272182E+6
223.890920162E+0	-2.500000000E+0	-303.355476667E-12	17.665883050E-12	8.241156637E+9	479.923128310E+6
226.885048866E+0	-2.400000095E+0	-297.760316667E-12	17.672574595E-12	8.060174446E+9	478.384882627E+6
229.862089634E+0	-2.299999952E+0	-287.136683333E-12	15.295044486E-12	8.010122307E+9	426.678944679E+6
232.843125343E+0	-2.200000048E+0	-261.052616667E-12	17.253020840E-12	8.427420019E+9	556.969913066E+6
235.830336094E+0	-2.099999905E+0	-258.957736667E-12	20.293309794E-12	8.109431028E+9	635.498279438E+6
238.814977646E+0	-2.000000000E+0	-233.105726667E-12	17.482268699E-12	8.579797796E+9	643.460512972E+6
241.787091732E+0	-1.899999976E+0	-232.377676667E-12	19.998418282E-12	8.176344662E+9	703.656060721E+6
244.768033504E+0	-1.799999952E+0	-214.704880000E-12	22.007278668E-12	8.383600561E+9	859.320169032E+6
247.743665695E+0	-1.700000048E+0	-207.164580000E-12	20.630840324E-12	8.206036223E+9	817.212204012E+6
250.724905491E+0	-1.600000024E+0	-194.735310000E-12	18.832354258E-12	8.216280981E+9	794.575540054E+6
253.705004692E+0	-1.500000000E+0	-165.607003333E-12	18.000903937E-12	9.057587963E+9	984.528235780E+6
256.685203075E+0	-1.399999976E+0	-153.820113333E-12	18.532663225E-12	9.101540402E+9	1.096578201E+9
259.665480614E+0	-1.299999952E+0	-151.777320000E-12	20.038111298E-12	8.565179253E+9	1.130801461E+9
262.642359734E+0	-1.200000048E+0	-138.240663333E-12	19.349396659E-12	8.680514248E+9	1.215002224E+9
265.622493744E+0	-1.100000024E+0	-133.728163333E-12	13.994484428E-12	8.225642201E+9	860.803130986E+6
268.607695103E+0	-1.000000000E+0	-105.778810000E-12	17.426743553E-12	9.453689260E+9	1.557467118E+9
271.586386204E+0	-899.999976158E-3	-92.018480333E-12	14.011606817E-12	9.780643767E+9	1.489293611E+9
274.570496559E+0	-800.000011921E-3	-88.093436667E-12	19.501241221E-12	9.081266916E+9	2.010319763E+9
277.565140724E+0	-699.999988079E-3	-71.890630333E-12	18.759761943E-12	9.737012804E+9	2.540860212E+9
280.553471088E+0	-600.000023842E-3	-49.712432333E-12	16.591301020E-12	12.069415953E+9	4.028113367E+9
283.533751011E+0	-500.000000000E-3	-39.473141000E-12	16.884632196E-12	12.666840979E+9	5.418239988E+9
286.519358158E+0	-400.000005960E-3	-21.857040785E-12	13.259875346E-12	18.300739332E+9	11.102396005E+9
289.511595249E+0	-300.000011921E-3	-10.703006267E-12	16.440673610E-12	28.029509135E+9	43.055567722E+9
292.496012688E+0	-200.000002980E-3	692.700580000E-15	15.452907265E-12	-288.725040450E+9	6.440937692E+12
295.480148792E+0	-100.000001490E-3	-922.501146667E-15	16.135291529E-12	108.400950884E+9	1.896020347E+12
298.459904194E+0	-18.790524692E-15	27.057673333E-12	16.316256914E-12	-694.461953927E-6	418.772875169E-6
301.434631824E+0	100.000001490E-3	40.805271967E-12	18.016911359E-12	2.450663766E+9	1.082051160E+9
304.483620167E+0	200.000002980E-3	33.253695633E-12	15.736303963E-12	6.014369205E+9	2.846118007E+9
307.468630314E+0	300.000011921E-3	67.447361667E-12	19.899019455E-12	4.447913225E+9	1.312269444E+9
310.452713490E+0	400.000005960E-3	61.929301000E-12	14.855845952E-12	6.458978214E+9	1.549405270E+9
313.440190315E+0	500.000000000E-3	75.077541667E-12	16.664827993E-12	6.659781193E+9	1.478259751E+9
316.424938202E+0	600.000023842E-3	92.970957333E-12	22.223478265E-12	6.453628542E+9	1.542654585E+9
319.403259754E+0	699.999988079E-3	108.554770000E-12	24.534168644E-12	6.448357710E+9	1.457375807E+9
322.389980793E+0	800.000011921E-3	128.862540000E-12	23.973287018E-12	6.208165786E+9	1.154952713E+9
325.386792183E+0	899.999976158E-3	125.231771667E-12	18.443783959E-12	7.186674469E+9	1.058433252E+9
328.371170521E+0	1.000000000E+0	160.767230000E-12	15.206203184E-12	6.220173104E+9	588.336416909E+6
331.350742340E+0	1.100000024E+0	163.466536667E-12	19.786062057E-12	6.729206150E+9	814.506095189E+6
334.335797787E+0	1.200000048E+0	180.913080000E-12	18.172056045E-12	6.633019833E+9	666.262539743E+6
337.320020676E+0	1.299999952E+0	189.348346667E-12	17.738370960E-12	6.865652514E+9	643.182226398E+6
340.298244953E+0	1.399999976E+0	193.887046667E-12	16.865770919E-12	7.220698857E+9	628.111340504E+6
343.281986237E+0	1.500000000E+0	220.392720000E-12	14.440318538E-12	6.806032432E+9	445.937035911E+6
346.264614582E+0	1.600000024E+0	226.123893333E-12	20.528741710E-12	7.075767183E+9	642.376153934E+6
349.258998394E+0	1.700000048E+0	237.378766667E-12	19.529245178E-12	7.161550595E+9	589.183604701E+6
352.242628098E+0	1.799999952E+0	262.076870000E-12	16.540630761E-12	6.868213713E+9	433.478112781E+6
355.223151207E+0	1.899999976E+0	259.595330000E-12	20.075113733E-12	7.319083807E+9	566.001860834E+6
358.207582474E+0	2.000000000E+0	288.394623333E-12	16.075736444E-12	6.934942049E+9	386.568582119E+6
361.187979221E+0	2.099999905E+0	295.442290000E-12	21.974264188E-12	7.107986824E+9	528.674416654E+6
364.170752048E+0	2.200000048E+0	310.966226667E-12	23.494070126E-12	7.074723423E+9	534.508361290E+6
367.158389568E+0	2.299999952E+0	316.156236667E-12	20.784707443E-12	7.274884015E+9	478.264599562E+6
370.132222176E+0	2.400000095E+0	340.678556667E-12	15.524552938E-12	7.044764187E+9	321.026411611E+6
373.113548756E+0	2.500000000E+0	343.571523333E-12	18.096752589E-12	7.276505270E+9	383.271332557E+6
376.097295761E+0	2.599999905E+0	357.594806667E-12	18.476914735E-12	7.270798838E+9	375.681994461E+6
379.081065655E+0	2.700000048E+0	379.538683333E-12	13.116029788E-12	7.113899495E+9	245.840863615E+6
382.056393623E+0	2.799999952E+0	390.818876667E-12	13.569227797E-12	7.164443991E+9	248.749429338E+6
385.036889553E+0	2.900000095E+0	403.963070000E-12	16.321690162E-12	7.178874285E+9	290.054637404E+6
388.023766518E+0	3.000000000E+0	405.240700000E-12	16.813831396E-12	7.403007645E+9	307.157998594E+6
390.998731136E+0	3.099999905E+0	421.783950000E-12	20.295231323E-12	7.349734158E+9	353.651567120E+6
393.980375290E+0	3.200000048E+0	431.358803333E-12	16.741912389E-12	7.418418317E+9	287.923901307E+6
396.963878155E+0	3.299999952E+0	452.928693333E-12	20.742973482E-12	7.285914982E+9	333.676235308E+6
399.941445351E+0	3.400000095E+0	462.737013333E-12	20.091602288E-12	7.347586204E+9	319.025224992E+6
402.927567005E+0	3.500000000E+0	477.143326667E-12	17.923752880E-12	7.335322123E+9	275.549281912E+6
405.908231735E+0	3.599999905E+0	489.856833333E-12	20.756933296E-12	7.349085814E+9	311.406259219E+6
408.892546177E+0	3.700000048E+0	507.780170000E-12	17.447930325E-12	7.286617844E+9	250.376851961E+6
411.875022411E+0	3.799999952E+0	521.132653333E-12	17.113805797E-12	7.291809346E+9	239.460352884E+6
414.854214191E+0	3.900000095E+0	528.003350000E-12	23.058553195E-12	7.386316953E+9	322.569510928E+6
417.829683304E+0	4.000000000E+0	536.223660000E-12	19.982782831E-12	7.459573865E+9	277.986697865E+6
420.815577507E+0	4.099999905E+0	559.393110000E-12	18.111022139E-12	7.329371477E+9	237.297182799E+6
423.795638561E+0	4.199999809E+0	570.805513333E-12	18.221978115E-12	7.358022498E+9	234.892133669E+6
426.780951023E+0	4.300000191E+0	578.763470000E-12	19.924694940E-12	7.429633026E+9	255.774904997E+6
429.760732651E+0	4.400000095E+0	596.134833333E-12	20.225028169E-12	7.380880716E+9	250.410665582E+6
432.741888523E+0	4.500000000E+0	611.446063333E-12	17.192237683E-12	7.359602539E+9	206.932456825E+6
435.715480804E+0	4.599999905E+0	614.184476667E-12	13.656338194E-12	7.489606266E+9	166.530741144E+6
438.699180126E+0	4.699999809E+0	639.562650000E-12	19.017346185E-12	7.348771554E+9	218.515156681E+6
441.688184738E+0	4.800000191E+0	645.696816667E-12	21.209637277E-12	7.433829728E+9	244.184000964E+6
444.669814587E+0	4.900000095E+0	669.033636667E-12	14.345560369E-12	7.323996623E+9	157.042680570E+6
447.653999805E+0	5.000000000E+0	668.605000000E-12	16.233004698E-12	7.478256968E+9	181.563973487E+6
450.631556034E+0	5.099999905E+0	692.490526667E-12	14.647407447E-12	7.364721550E+9	155.776971840E+6
453.610834122E+0	5.199999809E+0	701.650506667E-12	17.011351440E-12	7.411096778E+9	179.680297598E+6
456.589851856E+0	5.300000191E+0	715.337020000E-12	17.220426082E-12	7.409095353E+9	178.360374612E+6
459.575064659E+0	5.400000095E+0	722.966246667E-12	18.232418622E-12	7.469228502E+9	188.365779808E+6
462.560205460E+0	5.500000000E+0	738.826570000E-12	16.611672485E-12	7.444236880E+9	167.375172967E+6
465.540734291E+0	5.599999905E+0	741.255786667E-12	12.921049566E-12	7.554746965E+9	131.689036023E+6
468.520775795E+0	5.699999809E+0	763.109446667E-12	19.388773582E-12	7.469439455E+9	189.780471214E+6
471.514042377E+0	5.800000191E+0	782.034306667E-12	17.919423322E-12	7.416554672E+9	169.941883146E+6
474.499372959E+0	5.900000095E+0	786.542206667E-12	18.134843583E-12	7.501186898E+9	172.950478599E+6
477.482048035E+0	6.000000000E+0	812.790823333E-12	14.607381269E-12	7.381973108E+9	132.667954173E+6
480.462428570E+0	6.099999905E+0	823.828283333E-12	16.152166363E-12	7.404455550E+9	145.173454579E+6
483.442259789E+0	6.199999809E+0	835.334700000E-12	13.365453827E-12	7.422174380E+9	118.755666414E+6
486.434042931E+0	6.300000191E+0	843.626046667E-12	17.865482500E-12	7.467763964E+9	158.144958834E+6
489.417410374E+0	6.400000095E+0	853.790963333E-12	17.721206004E-12	7.495980129E+9	155.585867935E+6
492.400538445E+0	6.500000000E+0	871.055790000E-12	21.667742165E-12	7.462208592E+9	185.624403859E+6
495.387188911E+0	6.599999905E+0	876.570043333E-12	20.181302346E-12	7.529346861E+9	173.348412529E+6
498.371255875E+0	6.699999809E+0	901.419353333E-12	18.786724298E-12	7.432722389E+9	154.907375556E+6
501.350521564E+0	6.800000191E+0	902.450753333E-12	19.237145027E-12	7.535037414E+9	160.621072099E+6
504.327260017E+0	6.900000095E+0	922.097026667E-12	25.316801453E-12	7.482943655E+9	205.449311006E+6
507.316114426E+0	7.000000000E+0	927.564303333E-12	22.213022160E-12	7.546646604E+9	180.724751539E+6
510.294355392E+0	7.099999905E+0	955.181653333E-12	17.268129859E-12	7.433140995E+9	134.379092714E+6
513.275295734E+0	7.199999809E+0	958.275600000E-12	21.396405125E-12	7.513495918E+9	167.761552707E+6
516.256747723E+0	7.300000191E+0	969.073390000E-12	19.452411177E-12	7.532969397E+9	151.210857314E+6
519.244274139E+0	7.400000095E+0	988.673820000E-12	20.272662420E-12	7.484773993E+9	153.474577135E+6
522.225155354E+0	7.500000000E+0	1.005688390E-9	16.540755748E-12	7.457578386E+9	122.656265873E+6
525.207543373E+0	7.599999905E+0	1.009691643E-9	23.304818976E-12	7.527050417E+9	173.732791135E+6
528.184814930E+0	7.699999809E+0	1.028005033E-9	21.855011301E-12	7.490235514E+9	159.239669551E+6
531.169890404E+0	7.800000191E+0	1.033568567E-9	20.520414424E-12	7.546669319E+9	149.831164501E+6
534.147538185E+0	7.900000095E+0	1.039770467E-9	13.851143572E-12	7.597830818E+9	101.213343591E+6
537.136163235E+0	8.000000000E+0	1.064144800E-9	15.381296224E-12	7.517773897E+9	108.662944420E+6
540.114828110E+0	8.100000381E+0	1.084619767E-9	14.008769504E-12	7.468055286E+9	96.456166811E+6
543.096301556E+0	8.199999809E+0	1.082466233E-9	17.092254045E-12	7.575293858E+9	119.614675361E+6
546.080775261E+0	8.300000191E+0	1.110371500E-9	16.747520139E-12	7.474975889E+9	112.743626117E+6
549.061818123E+0	8.399999619E+0	1.110802633E-9	19.527573415E-12	7.562099122E+9	132.939409172E+6
552.055644035E+0	8.500000000E+0	1.129216700E-9	23.253115566E-12	7.527341741E+9	155.004922791E+6
555.036105633E+0	8.600000381E+0	1.140447567E-9	25.138265660E-12	7.540899409E+9	166.219945747E+6
558.020818233E+0	8.699999809E+0	1.146720233E-9	23.162566234E-12	7.586854715E+9	153.246641803E+6
561.007987022E+0	8.800000191E+0	1.159129700E-9	20.096724019E-12	7.591902952E+9	131.626666451E+6
563.993803978E+0	8.899999619E+0	1.182780633E-9	21.622362971E-12	7.524640975E+9	137.557644936E+6
566.973815918E+0	9.000000000E+0	1.194867367E-9	27.683965554E-12	7.532216756E+9	174.514456605E+6
569.953375816E+0	9.100000381E+0	1.199416067E-9	22.968339342E-12	7.587025582E+9	145.288514146E+6
572.941997528E+0	9.199999809E+0	1.211007300E-9	19.513759888E-12	7.596981298E+9	122.415173645E+6
575.927154541E+0	9.300000191E+0	1.239269833E-9	19.607306052E-12	7.504419087E+9	118.732367898E+6
578.910299778E+0	9.399999619E+0	1.232213933E-9	15.634748673E-12	7.628545145E+9	96.793570380E+6
581.893261433E+0	9.500000000E+0	1.263981500E-9	15.975754308E-12	7.515932789E+9	94.995611585E+6
584.880084991E+0	9.600000381E+0	1.262705567E-9	22.591223950E-12	7.602722784E+9	136.021268602E+6
587.858700752E+0	9.699999809E+0	1.273829767E-9	19.272423119E-12	7.614832110E+9	115.208696040E+6
590.840958595E+0	9.800000191E+0	1.295262867E-9	16.876798380E-12	7.566031917E+9	98.582610909E+6
593.826802254E+0	9.899999619E+0	1.307544133E-9	21.549534412E-12	7.571445863E+9	124.784417599E+6
596.813113689E+0	10.000000000E+0	1.309147333E-9	15.377533676E-12	7.638559653E+9	89.724208503E+6
