#Flip Current
164.633509000E-6	166.081941000E-6	164.706203000E-6	165.156907000E-6	165.309565000E-6	165.378019000E-6	165.328950000E-6	165.365903000E-6	165.442838000E-6	165.324709000E-6	165.250198000E-6	165.339854000E-6	165.352576000E-6	165.471309000E-6	165.510080000E-6	165.511897000E-6	165.472521000E-6	165.493118000E-6	165.366509000E-6	165.445866000E-6	165.324709000E-6	165.385288000E-6	165.356210000E-6	165.380442000E-6	165.321681000E-6	165.336219000E-6	165.342277000E-6	165.322286000E-6	165.370143000E-6	165.304719000E-6
165.307086000E-6	165.262258000E-6	165.256806000E-6	165.085369000E-6	165.236210000E-6	165.227729000E-6	165.395531000E-6	165.377963000E-6	165.367665000E-6	165.379781000E-6	165.331318000E-6	165.370088000E-6	165.400377000E-6	165.374328000E-6	165.377963000E-6	165.429455000E-6	165.362213000E-6	165.291336000E-6	165.362819000E-6	165.342828000E-6	165.422185000E-6	165.311327000E-6	165.231969000E-6	165.232575000E-6	165.219853000E-6	165.254989000E-6	165.284067000E-6	165.253172000E-6	165.244085000E-6	165.213796000E-6
165.200263000E-6	165.142714000E-6	165.143320000E-6	165.174215000E-6	164.930084000E-6	165.206321000E-6	165.273563000E-6	165.283862000E-6	165.320814000E-6	165.295372000E-6	165.247515000E-6	165.275381000E-6	165.254178000E-6	165.245697000E-6	165.149378000E-6	165.214196000E-6	165.352315000E-6	165.128175000E-6	165.166340000E-6	165.111819000E-6	165.126358000E-6	165.128781000E-6	165.134233000E-6	165.126964000E-6	165.137868000E-6	165.146954000E-6	165.106973000E-6	165.162099000E-6	165.097886000E-6	165.124540000E-6
165.124235000E-6	165.095157000E-6	165.113936000E-6	165.085464000E-6	165.077589000E-6	165.067291000E-6	165.139379000E-6	165.281739000E-6	165.265382000E-6	165.232670000E-6	165.345952000E-6	165.212679000E-6	165.121811000E-6	165.322932000E-6	165.187842000E-6	165.282344000E-6	165.068502000E-6	165.095763000E-6	165.067291000E-6	165.064262000E-6	165.085464000E-6	165.107878000E-6	165.132716000E-6	165.110301000E-6	165.116965000E-6	165.116965000E-6	165.100609000E-6	165.104849000E-6	165.097580000E-6	165.121206000E-6
164.927070000E-6	164.948272000E-6	164.928282000E-6	164.945849000E-6	164.942215000E-6	164.965840000E-6	164.969475000E-6	165.189374000E-6	164.963417000E-6	165.020967000E-6	165.011880000E-6	165.060342000E-6	165.223904000E-6	165.104565000E-6	165.075487000E-6	165.081545000E-6	165.093661000E-6	165.071247000E-6	164.941609000E-6	165.074881000E-6	164.861645000E-6	164.890723000E-6	164.980985000E-6	164.818029000E-6	164.890723000E-6	164.888906000E-6	164.941609000E-6	164.917377000E-6	164.922829000E-6	165.024601000E-6
164.938509000E-6	164.903979000E-6	164.880959000E-6	164.844007000E-6	164.855516000E-6	164.917912000E-6	164.913672000E-6	164.796755000E-6	164.837949000E-6	164.853699000E-6	164.971827000E-6	165.026953000E-6	165.021501000E-6	165.012414000E-6	164.977885000E-6	165.028771000E-6	165.011809000E-6	164.997270000E-6	165.036646000E-6	165.103282000E-6	164.980914000E-6	164.990000000E-6	164.965769000E-6	164.923970000E-6	165.143965000E-6	164.953143000E-6	164.887113000E-6	164.897411000E-6	164.927700000E-6	164.859247000E-6
164.790667000E-6	164.750686000E-6	164.778552000E-6	164.776129000E-6	164.629529000E-6	164.815505000E-6	164.602269000E-6	164.575008000E-6	164.817928000E-6	164.823986000E-6	164.928180000E-6	164.945748000E-6	164.871237000E-6	164.917276000E-6	164.902737000E-6	164.900314000E-6	164.921517000E-6	164.919094000E-6	164.864573000E-6	164.836101000E-6	164.848823000E-6	164.982095000E-6	164.830649000E-6	164.767042000E-6	164.742810000E-6	164.734330000E-6	164.757349000E-6	164.790667000E-6	164.793091000E-6	164.729483000E-6
164.745176000E-6	164.654915000E-6	164.679752000E-6	164.676117000E-6	164.524671000E-6	164.665819000E-6	164.783947000E-6	164.813024000E-6	164.775466000E-6	164.842708000E-6	164.823323000E-6	164.815447000E-6	164.841496000E-6	164.823323000E-6	164.884507000E-6	164.736090000E-6	164.842708000E-6	164.692473000E-6	164.701560000E-6	164.720339000E-6	164.681569000E-6	164.659155000E-6	164.706406000E-6	164.705801000E-6	164.685810000E-6	164.705195000E-6	164.700348000E-6	164.731849000E-6	164.708829000E-6	164.673088000E-6
164.690429000E-6	164.469318000E-6	164.498396000E-6	164.568061000E-6	164.734652000E-6	164.797653000E-6	164.812192000E-6	164.810981000E-6	164.781903000E-6	164.786143000E-6	164.914570000E-6	164.720113000E-6	164.745556000E-6	164.763124000E-6	164.706786000E-6	164.698305000E-6	164.714661000E-6	164.682554000E-6	164.689824000E-6	164.605620000E-6	164.673467000E-6	164.605620000E-6	164.640149000E-6	164.617735000E-6	164.675285000E-6	164.673467000E-6	164.644996000E-6	164.667410000E-6	164.650448000E-6	164.628639000E-6
164.659982000E-6	164.611520000E-6	164.624241000E-6	164.575173000E-6	164.677550000E-6	164.640597000E-6	164.590317000E-6	164.646049000E-6	164.751456000E-6	164.748427000E-6	164.746610000E-6	164.746610000E-6	164.721772000E-6	164.724801000E-6	164.707234000E-6	164.649684000E-6	164.681791000E-6	164.639386000E-6	164.647261000E-6	164.612731000E-6	164.583048000E-6	164.796284000E-6	164.616972000E-6	164.554576000E-6	164.614549000E-6	164.588500000E-6	164.576990000E-6	164.580019000E-6	164.575173000E-6	164.596981000E-6
164.602676000E-6	164.557242000E-6	164.610551000E-6	164.549367000E-6	164.552396000E-6	164.586320000E-6	164.426999000E-6	164.558454000E-6	164.501510000E-6	164.646899000E-6	164.694150000E-6	164.688698000E-6	164.703237000E-6	164.717775000E-6	164.748065000E-6	164.714141000E-6	164.748671000E-6	164.856500000E-6	164.647504000E-6	164.635994000E-6	164.607523000E-6	164.592378000E-6	164.776537000E-6	164.610551000E-6	164.559666000E-6	164.563300000E-6	164.558454000E-6	164.592984000E-6	164.574810000E-6	164.601465000E-6
164.553073000E-6	164.505216000E-6	164.496129000E-6	164.510062000E-6	164.512486000E-6	164.516120000E-6	164.499158000E-6	164.484619000E-6	164.270172000E-6	164.406473000E-6	164.589420000E-6	164.654239000E-6	164.618498000E-6	164.671807000E-6	164.654239000E-6	164.776001000E-6	164.617286000E-6	164.539746000E-6	164.590632000E-6	164.482802000E-6	164.488254000E-6	164.507639000E-6	164.490677000E-6	164.482802000E-6	164.528842000E-6	164.497341000E-6	164.516120000E-6	164.488860000E-6	164.494918000E-6	164.527024000E-6
164.441701000E-6	164.433220000E-6	164.416259000E-6	164.504097000E-6	164.556800000E-6	164.569522000E-6	164.517424000E-6	164.534992000E-6	164.542261000E-6	164.522271000E-6	164.467144000E-6	164.464721000E-6	164.423528000E-6	164.424739000E-6	164.434432000E-6	164.589513000E-6	164.478654000E-6	164.418682000E-6	164.363555000E-6	164.362344000E-6	164.408383000E-6	164.399297000E-6	164.393239000E-6	164.360526000E-6	164.387787000E-6	164.399902000E-6	164.399902000E-6	164.435038000E-6	164.412624000E-6	164.435644000E-6
164.392054000E-6	164.404170000E-6	164.409016000E-6	164.416891000E-6	164.398718000E-6	164.479893000E-6	164.409622000E-6	164.447181000E-6	164.309062000E-6	164.464143000E-6	164.545923000E-6	164.562885000E-6	164.581665000E-6	164.585905000E-6	164.542289000E-6	164.452633000E-6	164.553193000E-6	164.455662000E-6	164.407805000E-6	164.455662000E-6	164.493220000E-6	164.496249000E-6	164.555616000E-6	164.459296000E-6	164.433853000E-6	164.405382000E-6	164.407805000E-6	164.432036000E-6	164.434459000E-6	164.400535000E-6
164.324301000E-6	164.288560000E-6	164.339446000E-6	164.333994000E-6	164.254636000E-6	164.386697000E-6	164.299464000E-6	164.397601000E-6	164.462420000E-6	164.490892000E-6	164.474536000E-6	164.489075000E-6	164.490286000E-6	164.459391000E-6	164.459997000E-6	164.459391000E-6	164.559951000E-6	164.447881000E-6	164.321273000E-6	164.504825000E-6	164.467266000E-6	164.407294000E-6	164.343081000E-6	164.301887000E-6	164.312186000E-6	164.344292000E-6	164.272810000E-6	164.285531000E-6	164.357620000E-6	164.306128000E-6
164.265548000E-6	164.215268000E-6	164.190431000E-6	164.194066000E-6	164.160748000E-6	164.223749000E-6	164.200124000E-6	164.205576000E-6	164.211634000E-6	164.229201000E-6	164.228596000E-6	164.263125000E-6	164.340666000E-6	164.426687000E-6	164.381253000E-6	164.344300000E-6	164.349147000E-6	164.455765000E-6	164.340666000E-6	164.406696000E-6	164.221932000E-6	164.231019000E-6	164.219509000E-6	164.206182000E-6	164.223749000E-6	164.202547000E-6	164.203758000E-6	164.146815000E-6	164.184373000E-6	164.161354000E-6
164.240735000E-6	164.166829000E-6	164.168040000E-6	164.160165000E-6	164.140780000E-6	164.209234000E-6	164.181973000E-6	164.178339000E-6	164.207416000E-6	164.246792000E-6	164.241340000E-6	164.307977000E-6	164.335237000E-6	164.359468000E-6	164.347353000E-6	164.347958000E-6	164.325544000E-6	164.357651000E-6	164.293438000E-6	164.244369000E-6	164.215897000E-6	164.173492000E-6	164.220138000E-6	164.388546000E-6	164.284957000E-6	164.383094000E-6	164.129876000E-6	164.155925000E-6	164.145626000E-6	164.188031000E-6
164.116161000E-6	164.114949000E-6	164.072544000E-6	163.998033000E-6	164.243376000E-6	164.281540000E-6	164.255491000E-6	164.275482000E-6	164.208240000E-6	164.213692000E-6	164.281540000E-6	164.280934000E-6	164.287598000E-6	164.252462000E-6	164.379677000E-6	164.245799000E-6	164.216721000E-6	164.142210000E-6	164.185220000E-6	164.274877000E-6	164.225202000E-6	164.117978000E-6	164.093141000E-6	164.131911000E-6	164.106468000E-6	164.146450000E-6	164.139181000E-6	164.161595000E-6	164.125853000E-6	164.110709000E-6
164.053253000E-6	164.095052000E-6	164.035685000E-6	164.053253000E-6	163.840016000E-6	164.043560000E-6	164.161082000E-6	164.203487000E-6	164.179862000E-6	164.188949000E-6	164.176227000E-6	164.162900000E-6	164.277999000E-6	164.162294000E-6	164.076878000E-6	164.096869000E-6	163.996309000E-6	164.041743000E-6	164.044772000E-6	164.012059000E-6	164.023569000E-6	164.041137000E-6	164.055070000E-6	164.081725000E-6	164.026598000E-6	164.054464000E-6	164.025387000E-6	164.034473000E-6	164.080513000E-6	164.082330000E-6
164.097418000E-6	164.016849000E-6	163.889028000E-6	163.900538000E-6	164.047138000E-6	164.203431000E-6	164.173141000E-6	164.214335000E-6	164.177382000E-6	164.213729000E-6	164.144064000E-6	164.170718000E-6	164.084091000E-6	164.188892000E-6	164.207065000E-6	164.214335000E-6	164.087726000E-6	164.028359000E-6	164.036234000E-6	164.033811000E-6	164.081062000E-6	164.008368000E-6	164.036234000E-6	164.064706000E-6	164.035022000E-6	164.041686000E-6	164.074398000E-6	164.022907000E-6	164.001704000E-6	164.051984000E-6
164.039154000E-6	163.976152000E-6	164.039759000E-6	164.005230000E-6	164.025826000E-6	164.047635000E-6	163.893765000E-6	164.026432000E-6	164.143349000E-6	164.183936000E-6	164.188782000E-6	164.151224000E-6	164.154858000E-6	164.130627000E-6	164.093674000E-6	164.079741000E-6	164.303881000E-6	164.188177000E-6	164.048240000E-6	164.044606000E-6	164.048846000E-6	164.048846000E-6	164.066414000E-6	164.053692000E-6	164.050663000E-6	164.033096000E-6	164.016740000E-6	164.008864000E-6	164.050058000E-6	164.060962000E-6
163.960821000E-6	163.854809000E-6	163.886915000E-6	163.888733000E-6	163.893579000E-6	164.046842000E-6	164.015947000E-6	164.030486000E-6	163.997774000E-6	164.009284000E-6	164.146797000E-6	164.008072000E-6	163.982629000E-6	163.917204000E-6	163.965667000E-6	164.027457000E-6	163.895396000E-6	163.894790000E-6	163.866924000E-6	163.878434000E-6	163.873588000E-6	163.878434000E-6	163.900243000E-6	163.882675000E-6	163.867530000E-6	163.851780000E-6	163.880252000E-6	163.847539000E-6	163.871771000E-6	163.850568000E-6
163.870135000E-6	163.834393000E-6	163.825307000E-6	163.624792000E-6	163.874375000E-6	164.010677000E-6	164.001590000E-6	164.114266000E-6	164.007648000E-6	163.897395000E-6	163.847115000E-6	163.835605000E-6	163.785325000E-6	163.836817000E-6	163.804710000E-6	163.886491000E-6	163.856202000E-6	163.815614000E-6	163.828941000E-6	163.805922000E-6	163.819855000E-6	163.795623000E-6	163.844692000E-6	163.840451000E-6	163.858019000E-6	163.868317000E-6	163.835605000E-6	163.807739000E-6	163.859231000E-6	163.899818000E-6
163.814763000E-6	163.739040000E-6	163.762060000E-6	163.745098000E-6	163.800830000E-6	163.932285000E-6	163.931074000E-6	163.938343000E-6	163.936526000E-6	163.924410000E-6	163.805071000E-6	163.875341000E-6	163.797195000E-6	163.791138000E-6	163.809311000E-6	163.799618000E-6	163.765089000E-6	163.798407000E-6	163.819004000E-6	163.800830000E-6	163.791743000E-6	163.779628000E-6	163.799618000E-6	163.819609000E-6	163.797195000E-6	163.806282000E-6	163.777810000E-6	163.765695000E-6	163.795984000E-6	163.823244000E-6
163.716585000E-6	163.550600000E-6	163.602697000E-6	163.811693000E-6	163.852280000E-6	163.849857000E-6	163.881964000E-6	163.848040000E-6	163.877723000E-6	163.877723000E-6	163.803212000E-6	163.745056000E-6	163.956475000E-6	163.757778000E-6	163.709921000E-6	163.735970000E-6	163.688113000E-6	163.734152000E-6	163.735970000E-6	163.707498000E-6	163.726277000E-6	163.715373000E-6	163.743845000E-6	163.737787000E-6	163.683872000E-6	163.774740000E-6	163.738393000E-6	163.740210000E-6	163.720825000E-6	163.738999000E-6
163.742296000E-6	163.686563000E-6	163.696862000E-6	163.564195000E-6	163.587215000E-6	163.850731000E-6	163.857395000E-6	163.854366000E-6	163.861635000E-6	163.819230000E-6	163.724728000E-6	163.936752000E-6	163.751382000E-6	163.661120000E-6	163.720487000E-6	163.682929000E-6	163.696256000E-6	163.671419000E-6	163.650216000E-6	163.691410000E-6	163.714429000E-6	163.734420000E-6	163.704131000E-6	163.705948000E-6	163.724728000E-6	163.719276000E-6	163.719881000E-6	163.750171000E-6	163.719881000E-6	163.671419000E-6
163.735386000E-6	163.695404000E-6	163.705703000E-6	163.721453000E-6	163.733569000E-6	163.597873000E-6	163.734780000E-6	163.762646000E-6	163.857755000E-6	163.838975000E-6	163.803840000E-6	163.850485000E-6	163.860178000E-6	163.911063000E-6	163.826860000E-6	163.809898000E-6	163.796570000E-6	163.748108000E-6	163.897736000E-6	163.679048000E-6	163.737809000E-6	163.716607000E-6	163.682683000E-6	163.683895000E-6	163.748713000E-6	163.739627000E-6	163.737809000E-6	163.692981000E-6	163.709943000E-6	163.686318000E-6
163.659576000E-6	163.656547000E-6	163.623229000E-6	163.528727000E-6	163.728030000E-6	163.789214000E-6	163.791637000E-6	163.683807000E-6	163.777098000E-6	163.843128000E-6	163.632922000E-6	163.756501000E-6	163.611113000E-6	163.566891000E-6	163.567497000E-6	163.600815000E-6	163.529333000E-6	163.626258000E-6	163.604450000E-6	163.623229000E-6	163.625652000E-6	163.622018000E-6	163.629287000E-6	163.605661000E-6	163.605056000E-6	163.633527000E-6	163.614142000E-6	163.635951000E-6	163.645037000E-6	163.576584000E-6
163.565160000E-6	163.517303000E-6	163.539111000E-6	163.354347000E-6	163.404022000E-6	163.560919000E-6	163.451878000E-6	163.614228000E-6	163.712971000E-6	163.667537000E-6	163.666932000E-6	163.827464000E-6	163.656633000E-6	163.618469000E-6	163.634219000E-6	163.554256000E-6	163.579699000E-6	163.576670000E-6	163.570006000E-6	163.571824000E-6	163.557285000E-6	163.532448000E-6	163.543958000E-6	163.568795000E-6	163.534871000E-6	163.537294000E-6	163.516091000E-6	163.517303000E-6	163.520938000E-6	163.554862000E-6
163.588882000E-6	163.555564000E-6	163.579795000E-6	163.456216000E-6	163.481658000E-6	163.556776000E-6	163.654307000E-6	163.676721000E-6	163.708222000E-6	163.682173000E-6	163.694289000E-6	163.810599000E-6	163.599786000E-6	163.783339000E-6	163.591305000E-6	163.508313000E-6	163.519217000E-6	163.502255000E-6	163.532544000E-6	163.556170000E-6	163.551929000E-6	163.518611000E-6	163.531939000E-6	163.494380000E-6	163.509525000E-6	163.534362000E-6	163.573132000E-6	163.537996000E-6	163.522852000E-6	163.560410000E-6
163.415862000E-6	163.394054000E-6	163.201415000E-6	163.200809000E-6	163.476440000E-6	163.512787000E-6	163.498248000E-6	163.535807000E-6	163.491585000E-6	163.603655000E-6	163.507941000E-6	163.437670000E-6	163.458267000E-6	163.671502000E-6	163.380121000E-6	163.404958000E-6	163.394054000E-6	163.344380000E-6	163.402535000E-6	163.371034000E-6	163.363159000E-6	163.397083000E-6	163.377698000E-6	163.380727000E-6	163.375274000E-6	163.400112000E-6	163.357101000E-6	163.361947000E-6	163.362553000E-6	163.340139000E-6
163.439857000E-6	163.405933000E-6	163.428347000E-6	163.416231000E-6	163.261756000E-6	163.457425000E-6	163.336268000E-6	163.474387000E-6	163.535571000E-6	163.612505000E-6	163.590091000E-6	163.569495000E-6	163.537994000E-6	163.659756000E-6	163.514974000E-6	163.405327000E-6	163.429559000E-6	163.607659000E-6	163.528907000E-6	163.376250000E-6	163.396240000E-6	163.362316000E-6	163.392000000E-6	163.396240000E-6	163.376855000E-6	163.402298000E-6	163.389577000E-6	163.361711000E-6	163.388971000E-6	163.373826000E-6
163.470265000E-6	163.466024000E-6	163.466630000E-6	163.471476000E-6	163.431494000E-6	163.530843000E-6	163.440581000E-6	163.516304000E-6	163.319424000E-6	163.366675000E-6	163.448456000E-6	163.163132000E-6	163.474505000E-6	163.581123000E-6	163.567796000E-6	163.576277000E-6	163.610201000E-6	163.591421000E-6	163.588393000E-6	163.593845000E-6	163.436946000E-6	163.583546000E-6	163.489650000E-6	163.423013000E-6	163.412109000E-6	163.421802000E-6	163.404840000E-6	163.473899000E-6	163.464812000E-6	163.419984000E-6
163.419349000E-6	163.356953000E-6	163.253364000E-6	163.446609000E-6	163.550804000E-6	163.558073000E-6	163.569583000E-6	163.588968000E-6	163.565343000E-6	163.650758000E-6	163.529601000E-6	163.556256000E-6	163.535054000E-6	163.457513000E-6	163.449638000E-6	163.423589000E-6	163.409656000E-6	163.539294000E-6	163.435099000E-6	163.404204000E-6	163.441763000E-6	163.366040000E-6	163.402387000E-6	163.444186000E-6	163.429647000E-6	163.441763000E-6	163.422983000E-6	163.416926000E-6	163.430253000E-6	163.446609000E-6
163.354417000E-6	163.346542000E-6	163.370167000E-6	163.296867000E-6	163.223567000E-6	163.462852000E-6	163.494959000E-6	163.516161000E-6	163.514344000E-6	163.490112000E-6	163.539787000E-6	163.526459000E-6	163.519796000E-6	163.488901000E-6	163.504651000E-6	163.499805000E-6	163.513738000E-6	163.488295000E-6	163.566441000E-6	163.467698000E-6	163.434380000E-6	163.402274000E-6	163.341089000E-6	163.533123000E-6	163.373196000E-6	163.513738000E-6	163.292021000E-6	163.334426000E-6	163.386523000E-6	163.380465000E-6
163.343521000E-6	163.273250000E-6	163.313232000E-6	163.256894000E-6	163.301722000E-6	163.209037000E-6	163.276885000E-6	163.144824000E-6	163.351396000E-6	163.364723000E-6	163.371993000E-6	163.450139000E-6	163.480428000E-6	163.337463000E-6	163.404705000E-6	163.281731000E-6	163.248413000E-6	163.249018000E-6	163.240537000E-6	163.290818000E-6	163.280519000E-6	163.265980000E-6	163.273856000E-6	163.270827000E-6	163.259923000E-6	163.254471000E-6	163.282942000E-6	163.263557000E-6	163.226604000E-6	163.228422000E-6
163.171371000E-6	163.150774000E-6	163.213776000E-6	163.135630000E-6	163.211353000E-6	163.307672000E-6	163.241036000E-6	163.310095000E-6	163.287076000E-6	163.275566000E-6	163.293133000E-6	163.325240000E-6	163.264056000E-6	163.404598000E-6	163.234372000E-6	163.168342000E-6	163.356135000E-6	163.384001000E-6	163.407021000E-6	163.231949000E-6	163.241036000E-6	163.156226000E-6	163.152592000E-6	163.194997000E-6	163.108975000E-6	163.160467000E-6	163.188333000E-6	163.147745000E-6	163.148351000E-6	163.182881000E-6
163.292069000E-6	163.069746000E-6	163.215740000E-6	163.199384000E-6	163.017649000E-6	163.287223000E-6	163.384148000E-6	163.377484000E-6	163.413226000E-6	163.389600000E-6	163.382331000E-6	163.385360000E-6	163.385965000E-6	163.340532000E-6	163.380513000E-6	163.385965000E-6	163.402927000E-6	163.369003000E-6	163.279347000E-6	163.464112000E-6	163.247241000E-6	163.221798000E-6	163.249058000E-6	163.225433000E-6	163.230885000E-6	163.227250000E-6	163.258145000E-6	163.225433000E-6	163.249058000E-6	163.194538000E-6
163.243965000E-6	163.087673000E-6	163.081615000E-6	163.290610000E-6	163.312418000E-6	163.333621000E-6	163.348765000E-6	163.362698000E-6	163.435392000E-6	163.332409000E-6	163.293033000E-6	163.283341000E-6	163.219734000E-6	163.223368000E-6	163.180964000E-6	163.144011000E-6	163.187627000E-6	163.162790000E-6	163.217916000E-6	163.192473000E-6	163.223974000E-6	163.185810000E-6	163.227003000E-6	163.198531000E-6	163.196108000E-6	163.203377000E-6	163.225791000E-6	163.187021000E-6	163.153097000E-6	163.231244000E-6
163.161980000E-6	163.165614000E-6	163.188028000E-6	163.176518000E-6	163.023861000E-6	163.212866000E-6	163.292829000E-6	163.284348000E-6	163.319484000E-6	163.312820000E-6	163.279502000E-6	163.286771000E-6	163.280713000E-6	163.323118000E-6	163.362494000E-6	163.204990000E-6	163.321907000E-6	163.246789000E-6	163.160162000E-6	163.202567000E-6	163.245578000E-6	163.173490000E-6	163.266175000E-6	163.228616000E-6	163.380062000E-6	163.155922000E-6	163.190452000E-6	163.140777000E-6	163.170461000E-6	163.157133000E-6
163.076359000E-6	163.051522000E-6	163.063032000E-6	163.072118000E-6	163.099985000E-6	163.027290000E-6	163.131485000E-6	162.998819000E-6	163.102408000E-6	163.164198000E-6	163.225382000E-6	163.290201000E-6	163.232045000E-6	163.252642000E-6	163.274450000E-6	163.223564000E-6	163.245373000E-6	163.142389000E-6	163.370164000E-6	163.172073000E-6	163.339269000E-6	163.258700000E-6	163.265364000E-6	163.209631000E-6	163.127245000E-6	163.133908000E-6	163.116946000E-6	163.137543000E-6	163.088475000E-6	163.098167000E-6
163.054371000E-6	163.003485000E-6	163.113131000E-6	163.008331000E-6	163.170075000E-6	163.187643000E-6	163.222172000E-6	163.223990000E-6	163.235500000E-6	163.250644000E-6	163.316675000E-6	163.220355000E-6	163.128276000E-6	163.203999000E-6	163.106468000E-6	163.076784000E-6	163.142209000E-6	163.126459000E-6	163.122218000E-6	163.073150000E-6	163.110708000E-6	163.081025000E-6	163.113131000E-6	163.116160000E-6	163.138574000E-6	163.066486000E-6	163.082237000E-6	163.113737000E-6	163.107074000E-6	163.101622000E-6
163.067635000E-6	163.051885000E-6	163.090049000E-6	162.788975000E-6	162.996153000E-6	163.070664000E-6	163.211812000E-6	163.171830000E-6	163.160320000E-6	163.107011000E-6	163.148810000E-6	163.190003000E-6	163.222110000E-6	163.202119000E-6	163.209994000E-6	163.206360000E-6	163.209388000E-6	163.202119000E-6	163.160320000E-6	163.290563000E-6	163.108828000E-6	163.220293000E-6	163.091261000E-6	163.088232000E-6	163.055520000E-6	163.092472000E-6	163.084597000E-6	163.106405000E-6	163.060366000E-6	163.060972000E-6
163.041749000E-6	163.047201000E-6	163.059317000E-6	163.056893000E-6	163.107173000E-6	163.018123000E-6	163.076278000E-6	163.035085000E-6	163.012671000E-6	163.072038000E-6	163.091423000E-6	163.158059000E-6	163.085365000E-6	163.080519000E-6	163.089000000E-6	163.251350000E-6	163.178050000E-6	163.170175000E-6	163.189560000E-6	163.207734000E-6	163.150184000E-6	163.175021000E-6	163.115049000E-6	163.095058000E-6	163.170781000E-6	163.041143000E-6	162.899995000E-6	163.079913000E-6	163.039931000E-6	163.149578000E-6
163.082848000E-6	163.043472000E-6	163.045895000E-6	163.030751000E-6	163.054376000E-6	163.087694000E-6	162.907776000E-6	163.005308000E-6	163.067703000E-6	163.220966000E-6	163.217332000E-6	163.191283000E-6	163.219755000E-6	163.197947000E-6	163.202187000E-6	163.136763000E-6	163.165234000E-6	163.103445000E-6	163.210668000E-6	163.042866000E-6	163.071944000E-6	163.030751000E-6	163.053164000E-6	163.059828000E-6	163.054982000E-6	163.067703000E-6	163.079213000E-6	163.018029000E-6	163.042260000E-6	163.037414000E-6
163.088662000E-6	162.901475000E-6	163.097143000E-6	163.057161000E-6	163.168625000E-6	163.220722000E-6	163.211636000E-6	163.169231000E-6	163.212847000E-6	163.214059000E-6	163.327946000E-6	163.284935000E-6	163.186798000E-6	163.161961000E-6	163.125614000E-6	163.112287000E-6	163.094720000E-6	163.083210000E-6	163.145605000E-6	163.068065000E-6	163.039593000E-6	163.097748000E-6	163.090479000E-6	163.063825000E-6	163.118951000E-6	163.078969000E-6	163.062007000E-6	163.098960000E-6	163.082604000E-6	163.094114000E-6
162.998125000E-6	162.989038000E-6	162.946028000E-6	162.969653000E-6	162.981163000E-6	163.019933000E-6	163.001760000E-6	162.973288000E-6	162.979951000E-6	162.995096000E-6	163.025385000E-6	162.975711000E-6	162.977528000E-6	162.912104000E-6	162.979951000E-6	163.132003000E-6	163.118676000E-6	163.156234000E-6	163.130792000E-6	163.154417000E-6	163.203486000E-6	163.050828000E-6	162.995702000E-6	163.118676000E-6	163.029626000E-6	163.070213000E-6	162.976317000E-6	163.000548000E-6	162.994490000E-6	163.005394000E-6
163.018608000E-6	162.958635000E-6	162.974386000E-6	163.016185000E-6	163.073128000E-6	163.100994000E-6	163.113716000E-6	163.110687000E-6	163.202160000E-6	163.125226000E-6	163.148851000E-6	163.131283000E-6	163.081003000E-6	162.966510000E-6	163.176717000E-6	162.950760000E-6	162.964693000E-6	162.987107000E-6	162.965905000E-6	162.958635000E-6	162.945308000E-6	162.953789000E-6	162.999223000E-6	163.042233000E-6	163.009521000E-6	162.958029000E-6	162.982866000E-6	162.914413000E-6	162.868979000E-6	163.072522000E-6
162.938255000E-6	162.758337000E-6	162.864955000E-6	162.895850000E-6	163.000651000E-6	163.007920000E-6	163.097576000E-6	163.090307000E-6	163.086672000E-6	163.067893000E-6	163.060018000E-6	163.069710000E-6	163.126048000E-6	163.107269000E-6	163.063046000E-6	163.125442000E-6	163.095153000E-6	163.080614000E-6	163.227214000E-6	163.071527000E-6	162.973390000E-6	163.149068000E-6	163.058200000E-6	162.992170000E-6	162.961275000E-6	162.942495000E-6	162.988535000E-6	162.935832000E-6	162.942495000E-6	162.921899000E-6
163.043652000E-6	162.958237000E-6	162.935217000E-6	162.990949000E-6	162.892135000E-6	163.122939000E-6	163.099314000E-6	163.078717000E-6	163.139295000E-6	163.122333000E-6	163.076294000E-6	163.064178000E-6	163.065995000E-6	163.116881000E-6	163.191998000E-6	163.152017000E-6	163.049033000E-6	163.129603000E-6	163.179277000E-6	163.156257000E-6	163.128391000E-6	163.113247000E-6	163.142930000E-6	163.244096000E-6	163.084775000E-6	163.010263000E-6	162.982397000E-6	163.043581000E-6	162.957560000E-6	162.952108000E-6
162.908982000E-6	162.910194000E-6	162.936848000E-6	162.906559000E-6	162.910799000E-6	162.988340000E-6	162.939271000E-6	162.999849000E-6	162.675150000E-6	163.006513000E-6	163.056793000E-6	163.064668000E-6	163.093746000E-6	163.076784000E-6	163.081630000E-6	163.027715000E-6	163.079207000E-6	163.036196000E-6	163.019840000E-6	163.070733000E-6	163.028934000E-6	163.098599000E-6	162.985317000E-6	162.933220000E-6	162.974413000E-6	162.944730000E-6	162.926556000E-6	162.947759000E-6	162.935643000E-6	162.961086000E-6
162.849185000E-6	162.833434000E-6	162.826771000E-6	162.835252000E-6	162.884926000E-6	162.809203000E-6	162.870387000E-6	162.908551000E-6	163.078777000E-6	162.875233000E-6	162.872204000E-6	162.986698000E-6	163.000025000E-6	162.971553000E-6	162.985549000E-6	162.992819000E-6	162.978280000E-6	163.050974000E-6	162.967982000E-6	162.999482000E-6	163.001905000E-6	162.954654000E-6	162.962529000E-6	162.969193000E-6	163.011598000E-6	162.851065000E-6	162.861969000E-6	162.927394000E-6	162.739601000E-6	162.974645000E-6
162.946320000E-6	162.801538000E-6	162.759739000E-6	162.753681000E-6	162.725815000E-6	162.934810000E-6	162.882713000E-6	163.042640000E-6	163.090496000E-6	163.023254000E-6	163.023860000E-6	163.085650000E-6	163.009321000E-6	163.109276000E-6	162.991148000E-6	163.148651000E-6	163.053544000E-6	163.019620000E-6	163.120785000E-6	162.977298000E-6	162.957307000E-6	162.885825000E-6	162.877950000E-6	162.936105000E-6	162.935499000E-6	162.943980000E-6	162.913691000E-6	162.947615000E-6	162.911874000E-6	162.905210000E-6
162.955851000E-6	162.927985000E-6	162.934043000E-6	162.934043000E-6	162.907994000E-6	162.947370000E-6	162.912235000E-6	162.927379000E-6	162.837117000E-6	162.918293000E-6	162.995227000E-6	162.966149000E-6	162.954640000E-6	163.032180000E-6	163.060046000E-6	163.027939000E-6	163.049142000E-6	163.062469000E-6	163.124865000E-6	162.977054000E-6	163.077008000E-6	163.033997000E-6	163.065498000E-6	163.055806000E-6	162.990987000E-6	162.955851000E-6	163.109720000E-6	162.985535000E-6	162.919504000E-6	162.902552000E-6
162.978215000E-6	162.835250000E-6	162.825558000E-6	162.966706000E-6	162.903098000E-6	162.938234000E-6	163.046669000E-6	163.070295000E-6	163.044246000E-6	163.075747000E-6	162.960042000E-6	163.000024000E-6	163.049092000E-6	163.101795000E-6	162.974581000E-6	163.038794000E-6	162.950349000E-6	163.093920000E-6	162.917031000E-6	162.898858000E-6	162.900069000E-6	162.868569000E-6	162.899463000E-6	162.894011000E-6	162.903098000E-6	162.928541000E-6	162.902492000E-6	162.888559000E-6	162.914002000E-6	162.877177000E-6
162.938005000E-6	162.873792000E-6	162.828358000E-6	162.846532000E-6	162.819877000E-6	162.884696000E-6	162.745972000E-6	162.795040000E-6	162.949515000E-6	162.991314000E-6	163.024026000E-6	163.011911000E-6	163.027661000E-6	163.005247000E-6	163.047652000E-6	162.990708000E-6	162.911956000E-6	162.909533000E-6	162.951332000E-6	162.867734000E-6	162.856830000E-6	162.853801000E-6	162.873792000E-6	162.876215000E-6	162.898629000E-6	162.878032000E-6	162.847138000E-6	162.850166000E-6	162.848349000E-6	162.842897000E-6
162.875286000E-6	162.826217000E-6	162.869834000E-6	162.839544000E-6	162.771091000E-6	162.907392000E-6	162.986750000E-6	162.984933000E-6	162.997048000E-6	162.995837000E-6	162.990990000E-6	163.018856000E-6	163.025520000E-6	162.983115000E-6	163.012799000E-6	162.905575000E-6	162.994625000E-6	162.879526000E-6	162.856506000E-6	162.824400000E-6	162.889219000E-6	162.801986000E-6	162.831063000E-6	162.846814000E-6	162.839544000E-6	162.825006000E-6	162.865593000E-6	162.823794000E-6	162.839544000E-6	162.872257000E-6
162.909988000E-6	162.831842000E-6	162.856679000E-6	162.812457000E-6	162.835476000E-6	162.893026000E-6	162.845775000E-6	162.889391000E-6	162.851833000E-6	162.816091000E-6	162.777927000E-6	162.977836000E-6	163.017212000E-6	163.008731000E-6	163.023270000E-6	163.005702000E-6	163.091117000E-6	162.919680000E-6	163.053559000E-6	162.832447000E-6	162.847592000E-6	162.807610000E-6	162.842140000E-6	162.865160000E-6	162.879093000E-6	162.851833000E-6	162.874247000E-6	162.892420000E-6	162.839717000E-6	162.840928000E-6
162.942442000E-6	162.938201000E-6	162.964856000E-6	162.972731000E-6	162.928509000E-6	162.969702000E-6	162.881257000E-6	162.746773000E-6	162.802506000E-6	162.984846000E-6	163.040579000E-6	163.076926000E-6	163.075108000E-6	163.043002000E-6	163.207169000E-6	163.061781000E-6	163.012713000E-6	162.944259000E-6	163.013924000E-6	162.908518000E-6	162.940624000E-6	162.902460000E-6	162.909124000E-6	162.920028000E-6	162.920633000E-6	162.923057000E-6	162.926691000E-6	162.918816000E-6	162.906700000E-6	162.951528000E-6
162.884895000E-6	162.852789000E-6	162.840067000E-6	162.726786000E-6	162.761921000E-6	162.967282000E-6	163.010898000E-6	162.935781000E-6	162.963041000E-6	162.953954000E-6	163.042399000E-6	162.977580000E-6	163.020591000E-6	162.987273000E-6	163.009687000E-6	162.993936000E-6	163.074505000E-6	162.960618000E-6	162.889136000E-6	162.923060000E-6	162.856423000E-6	162.875808000E-6	162.842490000E-6	162.859452000E-6	162.833404000E-6	162.797662000E-6	162.806749000E-6	162.815230000E-6	162.858241000E-6	162.844913000E-6
162.849792000E-6	162.828590000E-6	162.798301000E-6	162.839494000E-6	162.853503000E-6	162.972843000E-6	163.001921000E-6	162.991622000E-6	162.987987000E-6	162.987987000E-6	162.969208000E-6	163.104904000E-6	162.929226000E-6	162.892879000E-6	162.895908000E-6	163.077644000E-6	162.989805000E-6	163.047960000E-6	162.847446000E-6	162.865619000E-6	162.811098000E-6	162.799589000E-6	162.841993000E-6	162.858955000E-6	162.827455000E-6	162.860167000E-6	162.806252000E-6	162.852898000E-6	162.881369000E-6	162.863196000E-6
162.799677000E-6	162.805129000E-6	162.802706000E-6	162.808764000E-6	162.845111000E-6	162.788167000E-6	162.761513000E-6	162.773628000E-6	162.786956000E-6	162.838447000E-6	162.845717000E-6	162.821485000E-6	162.877218000E-6	162.777869000E-6	162.882064000E-6	162.952335000E-6	162.957181000E-6	162.924469000E-6	162.892362000E-6	162.906901000E-6	162.851169000E-6	162.673674000E-6	162.730618000E-6	162.769388000E-6	162.923257000E-6	162.759695000E-6	162.653683000E-6	162.800283000E-6	162.654895000E-6	162.761513000E-6
162.850458000E-6	162.809870000E-6	162.814111000E-6	162.668117000E-6	162.664482000E-6	162.729301000E-6	162.933450000E-6	162.927998000E-6	162.954653000E-6	162.949201000E-6	162.961922000E-6	162.938296000E-6	163.070963000E-6	163.066723000E-6	163.048549000E-6	162.866814000E-6	162.868025000E-6	162.910430000E-6	162.755350000E-6	162.798966000E-6	162.809264000E-6	162.813505000E-6	162.801995000E-6	162.774129000E-6	162.801995000E-6	162.814111000E-6	162.803207000E-6	162.805024000E-6	162.800783000E-6	162.798966000E-6
162.830264000E-6	162.825418000E-6	162.844197000E-6	162.855707000E-6	162.753330000E-6	162.918103000E-6	162.972623000E-6	162.969594000E-6	162.990797000E-6	162.986556000E-6	162.961114000E-6	162.968383000E-6	163.062279000E-6	162.878121000E-6	162.861159000E-6	162.883573000E-6	163.065914000E-6	162.916286000E-6	162.861159000E-6	162.800581000E-6	162.848438000E-6	162.877515000E-6	162.824206000E-6	162.795129000E-6	162.867823000E-6	162.869640000E-6	162.822995000E-6	162.846620000E-6	162.832082000E-6	162.800581000E-6
162.828824000E-6	162.817920000E-6	162.877893000E-6	162.864566000E-6	162.701004000E-6	162.790660000E-6	162.865777000E-6	162.936654000E-6	163.003290000E-6	162.989963000E-6	162.896066000E-6	162.965731000E-6	162.992992000E-6	163.009348000E-6	162.992992000E-6	163.039637000E-6	162.974212000E-6	162.937260000E-6	163.083253000E-6	163.044483000E-6	162.903941000E-6	162.849421000E-6	162.825190000E-6	162.835488000E-6	162.851238000E-6	162.821555000E-6	162.817920000E-6	162.838517000E-6	162.804593000E-6	162.807016000E-6
162.868988000E-6	162.836275000E-6	162.857478000E-6	162.818708000E-6	162.852206000E-6	163.006681000E-6	162.970939000E-6	162.965487000E-6	162.984872000E-6	162.980026000E-6	163.013344000E-6	163.021219000E-6	162.965487000E-6	163.129049000E-6	163.039999000E-6	162.926717000E-6	162.895822000E-6	162.975180000E-6	163.052720000E-6	162.814647000E-6	162.847965000E-6	162.822522000E-6	162.863716000E-6	162.867350000E-6	162.793445000E-6	162.794656000E-6	162.821311000E-6	162.841302000E-6	162.811618000E-6	162.847359000E-6
162.886046000E-6	162.855151000E-6	162.883017000E-6	162.864237000E-6	162.785485000E-6	162.968432000E-6	163.007808000E-6	163.030828000E-6	162.959951000E-6	162.945412000E-6	163.026587000E-6	162.952076000E-6	163.008414000E-6	162.980548000E-6	163.006596000E-6	163.067175000E-6	162.921787000E-6	163.053848000E-6	163.056271000E-6	162.904219000E-6	162.839400000E-6	162.828496000E-6	162.849699000E-6	162.823650000E-6	162.844246000E-6	162.795784000E-6	162.830919000E-6	162.847275000E-6	162.838189000E-6	162.838189000E-6
162.951593000E-6	162.849215000E-6	162.591151000E-6	162.804387000E-6	162.905553000E-6	163.007931000E-6	163.046095000E-6	162.967949000E-6	163.006113000E-6	163.021258000E-6	162.879504000E-6	162.988546000E-6	162.851638000E-6	162.804993000E-6	162.867389000E-6	162.844975000E-6	162.826801000E-6	162.809839000E-6	162.820138000E-6	162.823772000E-6	162.872235000E-6	162.844369000E-6	162.846792000E-6	162.879504000E-6	162.877081000E-6	162.855273000E-6	162.862543000E-6	162.808628000E-6	162.826195000E-6	162.867995000E-6
162.827594000E-6	162.840316000E-6	162.806998000E-6	162.820325000E-6	162.852431000E-6	162.906346000E-6	162.805786000E-6	162.803363000E-6	162.873634000E-6	162.875105000E-6	162.850874000E-6	162.725477000E-6	162.875711000E-6	162.943559000E-6	162.924174000E-6	162.895096000E-6	162.953251000E-6	162.971425000E-6	163.024128000E-6	162.902365000E-6	162.851480000E-6	163.005349000E-6	162.939318000E-6	162.854509000E-6	162.836941000E-6	162.793930000E-6	162.824825000E-6	162.810286000E-6	162.812104000E-6	162.798777000E-6
162.776205000E-6	162.760454000E-6	162.736829000E-6	162.713809000E-6	162.736223000E-6	162.809523000E-6	162.755608000E-6	162.718655000E-6	162.773176000E-6	162.732588000E-6	162.808311000E-6	162.715626000E-6	162.711386000E-6	162.762272000E-6	162.739858000E-6	162.786503000E-6	162.623547000E-6	162.716838000E-6	162.792561000E-6	162.900296000E-6	162.962086000E-6	163.011760000E-6	162.869401000E-6	162.788226000E-6	162.808217000E-6	162.976625000E-6	162.925133000E-6	162.818515000E-6	162.845776000E-6	162.710080000E-6
162.826729000E-6	162.834604000E-6	162.833999000E-6	162.809767000E-6	162.488096000E-6	162.880038000E-6	162.906693000E-6	162.910933000E-6	162.952732000E-6	162.986656000E-6	162.964242000E-6	162.966665000E-6	163.018763000E-6	162.961213000E-6	162.936376000E-6	162.967271000E-6	162.946674000E-6	162.981204000E-6	163.072677000E-6	162.886096000E-6	163.030878000E-6	162.904875000E-6	162.871557000E-6	162.823700000E-6	162.794623000E-6	162.821277000E-6	162.829758000E-6	162.772209000E-6	162.848537000E-6	162.825039000E-6
162.853042000E-6	162.817906000E-6	162.810637000E-6	162.828205000E-6	162.796098000E-6	162.836080000E-6	162.790646000E-6	162.792463000E-6	162.708259000E-6	162.899082000E-6	162.962689000E-6	162.965112000E-6	163.006305000E-6	162.955420000E-6	162.946333000E-6	163.022056000E-6	162.962083000E-6	162.958448000E-6	162.865158000E-6	162.905745000E-6	162.916044000E-6	162.846378000E-6	162.799127000E-6	162.806396000E-6	162.793675000E-6	162.787011000E-6	162.783982000E-6	162.833657000E-6	162.800339000E-6	162.807608000E-6
162.739293000E-6	162.721120000E-6	162.714456000E-6	162.727783000E-6	162.695677000E-6	162.759284000E-6	162.606021000E-6	162.669628000E-6	162.795631000E-6	162.896797000E-6	162.905278000E-6	162.842276000E-6	162.841065000E-6	162.873777000E-6	162.950106000E-6	162.776246000E-6	162.734447000E-6	162.801689000E-6	162.735659000E-6	162.673924000E-6	162.759340000E-6	162.687857000E-6	162.678771000E-6	162.741166000E-6	162.724204000E-6	162.761157000E-6	162.769032000E-6	162.785388000E-6	162.704214000E-6	162.741772000E-6
162.886953000E-6	162.737324000E-6	162.776095000E-6	162.786393000E-6	162.785787000E-6	162.724603000E-6	162.813653000E-6	162.809413000E-6	162.871809000E-6	162.960859000E-6	162.914819000E-6	162.945714000E-6	162.924512000E-6	162.893011000E-6	162.976004000E-6	162.790634000E-6	162.801538000E-6	162.837885000E-6	162.844548000E-6	162.763979000E-6	162.756104000E-6	162.755498000E-6	162.785181000E-6	162.772460000E-6	162.776095000E-6	162.786999000E-6	162.777306000E-6	162.791239000E-6	162.754892000E-6	162.805778000E-6
162.818907000E-6	162.802551000E-6	162.808609000E-6	162.806791000E-6	162.805580000E-6	162.737126000E-6	162.787406000E-6	162.853437000E-6	162.877668000E-6	162.912804000E-6	162.936429000E-6	162.899476000E-6	162.938852000E-6	162.937641000E-6	162.803157000E-6	162.811638000E-6	162.903111000E-6	162.755300000E-6	162.810426000E-6	162.809214000E-6	162.787406000E-6	162.811032000E-6	162.785589000E-6	162.798916000E-6	162.789829000E-6	162.766810000E-6	162.799522000E-6	162.808609000E-6	162.765598000E-6	162.818907000E-6
162.901422000E-6	162.903240000E-6	162.889913000E-6	162.872345000E-6	162.886884000E-6	162.929289000E-6	162.848113000E-6	162.832363000E-6	162.924442000E-6	162.989867000E-6	163.000771000E-6	162.980780000E-6	163.051051000E-6	162.994713000E-6	162.923837000E-6	162.893547000E-6	162.970482000E-6	162.966241000E-6	162.902028000E-6	162.856594000E-6	162.892941000E-6	162.880826000E-6	162.885672000E-6	162.871133000E-6	162.875374000E-6	162.885672000E-6	162.888095000E-6	162.872951000E-6	162.896576000E-6	162.846902000E-6
162.855237000E-6	162.820101000E-6	162.837669000E-6	162.823736000E-6	162.857054000E-6	162.838880000E-6	162.812832000E-6	162.839486000E-6	162.812226000E-6	162.783754000E-6	162.852208000E-6	162.664415000E-6	162.686829000E-6	162.691675000E-6	162.638972000E-6	162.814043000E-6	162.975182000E-6	163.010317000E-6	162.990326000E-6	163.020616000E-6	162.962460000E-6	163.069078000E-6	163.105425000E-6	163.152676000E-6	163.107243000E-6	162.916421000E-6	162.865535000E-6	162.937623000E-6	162.809803000E-6	162.823130000E-6
162.817978000E-6	162.815555000E-6	162.777997000E-6	162.782843000E-6	162.624127000E-6	162.699245000E-6	162.860989000E-6	162.865230000E-6	162.936107000E-6	162.971242000E-6	162.951857000E-6	162.971242000E-6	162.937924000E-6	162.970030000E-6	162.926414000E-6	162.865230000E-6	162.845239000E-6	163.033638000E-6	162.963973000E-6	162.855537000E-6	162.790112000E-6	162.749525000E-6	162.768910000E-6	162.788295000E-6	162.793747000E-6	162.836152000E-6	162.822825000E-6	162.833123000E-6	162.789507000E-6	162.781631000E-6
162.848123000E-6	162.789362000E-6	162.756650000E-6	162.766948000E-6	162.603387000E-6	162.822680000E-6	162.688803000E-6	162.825709000E-6	162.834190000E-6	162.923240000E-6	162.958376000E-6	162.927481000E-6	162.940808000E-6	162.908701000E-6	163.017742000E-6	162.789362000E-6	162.912336000E-6	162.793603000E-6	162.805113000E-6	162.804507000E-6	162.794209000E-6	162.786333000E-6	162.782093000E-6	162.739688000E-6	162.780276000E-6	162.791180000E-6	162.765131000E-6	162.739688000E-6	162.774824000E-6	162.777247000E-6
162.849757000E-6	162.853392000E-6	162.707398000E-6	162.706792000E-6	162.648031000E-6	162.986058000E-6	163.017559000E-6	163.002415000E-6	163.009684000E-6	163.095705000E-6	162.909730000E-6	162.892768000E-6	162.927297000E-6	162.824920000E-6	162.857027000E-6	162.960616000E-6	162.837641000E-6	162.869748000E-6	162.840670000E-6	162.875200000E-6	162.849757000E-6	162.851574000E-6	162.847940000E-6	162.838853000E-6	162.869748000E-6	162.865507000E-6	162.890345000E-6	162.878229000E-6	162.834613000E-6	162.904883000E-6
162.880760000E-6	162.904992000E-6	162.920136000E-6	162.686910000E-6	162.928012000E-6	163.021908000E-6	163.035841000E-6	162.978898000E-6	163.025543000E-6	163.000706000E-6	162.966782000E-6	163.085516000E-6	163.112170000E-6	162.987379000E-6	163.047351000E-6	162.888636000E-6	163.093997000E-6	162.946791000E-6	162.856529000E-6	162.843202000E-6	162.879549000E-6	162.851683000E-6	162.889847000E-6	162.864404000E-6	162.837750000E-6	162.856529000E-6	162.854106000E-6	162.867433000E-6	162.871068000E-6	162.889847000E-6
162.858963000E-6	162.754162000E-6	162.706911000E-6	162.929839000E-6	163.008591000E-6	162.982543000E-6	163.020101000E-6	162.948619000E-6	162.983149000E-6	162.992235000E-6	162.985572000E-6	162.939532000E-6	162.966187000E-6	162.955888000E-6	162.981331000E-6	163.032823000E-6	162.977696000E-6	163.038275000E-6	162.983754000E-6	162.999505000E-6	162.869867000E-6	163.054025000E-6	162.954677000E-6	162.855934000E-6	162.867444000E-6	162.863203000E-6	162.843818000E-6	162.864415000E-6	162.818981000E-6	162.825645000E-6
162.981292000E-6	162.951003000E-6	162.891636000E-6	162.910416000E-6	162.872857000E-6	162.984927000E-6	162.934647000E-6	162.926166000E-6	162.801980000E-6	163.000072000E-6	163.030361000E-6	163.047929000E-6	163.097603000E-6	163.036419000E-6	163.015216000E-6	163.083670000E-6	162.997043000E-6	162.963119000E-6	163.143037000E-6	162.969782000E-6	162.911627000E-6	162.883155000E-6	162.931618000E-6	162.872857000E-6	162.940705000E-6	162.933435000E-6	162.880732000E-6	162.904358000E-6	162.932224000E-6	162.957061000E-6
162.924962000E-6	162.912240000E-6	162.886191000E-6	162.881951000E-6	162.945558000E-6	162.906182000E-6	162.873470000E-6	162.849844000E-6	163.071561000E-6	163.072167000E-6	163.017041000E-6	163.040061000E-6	163.035214000E-6	163.070956000E-6	163.129111000E-6	162.948587000E-6	162.992204000E-6	162.928596000E-6	162.952222000E-6	162.906788000E-6	162.884980000E-6	162.880134000E-6	162.891643000E-6	162.822584000E-6	162.941924000E-6	162.940712000E-6	162.946770000E-6	162.947376000E-6	162.904365000E-6	162.896490000E-6
162.952294000E-6	162.925033000E-6	162.940178000E-6	162.946842000E-6	162.943207000E-6	162.935937000E-6	162.820233000E-6	162.942601000E-6	162.799030000E-6	162.908071000E-6	162.872330000E-6	162.966227000E-6	162.905648000E-6	163.077085000E-6	163.059517000E-6	163.035892000E-6	163.074662000E-6	163.084355000E-6	163.093441000E-6	163.060729000E-6	163.072845000E-6	163.060123000E-6	163.054065000E-6	163.095865000E-6	163.054065000E-6	162.966227000E-6	163.103740000E-6	163.113432000E-6	162.971073000E-6	162.949265000E-6
162.986373000E-6	162.978498000E-6	163.033019000E-6	163.006364000E-6	162.985767000E-6	163.061490000E-6	163.048163000E-6	163.154781000E-6	163.146906000E-6	163.174772000E-6	163.186887000E-6	163.134184000E-6	163.092385000E-6	163.152358000E-6	163.063913000E-6	163.059673000E-6	163.027566000E-6	163.020903000E-6	163.123886000E-6	162.963353000E-6	162.957901000E-6	162.953661000E-6	162.984556000E-6	162.971834000E-6	162.951844000E-6	163.008787000E-6	163.003335000E-6	163.008787000E-6	163.054221000E-6	163.003941000E-6
163.048292000E-6	162.985290000E-6	163.021032000E-6	162.870797000E-6	162.899269000E-6	163.039205000E-6	163.064042000E-6	163.162179000E-6	163.163996000E-6	163.108264000E-6	163.117957000E-6	163.182776000E-6	163.187622000E-6	163.120986000E-6	163.248806000E-6	163.202161000E-6	163.069494000E-6	163.066465000E-6	163.013156000E-6	163.028301000E-6	162.991954000E-6	163.004070000E-6	163.014368000E-6	162.976809000E-6	163.004676000E-6	162.982867000E-6	162.998012000E-6	162.984079000E-6	162.987108000E-6	163.028301000E-6
163.039915000E-6	162.954499000E-6	162.970855000E-6	162.959345000E-6	162.828496000E-6	163.040520000E-6	163.107157000E-6	163.069598000E-6	163.158648000E-6	163.155013000E-6	163.133811000E-6	163.103522000E-6	163.221044000E-6	163.049001000E-6	163.162889000E-6	163.097464000E-6	162.979942000E-6	162.954499000E-6	162.953287000E-6	163.009020000E-6	162.990846000E-6	162.967826000E-6	162.942383000E-6	162.992663000E-6	162.962374000E-6	162.997510000E-6	163.001750000E-6	162.979336000E-6	162.959951000E-6	162.977519000E-6
163.041013000E-6	163.010118000E-6	162.988310000E-6	163.037984000E-6	163.070091000E-6	163.006483000E-6	163.008301000E-6	163.105226000E-6	163.209421000E-6	163.087053000E-6	163.051311000E-6	163.053129000E-6	163.050706000E-6	163.083418000E-6	163.019205000E-6	163.109467000E-6	163.188219000E-6	163.180344000E-6	163.191854000E-6	163.164593000E-6	163.147631000E-6	163.209421000E-6	163.237287000E-6	163.094928000E-6	163.174286000E-6	163.142179000E-6	163.056763000E-6	163.050706000E-6	162.886538000E-6	163.101591000E-6
163.044627000E-6	163.021608000E-6	163.049474000E-6	162.959818000E-6	162.976174000E-6	163.187592000E-6	163.220305000E-6	163.172448000E-6	163.207583000E-6	163.226968000E-6	163.273613000E-6	163.164572000E-6	163.082792000E-6	163.044022000E-6	163.054320000E-6	163.064012000E-6	163.074917000E-6	163.065830000E-6	163.069465000E-6	163.075522000E-6	163.059166000E-6	163.068859000E-6	163.085215000E-6	163.059772000E-6	163.057955000E-6	163.079157000E-6	163.074311000E-6	163.106417000E-6	163.081580000E-6	162.993136000E-6
163.048323000E-6	163.015611000E-6	163.038630000E-6	163.065285000E-6	163.054987000E-6	163.071948000E-6	163.001678000E-6	163.038025000E-6	163.067102000E-6	163.188259000E-6	163.191894000E-6	163.193105000E-6	163.219154000E-6	163.316685000E-6	163.130709000E-6	163.220365000E-6	163.189470000E-6	163.120411000E-6	163.038025000E-6	163.055592000E-6	163.056804000E-6	163.024092000E-6	163.055592000E-6	163.087699000E-6	163.019245000E-6	163.085276000E-6	163.028938000E-6	163.031967000E-6	163.055592000E-6	163.026515000E-6
163.091790000E-6	163.059077000E-6	163.170542000E-6	163.225668000E-6	163.248082000E-6	163.243842000E-6	163.251717000E-6	163.252928000E-6	163.238390000E-6	163.223245000E-6	163.233543000E-6	163.243236000E-6	163.334104000E-6	163.160849000E-6	163.283823000E-6	163.184475000E-6	163.112386000E-6	163.092395000E-6	163.083309000E-6	163.096030000E-6	163.104511000E-6	163.100876000E-6	163.085126000E-6	163.077857000E-6	163.115415000E-6	163.076039000E-6	163.108146000E-6	163.082097000E-6	163.026971000E-6	163.084520000E-6
163.119441000E-6	163.088546000E-6	162.917109000E-6	162.940735000E-6	163.155788000E-6	162.989803000E-6	163.126105000E-6	163.156394000E-6	163.163057000E-6	163.211520000E-6	163.189712000E-6	163.224847000E-6	163.244232000E-6	163.152759000E-6	163.215761000E-6	163.071584000E-6	163.087940000E-6	163.184260000E-6	163.096421000E-6	163.083094000E-6	163.028573000E-6	163.117018000E-6	163.092786000E-6	163.090969000E-6	163.061286000E-6	163.077642000E-6	163.104296000E-6	163.061891000E-6	163.105508000E-6	163.054016000E-6
163.070924000E-6	163.063049000E-6	163.041846000E-6	163.046692000E-6	163.068501000E-6	163.053962000E-6	162.901910000E-6	162.969758000E-6	163.175119000E-6	163.162397000E-6	163.190263000E-6	163.178753000E-6	163.198138000E-6	163.267804000E-6	163.212677000E-6	163.202985000E-6	163.224793000E-6	163.186023000E-6	163.070318000E-6	163.110905000E-6	163.175724000E-6	163.070924000E-6	163.064866000E-6	163.058808000E-6	163.079405000E-6	163.097578000E-6	163.098790000E-6	163.076376000E-6	163.086068000E-6	163.075164000E-6
163.127803000E-6	163.153246000E-6	163.138707000E-6	163.111446000E-6	163.128408000E-6	163.179900000E-6	163.118716000E-6	163.118716000E-6	163.117504000E-6	163.122956000E-6	163.105389000E-6	163.107206000E-6	163.156880000E-6	162.814007000E-6	163.105994000E-6	163.224122000E-6	163.207766000E-6	163.277431000E-6	163.321653000E-6	163.235632000E-6	163.258652000E-6	163.245930000E-6	163.261681000E-6	163.325288000E-6	163.195045000E-6	163.210795000E-6	163.180506000E-6	163.088427000E-6	163.094484000E-6	163.116293000E-6
163.175569000E-6	163.108933000E-6	163.100452000E-6	163.179204000E-6	162.935679000E-6	163.182233000E-6	163.296726000E-6	163.302178000E-6	163.276129000E-6	163.272495000E-6	163.340948000E-6	163.308842000E-6	163.197983000E-6	163.388199000E-6	163.150732000E-6	163.260985000E-6	163.164665000E-6	163.194349000E-6	163.131347000E-6	163.145886000E-6	163.132559000E-6	163.128924000E-6	163.135588000E-6	163.159819000E-6	163.124078000E-6	163.137405000E-6	163.143463000E-6	163.121049000E-6	163.130136000E-6	163.157396000E-6
163.195527000E-6	163.154940000E-6	163.162209000E-6	163.134949000E-6	163.176029000E-6	163.269320000E-6	163.233578000E-6	163.288705000E-6	163.299609000E-6	163.269320000E-6	163.249329000E-6	163.253569000E-6	163.261444000E-6	163.245088000E-6	163.261444000E-6	163.336561000E-6	163.325052000E-6	163.310513000E-6	163.371091000E-6	163.240242000E-6	163.277800000E-6	163.251146000E-6	163.248723000E-6	163.164519000E-6	163.180269000E-6	163.139682000E-6	163.137259000E-6	163.117874000E-6	163.149375000E-6	163.134230000E-6
163.219695000E-6	163.168203000E-6	163.143366000E-6	163.182136000E-6	163.225753000E-6	163.232416000E-6	163.229387000E-6	163.034931000E-6	163.196069000E-6	163.342669000E-6	163.316620000E-6	163.308745000E-6	163.321467000E-6	163.323284000E-6	163.271268000E-6	163.211901000E-6	163.200997000E-6	163.145871000E-6	163.183429000E-6	163.168285000E-6	163.208872000E-6	163.124668000E-6	163.174342000E-6	163.207661000E-6	163.154957000E-6	163.208872000E-6	163.151928000E-6	163.178583000E-6	163.174948000E-6	163.133149000E-6
163.240567000E-6	163.155151000E-6	163.224816000E-6	163.225422000E-6	163.098207000E-6	163.239961000E-6	163.273279000E-6	163.311443000E-6	163.301145000E-6	163.343550000E-6	163.358695000E-6	163.410792000E-6	163.371416000E-6	163.413821000E-6	163.519833000E-6	163.293876000E-6	163.423514000E-6	163.278125000E-6	163.231480000E-6	163.239961000E-6	163.230268000E-6	163.245413000E-6	163.196345000E-6	163.215124000E-6	163.196950000E-6	163.266615000E-6	163.218759000E-6	163.210278000E-6	163.199373000E-6	163.222393000E-6
163.257846000E-6	163.259663000E-6	163.248759000E-6	163.243307000E-6	163.134872000E-6	163.317818000E-6	163.338415000E-6	163.400810000E-6	163.386877000E-6	163.353559000E-6	163.515909000E-6	163.382637000E-6	163.469264000E-6	163.473504000E-6	163.259663000E-6	163.299645000E-6	163.208171000E-6	163.190604000E-6	163.208777000E-6	163.236037000E-6	163.263903000E-6	163.205142000E-6	163.282683000E-6	163.203325000E-6	163.243913000E-6	163.303885000E-6	163.229374000E-6	163.203931000E-6	163.241489000E-6	163.251788000E-6
163.225701000E-6	163.246903000E-6	163.229941000E-6	163.219037000E-6	163.292337000E-6	163.274769000E-6	163.269317000E-6	163.254778000E-6	163.168151000E-6	163.268105000E-6	163.263259000E-6	163.264471000E-6	163.324443000E-6	163.427426000E-6	163.400166000E-6	163.385627000E-6	163.383204000E-6	163.383810000E-6	163.380781000E-6	163.514053000E-6	163.398349000E-6	163.375935000E-6	163.392291000E-6	163.415916000E-6	163.350428000E-6	163.214127000E-6	163.267436000E-6	163.256532000E-6	163.273494000E-6	163.219579000E-6
163.397738000E-6	163.340189000E-6	163.361391000E-6	163.290514000E-6	163.385016000E-6	163.368055000E-6	163.465586000E-6	163.481942000E-6	163.464980000E-6	163.520712000E-6	163.409854000E-6	163.448018000E-6	163.422575000E-6	163.452864000E-6	163.525558000E-6	163.455287000E-6	163.591588000E-6	163.403190000E-6	163.397738000E-6	163.508040000E-6	163.297833000E-6	163.312978000E-6	163.354777000E-6	163.308737000E-6	163.311160000E-6	163.329334000E-6	163.320247000E-6	163.345690000E-6	163.376585000E-6	163.278448000E-6
163.256731000E-6	163.305194000E-6	163.321550000E-6	163.283385000E-6	163.267635000E-6	163.325185000E-6	163.084083000E-6	163.379705000E-6	163.455428000E-6	163.406965000E-6	163.476025000E-6	163.450582000E-6	163.493592000E-6	163.549930000E-6	163.416658000E-6	163.313675000E-6	163.493592000E-6	163.322761000E-6	163.271270000E-6	163.314280000E-6	163.321550000E-6	163.310646000E-6	163.310040000E-6	163.331242000E-6	163.302771000E-6	163.330031000E-6	163.366378000E-6	163.322156000E-6	163.350022000E-6	163.290791000E-6
163.394224000E-6	163.445110000E-6	163.250048000E-6	163.314261000E-6	163.470553000E-6	163.516593000E-6	163.534160000E-6	163.532343000E-6	163.499025000E-6	163.567478000E-6	163.559603000E-6	163.499025000E-6	163.413610000E-6	163.488727000E-6	163.372416000E-6	163.442081000E-6	163.381503000E-6	163.363935000E-6	163.375445000E-6	163.374839000E-6	163.458437000E-6	163.382109000E-6	163.394224000E-6	163.346973000E-6	163.344550000E-6	163.337281000E-6	163.320925000E-6	163.403311000E-6	163.357877000E-6	163.328300000E-6
163.421011000E-6	163.421616000E-6	163.453117000E-6	163.235035000E-6	163.335595000E-6	163.514301000E-6	163.596082000E-6	163.510667000E-6	163.579120000E-6	163.654237000E-6	163.435549000E-6	163.620313000E-6	163.573062000E-6	163.448271000E-6	163.378606000E-6	163.391933000E-6	163.378606000E-6	163.350134000E-6	163.393750000E-6	163.370125000E-6	163.404049000E-6	163.391933000E-6	163.405866000E-6	163.417982000E-6	163.351451000E-6	163.484118000E-6	163.326008000E-6	163.369019000E-6	163.488358000E-6	163.535609000E-6
163.475192000E-6	163.435816000E-6	163.450355000E-6	163.435211000E-6	163.429759000E-6	163.438240000E-6	163.452778000E-6	163.411585000E-6	163.441874000E-6	163.193503000E-6	163.521232000E-6	163.568483000E-6	163.560002000E-6	163.589079000E-6	163.588474000E-6	163.561819000E-6	163.581810000E-6	163.595137000E-6	163.631484000E-6	163.712053000E-6	163.695697000E-6	163.578175000E-6	163.538800000E-6	163.537588000E-6	163.594532000E-6	163.394623000E-6	163.403710000E-6	163.481856000E-6	163.447932000E-6	163.475192000E-6
163.504683000E-6	163.520433000E-6	163.527097000E-6	163.526491000E-6	163.554357000E-6	163.704591000E-6	163.552540000E-6	163.624022000E-6	163.651282000E-6	163.624022000E-6	163.740938000E-6	163.700957000E-6	163.637955000E-6	163.705803000E-6	163.673091000E-6	163.617964000E-6	163.459855000E-6	163.556174000E-6	163.297504000E-6	163.601002000E-6	163.478028000E-6	163.454403000E-6	163.371410000E-6	163.525885000E-6	163.667639000E-6	163.536789000E-6	163.427142000E-6	163.532549000E-6	163.489538000E-6	163.610089000E-6
163.546566000E-6	163.552624000E-6	163.590183000E-6	163.568980000E-6	163.559894000E-6	163.790092000E-6	163.579279000E-6	163.615020000E-6	163.696195000E-6	163.668329000E-6	163.754956000E-6	163.714369000E-6	163.693166000E-6	163.750110000E-6	163.672570000E-6	163.708917000E-6	163.729513000E-6	163.701041000E-6	163.705888000E-6	163.716792000E-6	163.590183000E-6	163.480536000E-6	163.599875000E-6	163.568980000E-6	163.651973000E-6	163.572009000E-6	163.442372000E-6	163.530816000E-6	163.639857000E-6	163.712551000E-6
163.657981000E-6	163.627692000E-6	163.601038000E-6	163.635567000E-6	163.475035000E-6	163.700992000E-6	163.710685000E-6	163.727647000E-6	163.711896000E-6	163.629510000E-6	163.650106000E-6	163.571354000E-6	163.579835000E-6	163.584682000E-6	163.578624000E-6	163.581653000E-6	163.607701000E-6	163.615577000E-6	163.604672000E-6	163.596191000E-6	163.601643000E-6	163.615577000E-6	163.590739000E-6	163.619817000E-6	163.581047000E-6	163.671914000E-6	163.570143000E-6	163.548334000E-6	163.636173000E-6	163.578624000E-6
163.620886000E-6	163.559702000E-6	163.613011000E-6	163.577270000E-6	163.606953000E-6	163.616040000E-6	163.520326000E-6	163.657839000E-6	163.722052000E-6	163.772938000E-6	163.759005000E-6	163.742649000E-6	163.733562000E-6	163.739620000E-6	163.803833000E-6	163.688734000E-6	163.715994000E-6	163.699638000E-6	163.605742000E-6	163.725687000E-6	163.561519000E-6	163.586356000E-6	163.580904000E-6	163.606347000E-6	163.589991000E-6	163.614222000E-6	163.597261000E-6	163.566971000E-6	163.600289000E-6	163.598472000E-6
163.815605000E-6	163.710198000E-6	163.659918000E-6	163.704140000E-6	163.719891000E-6	163.716862000E-6	163.696871000E-6	163.521799000E-6	163.685967000E-6	163.816211000E-6	163.783498000E-6	163.850740000E-6	163.862250000E-6	163.840442000E-6	163.842259000E-6	163.717468000E-6	163.895568000E-6	163.798643000E-6	163.702929000E-6	163.647197000E-6	163.625994000E-6	163.633869000E-6	163.675063000E-6	163.648408000E-6	163.715650000E-6	163.720497000E-6	163.687784000E-6	163.690207000E-6	163.713227000E-6	163.692025000E-6
163.751620000E-6	163.673473000E-6	163.715878000E-6	163.754043000E-6	163.687406000E-6	163.717696000E-6	163.704368000E-6	163.716484000E-6	163.719513000E-6	163.690435000E-6	163.744350000E-6	163.729206000E-6	163.742533000E-6	163.715878000E-6	163.757677000E-6	163.775245000E-6	163.789178000E-6	163.844304000E-6	163.843699000E-6	163.835823000E-6	163.834612000E-6	163.869747000E-6	163.856420000E-6	163.889132000E-6	164.003020000E-6	163.771610000E-6	163.755860000E-6	163.803717000E-6	163.787967000E-6	163.763129000E-6
163.873746000E-6	163.771368000E-6	163.790148000E-6	163.778638000E-6	163.808927000E-6	163.840428000E-6	163.775003000E-6	163.799840000E-6	163.798629000E-6	163.749560000E-6	163.773792000E-6	163.788936000E-6	163.788936000E-6	163.633856000E-6	163.681107000E-6	163.715031000E-6	163.752589000E-6	163.853149000E-6	163.950680000E-6	163.990056000E-6	163.968248000E-6	163.974911000E-6	163.940987000E-6	163.918574000E-6	163.939776000E-6	163.925843000E-6	163.839216000E-6	164.028826000E-6	163.828312000E-6	163.825889000E-6
163.815146000E-6	163.805453000E-6	163.865426000E-6	163.711557000E-6	163.760625000E-6	163.859368000E-6	163.950235000E-6	163.982342000E-6	163.962351000E-6	163.960533000E-6	163.890868000E-6	163.890868000E-6	163.797578000E-6	163.814540000E-6	163.801213000E-6	163.824838000E-6	163.827261000E-6	163.821809000E-6	163.804847000E-6	163.801213000E-6	163.804241000E-6	163.778193000E-6	163.840588000E-6	163.834531000E-6	163.801818000E-6	163.884205000E-6	163.896926000E-6	163.706105000E-6	163.776375000E-6	163.992034000E-6
163.841772000E-6	163.776953000E-6	163.796338000E-6	163.765443000E-6	163.808454000E-6	163.837531000E-6	163.617026000E-6	163.853282000E-6	163.941726000E-6	163.975044000E-6	163.958688000E-6	163.953236000E-6	163.922341000E-6	163.952024000E-6	163.916889000E-6	163.944755000E-6	164.013208000E-6	164.011997000E-6	163.894475000E-6	163.981102000E-6	163.760597000E-6	163.741212000E-6	163.763020000E-6	163.768472000E-6	163.766049000E-6	163.758780000E-6	163.815723000E-6	163.780588000E-6	163.817541000E-6	163.747270000E-6
163.914655000E-6	163.878308000E-6	163.839538000E-6	163.731708000E-6	163.889212000E-6	163.966147000E-6	163.972204000E-6	163.991590000E-6	163.970993000E-6	163.962512000E-6	164.106688000E-6	164.075793000E-6	163.964329000E-6	163.868010000E-6	163.852259000E-6	163.859529000E-6	163.826816000E-6	163.923742000E-6	163.858923000E-6	163.859529000E-6	163.838326000E-6	163.832268000E-6	163.907386000E-6	163.989166000E-6	163.838326000E-6	163.837115000E-6	163.821970000E-6	163.860135000E-6	163.861952000E-6	163.824999000E-6
163.977535000E-6	163.933919000E-6	163.959362000E-6	163.949669000E-6	163.926044000E-6	163.870917000E-6	164.034479000E-6	164.098692000E-6	164.050229000E-6	164.080518000E-6	164.056287000E-6	164.077489000E-6	164.223483000E-6	164.042354000E-6	163.965420000E-6	163.924226000E-6	164.036902000E-6	164.002978000E-6	163.917563000E-6	163.934525000E-6	163.930284000E-6	163.955121000E-6	163.890302000E-6	163.936948000E-6	163.929678000E-6	163.906053000E-6	163.958150000E-6	163.941188000E-6	163.901207000E-6	163.920592000E-6
163.998661000E-6	163.971401000E-6	163.970795000E-6	163.824802000E-6	163.945352000E-6	164.019258000E-6	163.925967000E-6	163.998056000E-6	164.053788000E-6	164.120424000E-6	164.039855000E-6	164.073778000E-6	164.130722000E-6	164.098010000E-6	164.099221000E-6	164.073778000E-6	164.082865000E-6	164.187060000E-6	164.155559000E-6	164.111943000E-6	163.990180000E-6	163.998661000E-6	164.005931000E-6	163.912640000E-6	163.988363000E-6	163.959891000E-6	163.968372000E-6	163.983517000E-6	163.959891000E-6	163.983517000E-6
164.055205000E-6	164.020675000E-6	164.047936000E-6	164.019464000E-6	164.014617000E-6	164.038849000E-6	164.027339000E-6	164.036426000E-6	164.025522000E-6	164.015829000E-6	164.104879000E-6	164.030368000E-6	164.081859000E-6	163.851056000E-6	164.101244000E-6	164.107302000E-6	164.164852000E-6	164.144861000E-6	164.184237000E-6	164.158794000E-6	164.167881000E-6	164.183631000E-6	164.163640000E-6	164.164852000E-6	164.215132000E-6	164.219372000E-6	164.064292000E-6	164.007348000E-6	164.058234000E-6	164.067926000E-6
164.118798000E-6	164.098201000E-6	164.107288000E-6	164.111528000E-6	163.954630000E-6	164.281148000E-6	164.253281000E-6	164.236320000E-6	164.220569000E-6	164.231473000E-6	164.367169000E-6	164.238743000E-6	164.152116000E-6	164.160597000E-6	164.353842000E-6	164.208454000E-6	164.159991000E-6	164.103047000E-6	164.115769000E-6	164.129702000E-6	164.216329000E-6	164.186040000E-6	164.107288000E-6	164.113345000E-6	164.138788000E-6	164.101230000E-6	164.135759000E-6	164.093960000E-6	164.109105000E-6	164.080633000E-6
164.190371000E-6	164.124341000E-6	164.162505000E-6	163.997732000E-6	163.997126000E-6	164.220054000E-6	164.049829000E-6	164.178861000E-6	164.002578000E-6	164.225507000E-6	164.286691000E-6	164.275787000E-6	164.284873000E-6	164.297595000E-6	164.279462000E-6	164.181325000E-6	164.149218000E-6	164.081976000E-6	164.144372000E-6	164.129833000E-6	164.164968000E-6	164.112871000E-6	164.166180000E-6	164.164363000E-6	164.109236000E-6	164.135891000E-6	164.137102000E-6	164.158305000E-6	164.138920000E-6	164.104996000E-6
164.164154000E-6	164.124778000E-6	164.142346000E-6	164.015131000E-6	164.034517000E-6	164.132048000E-6	164.297426000E-6	164.266531000E-6	164.271378000E-6	164.283493000E-6	164.266531000E-6	164.259262000E-6	164.421612000E-6	164.243512000E-6	164.368303000E-6	164.189597000E-6	164.170212000E-6	164.072075000E-6	164.159914000E-6	164.107816000E-6	164.144163000E-6	164.096306000E-6	164.107210000E-6	164.112057000E-6	164.128413000E-6	164.174452000E-6	164.161731000E-6	164.116297000E-6	164.136894000E-6	164.115086000E-6
164.182398000E-6	164.149686000E-6	164.098800000E-6	164.158773000E-6	164.153321000E-6	164.192091000E-6	163.991576000E-6	164.213899000E-6	164.324757000E-6	164.332027000E-6	164.284776000E-6	164.324151000E-6	164.318699000E-6	164.292045000E-6	164.292651000E-6	164.252063000E-6	164.264785000E-6	164.313853000E-6	164.241765000E-6	164.247217000E-6	164.155744000E-6	164.153321000E-6	164.186033000E-6	164.138782000E-6	164.123637000E-6	164.165436000E-6	164.160590000E-6	164.124849000E-6	164.123031000E-6	164.121214000E-6
164.277073000E-6	164.235274000E-6	164.280102000E-6	164.196504000E-6	164.138955000E-6	164.392778000E-6	164.402471000E-6	164.365518000E-6	164.381268000E-6	164.413375000E-6	164.340681000E-6	164.365518000E-6	164.328565000E-6	164.361277000E-6	164.406105000E-6	164.317055000E-6	164.459414000E-6	164.417010000E-6	164.337046000E-6	164.325536000E-6	164.309786000E-6	164.251025000E-6	164.229822000E-6	164.252842000E-6	164.451539000E-6	164.250419000E-6	164.266169000E-6	164.306151000E-6	164.248602000E-6	164.212860000E-6
164.334601000E-6	164.313399000E-6	164.344899000E-6	164.118336000E-6	164.387304000E-6	164.319456000E-6	164.204357000E-6	164.423651000E-6	164.446671000E-6	164.456364000E-6	164.401843000E-6	164.382458000E-6	164.525423000E-6	164.389122000E-6	164.307341000E-6	164.387910000E-6	164.379429000E-6	164.260090000E-6	164.301283000E-6	164.263118000E-6	164.286744000E-6	164.294619000E-6	164.320062000E-6	164.340053000E-6	164.303078000E-6	164.334579000E-6	164.275212000E-6	164.326704000E-6	164.289145000E-6	164.307319000E-6
164.443348000E-6	164.425174000E-6	164.464550000E-6	164.437896000E-6	164.454252000E-6	164.356115000E-6	164.414270000E-6	164.367019000E-6	164.459098000E-6	164.578437000E-6	164.545119000E-6	164.569956000E-6	164.563899000E-6	164.540273000E-6	164.599034000E-6	164.582072000E-6	164.563899000E-6	164.505138000E-6	164.473031000E-6	164.630535000E-6	164.603275000E-6	164.446983000E-6	164.433050000E-6	164.424569000E-6	164.438502000E-6	164.443954000E-6	164.439713000E-6	164.410636000E-6	164.446983000E-6	164.488782000E-6
164.559231000E-6	164.329639000E-6	164.502893000E-6	164.420507000E-6	164.606482000E-6	164.445950000E-6	164.554991000E-6	164.658580000E-6	164.678570000E-6	164.693109000E-6	164.736120000E-6	164.665243000E-6	164.660397000E-6	164.615569000E-6	164.557414000E-6	164.505316000E-6	164.546510000E-6	164.495624000E-6	164.498653000E-6	164.485325000E-6	164.499864000E-6	164.460488000E-6	164.484720000E-6	164.479873000E-6	164.498653000E-6	164.511980000E-6	164.487143000E-6	164.498047000E-6	164.490172000E-6	164.490777000E-6
164.561771000E-6	164.524818000E-6	164.521789000E-6	164.511491000E-6	164.559348000E-6	164.636888000E-6	164.440008000E-6	164.455758000E-6	164.663542000E-6	164.706553000E-6	164.682322000E-6	164.685956000E-6	164.770766000E-6	164.574492000E-6	164.556319000E-6	164.694437000E-6	164.598723000E-6	164.624772000E-6	164.500586000E-6	164.529664000E-6	164.481201000E-6	164.568434000E-6	164.638705000E-6	164.510279000E-6	164.503010000E-6	164.558742000E-6	164.513914000E-6	164.519366000E-6	164.524212000E-6	164.512096000E-6
164.671052000E-6	164.631070000E-6	164.650455000E-6	164.577155000E-6	164.685590000E-6	164.692254000E-6	164.806747000E-6	164.788573000E-6	164.749198000E-6	164.718303000E-6	164.796449000E-6	164.765554000E-6	164.755861000E-6	164.705581000E-6	164.887922000E-6	164.651667000E-6	164.604416000E-6	164.621377000E-6	164.606839000E-6	164.595329000E-6	164.605021000E-6	164.651061000E-6	164.641974000E-6	164.647426000E-6	164.606839000E-6	164.650455000E-6	164.663782000E-6	164.641974000E-6	164.632282000E-6	164.627435000E-6
164.760331000E-6	164.703387000E-6	164.718531000E-6	164.739128000E-6	164.696723000E-6	164.753667000E-6	164.688242000E-6	164.639174000E-6	164.698541000E-6	164.676127000E-6	164.754879000E-6	164.494997000E-6	164.507113000E-6	164.767600000E-6	164.845140000E-6	164.848169000E-6	164.853015000E-6	164.820909000E-6	164.834236000E-6	164.751850000E-6	164.911776000E-6	164.678550000E-6	164.713685000E-6	164.685819000E-6	164.674309000E-6	164.708233000E-6	164.693089000E-6	164.697935000E-6	164.694906000E-6	164.673098000E-6
164.823223000E-6	164.767491000E-6	164.822011000E-6	164.772943000E-6	164.677229000E-6	164.895311000E-6	164.965582000E-6	164.964976000E-6	164.938928000E-6	164.934081000E-6	164.926206000E-6	164.878349000E-6	165.003746000E-6	164.919542000E-6	164.893494000E-6	164.873503000E-6	164.854118000E-6	164.803838000E-6	164.809290000E-6	164.755375000E-6	164.817165000E-6	164.802626000E-6	164.820800000E-6	164.816559000E-6	164.836550000E-6	164.863810000E-6	164.769914000E-6	164.820194000E-6	164.771126000E-6	164.805049000E-6
164.879691000E-6	164.873633000E-6	164.913009000E-6	164.902711000E-6	164.639801000E-6	164.880903000E-6	164.883932000E-6	164.997819000E-6	165.070513000E-6	165.070513000E-6	164.986915000E-6	165.000242000E-6	165.062638000E-6	164.910586000E-6	164.903923000E-6	165.021445000E-6	164.877874000E-6	164.823353000E-6	164.888778000E-6	164.836075000E-6	164.883932000E-6	164.891201000E-6	164.888778000E-6	164.834258000E-6	164.850614000E-6	164.868181000E-6	164.853643000E-6	164.903923000E-6	164.865758000E-6	164.885143000E-6
164.888035000E-6	164.879554000E-6	164.890458000E-6	164.723261000E-6	164.640874000E-6	164.980720000E-6	165.018884000E-6	165.076434000E-6	165.017067000E-6	164.991493000E-6	164.880028000E-6	165.128400000E-6	164.943636000E-6	164.826113000E-6	164.832777000E-6	164.867307000E-6	164.862461000E-6	164.863066000E-6	164.871547000E-6	164.864278000E-6	164.884269000E-6	164.850345000E-6	164.843681000E-6	164.892750000E-6	164.881846000E-6	164.861855000E-6	164.832171000E-6	164.855797000E-6	164.860037000E-6	164.859432000E-6
164.971778000E-6	164.870612000E-6	164.935431000E-6	164.942700000E-6	164.925738000E-6	164.848198000E-6	164.996009000E-6	165.039626000E-6	165.087483000E-6	165.098387000E-6	165.091117000E-6	165.145032000E-6	165.097175000E-6	165.138368000E-6	165.000297000E-6	164.947594000E-6	164.896102000E-6	164.868236000E-6	164.940324000E-6	164.961527000E-6	164.972431000E-6	164.927603000E-6	164.929420000E-6	164.959709000E-6	164.951228000E-6	164.931238000E-6	164.948200000E-6	164.992422000E-6	164.966373000E-6	164.943353000E-6
164.996837000E-6	164.979269000E-6	165.050146000E-6	164.982904000E-6	165.012587000E-6	165.072560000E-6	165.024097000E-6	164.994414000E-6	164.985327000E-6	165.054386000E-6	165.038636000E-6	164.995625000E-6	165.123446000E-6	165.163427000E-6	165.136773000E-6	165.162216000E-6	165.196746000E-6	165.197957000E-6	165.195534000E-6	165.268228000E-6	165.082858000E-6	165.019857000E-6	165.051963000E-6	165.178572000E-6	164.980338000E-6	164.995483000E-6	164.948232000E-6	164.953078000E-6	164.978521000E-6	164.988214000E-6
165.125989000E-6	165.096305000E-6	164.952735000E-6	165.007861000E-6	165.228979000E-6	165.278654000E-6	165.247759000E-6	165.222922000E-6	165.337415000E-6	165.172036000E-6	165.336809000E-6	165.155074000E-6	165.144170000E-6	165.111458000E-6	165.098130000E-6	165.121756000E-6	165.067235000E-6	165.116910000E-6	165.059966000E-6	165.075716000E-6	165.064812000E-6	165.127814000E-6	165.095101000E-6	165.051485000E-6	165.119939000E-6	165.059360000E-6	165.096919000E-6	165.116910000E-6	165.093890000E-6	165.062995000E-6
165.210002000E-6	165.185165000E-6	165.202732000E-6	165.117923000E-6	165.151241000E-6	165.179107000E-6	164.991920000E-6	165.022209000E-6	165.208185000E-6	165.239685000E-6	165.101566000E-6	165.121557000E-6	165.193040000E-6	165.329947000E-6	165.324495000E-6	165.318437000E-6	165.335399000E-6	165.303898000E-6	165.306927000E-6	165.332976000E-6	165.313591000E-6	165.269975000E-6	165.302081000E-6	165.379016000E-6	165.288433000E-6	165.141833000E-6	165.112756000E-6	165.119419000E-6	165.135775000E-6	165.131535000E-6
165.226894000E-6	165.195393000E-6	165.228106000E-6	165.067573000E-6	165.174797000E-6	165.137238000E-6	165.318973000E-6	165.335935000E-6	165.366830000E-6	165.354109000E-6	165.284444000E-6	165.368648000E-6	165.337753000E-6	165.326243000E-6	165.280203000E-6	165.421351000E-6	165.454063000E-6	165.341993000E-6	165.260212000E-6	165.297165000E-6	165.254154000E-6	165.208115000E-6	165.219019000E-6	165.245068000E-6	165.226258000E-6	165.207479000E-6	165.203238000E-6	165.208085000E-6	165.200209000E-6	165.249884000E-6
165.340733000E-6	165.301357000E-6	165.160209000E-6	165.065101000E-6	165.225634000E-6	165.349819000E-6	165.326800000E-6	165.312867000E-6	165.174748000E-6	165.131131000E-6	165.308020000E-6	165.372839000E-6	165.459466000E-6	165.434023000E-6	165.437052000E-6	165.441899000E-6	165.406157000E-6	165.439475000E-6	165.444927000E-6	165.474005000E-6	165.522468000E-6	165.511564000E-6	165.369204000E-6	165.371628000E-6	165.335330000E-6	165.302011000E-6	165.266270000E-6	165.375311000E-6	165.303829000E-6	165.266876000E-6
165.470276000E-6	165.378197000E-6	165.419996000E-6	165.421814000E-6	165.228569000E-6	165.324888000E-6	165.318831000E-6	165.438776000E-6	165.529643000E-6	165.533884000E-6	165.533884000E-6	165.496931000E-6	165.519951000E-6	165.395159000E-6	165.499354000E-6	165.429083000E-6	165.559327000E-6	165.430901000E-6	165.346091000E-6	165.387284000E-6	165.364870000E-6	165.368505000E-6	165.388496000E-6	165.449074000E-6	165.403035000E-6	165.401823000E-6	165.358812000E-6	165.408487000E-6	165.375168000E-6	165.373351000E-6
165.463864000E-6	165.422065000E-6	165.446296000E-6	165.326351000E-6	165.300908000E-6	165.621367000E-6	165.602588000E-6	165.615915000E-6	165.565635000E-6	165.612886000E-6	165.557760000E-6	165.513538000E-6	165.475373000E-6	165.486883000E-6	165.562606000E-6	165.547462000E-6	165.524442000E-6	165.480220000E-6	165.411161000E-6	165.418430000E-6	165.407526000E-6	165.424488000E-6	165.452354000E-6	165.437815000E-6	165.441450000E-6	165.442661000E-6	165.454777000E-6	165.425094000E-6	165.442055000E-6	165.438421000E-6
165.593044000E-6	165.593650000E-6	165.404645000E-6	165.444021000E-6	165.482791000E-6	165.713595000E-6	165.725710000E-6	165.746307000E-6	165.758422000E-6	165.736614000E-6	165.685729000E-6	165.706931000E-6	165.832328000E-6	165.793558000E-6	165.655439000E-6	165.712989000E-6	165.634237000E-6	165.539129000E-6	165.548822000E-6	165.527619000E-6	165.602736000E-6	165.577899000E-6	165.534283000E-6	165.562149000E-6	165.565784000E-6	165.574870000E-6	165.567601000E-6	165.563360000E-6	165.541552000E-6	165.558514000E-6
165.599495000E-6	165.581927000E-6	165.568600000E-6	165.435933000E-6	165.373538000E-6	165.561936000E-6	165.736402000E-6	165.721258000E-6	165.753970000E-6	165.731556000E-6	165.855742000E-6	165.858165000E-6	165.661891000E-6	165.659468000E-6	165.795163000E-6	165.803644000E-6	165.628573000E-6	165.607976000E-6	165.612822000E-6	165.606764000E-6	165.620092000E-6	165.623121000E-6	165.650987000E-6	165.587985000E-6	165.611611000E-6	165.581322000E-6	165.553455000E-6	165.583139000E-6	165.598284000E-6	165.635236000E-6
165.648975000E-6	165.704102000E-6	165.528424000E-6	165.717429000E-6	165.795575000E-6	165.859182000E-6	165.838585000E-6	165.819806000E-6	165.823441000E-6	165.800421000E-6	165.779824000E-6	165.696226000E-6	165.859182000E-6	165.631408000E-6	165.682293000E-6	165.570829000E-6	165.630802000E-6	165.647764000E-6	165.638677000E-6	165.650187000E-6	165.659274000E-6	165.668360000E-6	165.664120000E-6	165.655639000E-6	165.645341000E-6	165.662303000E-6	165.704707000E-6	165.567195000E-6	165.758016000E-6	165.784065000E-6
165.826584000E-6	165.824767000E-6	165.584877000E-6	165.557616000E-6	165.722223000E-6	165.917891000E-6	165.870639000E-6	165.930006000E-6	165.881544000E-6	165.975440000E-6	165.991796000E-6	165.851254000E-6	165.820359000E-6	165.755541000E-6	165.751906000E-6	165.788253000E-6	165.873668000E-6	165.983315000E-6	165.853072000E-6	165.847620000E-6	165.713742000E-6	165.731309000E-6	165.745848000E-6	165.762810000E-6	165.767656000E-6	165.714347000E-6	165.716771000E-6	165.765233000E-6	165.785224000E-6	165.718588000E-6
165.858158000E-6	165.794551000E-6	165.857552000E-6	165.849677000E-6	165.710347000E-6	165.810907000E-6	165.864216000E-6	165.796368000E-6	165.844831000E-6	165.955083000E-6	165.962353000E-6	165.962959000E-6	165.941150000E-6	165.962353000E-6	165.956848000E-6	165.852653000E-6	166.036811000E-6	165.870826000E-6	165.769055000E-6	165.816912000E-6	165.769660000E-6	165.799344000E-6	165.810854000E-6	165.811459000E-6	165.790257000E-6	165.801767000E-6	165.810248000E-6	165.817517000E-6	165.782382000E-6	165.822969000E-6
165.960879000E-6	165.911811000E-6	165.831242000E-6	165.910599000E-6	166.005707000E-6	165.993591000E-6	166.031756000E-6	166.037208000E-6	166.055987000E-6	166.045689000E-6	166.044477000E-6	166.128681000E-6	165.987534000E-6	166.096575000E-6	165.913628000E-6	165.873041000E-6	165.897272000E-6	165.868194000E-6	165.845175000E-6	165.906964000E-6	165.951187000E-6	165.891820000E-6	165.894243000E-6	165.874858000E-6	165.874252000E-6	165.868194000E-6	165.882733000E-6	165.890002000E-6	165.870012000E-6	165.854867000E-6
166.022090000E-6	165.808249000E-6	165.984532000E-6	165.893664000E-6	166.073582000E-6	166.143247000E-6	166.135372000E-6	166.106900000E-6	166.275308000E-6	166.115987000E-6	166.075399000E-6	165.977262000E-6	165.937281000E-6	165.926982000E-6	165.962723000E-6	165.970599000E-6	165.999676000E-6	165.974839000E-6	165.988166000E-6	166.016032000E-6	166.008763000E-6	165.948790000E-6	165.986349000E-6	165.977868000E-6	165.986349000E-6	165.987561000E-6	165.934252000E-6	165.956060000E-6	166.028754000E-6	166.084486000E-6
166.121648000E-6	166.081666000E-6	165.864190000E-6	166.108927000E-6	166.174957000E-6	166.124071000E-6	166.177986000E-6	166.219785000E-6	166.191919000E-6	166.237353000E-6	166.307018000E-6	166.125283000E-6	166.094388000E-6	166.136187000E-6	166.257949000E-6	166.067733000E-6	166.027146000E-6	166.103475000E-6	166.062887000E-6	166.070762000E-6	166.057435000E-6	166.060464000E-6	166.114984000E-6	166.041079000E-6	166.094388000E-6	166.105292000E-6	165.930220000E-6	165.967173000E-6	165.976866000E-6	166.168293000E-6
166.180170000E-6	166.090515000E-6	166.108688000E-6	166.129890000E-6	166.142006000E-6	166.175930000E-6	166.080216000E-6	166.189257000E-6	166.316472000E-6	166.231056000E-6	166.302539000E-6	166.286788000E-6	166.306173000E-6	166.364934000E-6	166.203796000E-6	166.358876000E-6	166.183199000E-6	166.137160000E-6	166.142006000E-6	166.148670000E-6	166.144429000E-6	166.114140000E-6	166.132314000E-6	166.108082000E-6	166.132314000E-6	166.137160000E-6	166.131708000E-6	166.135948000E-6	166.141400000E-6	166.092332000E-6
166.221404000E-6	166.225038000E-6	166.192932000E-6	166.223827000E-6	166.228067000E-6	166.206865000E-6	166.205048000E-6	166.218375000E-6	166.198384000E-6	166.237154000E-6	166.215346000E-6	166.304396000E-6	166.348618000E-6	166.365580000E-6	166.369821000E-6	166.311060000E-6	166.302579000E-6	166.348012000E-6	166.353464000E-6	166.363157000E-6	166.375273000E-6	166.367397000E-6	166.278953000E-6	166.134777000E-6	166.321964000E-6	166.022707000E-6	166.203836000E-6	166.245635000E-6	166.199595000E-6	166.269261000E-6
166.339315000E-6	166.312661000E-6	166.326594000E-6	166.300545000E-6	166.269806000E-6	166.451541000E-6	166.485465000E-6	166.447906000E-6	166.459416000E-6	166.454570000E-6	166.459416000E-6	166.456993000E-6	166.449118000E-6	166.475166000E-6	166.456387000E-6	166.449118000E-6	166.439425000E-6	166.555736000E-6	166.398232000E-6	166.429733000E-6	166.363702000E-6	166.504244000E-6	166.375818000E-6	166.543014000E-6	166.289797000E-6	166.312817000E-6	166.291008000E-6	166.317663000E-6	166.316451000E-6	166.312211000E-6
166.320926000E-6	166.364543000E-6	166.336677000E-6	166.343340000E-6	166.275492000E-6	166.320926000E-6	166.336071000E-6	166.325773000E-6	166.334254000E-6	166.278521000E-6	166.372418000E-6	166.305782000E-6	166.371206000E-6	166.318503000E-6	166.314868000E-6	166.345158000E-6	166.336677000E-6	166.399072000E-6	166.330013000E-6	166.051958000E-6	166.352427000E-6	166.174932000E-6	166.318503000E-6	166.457833000E-6	166.450564000E-6	166.469949000E-6	166.465103000E-6	166.463891000E-6	166.500238000E-6	166.588683000E-6
166.450640000E-6	166.422168000E-6	166.355532000E-6	166.363407000E-6	166.340387000E-6	166.407023000E-6	166.347657000E-6	166.401571000E-6	166.254972000E-6	166.294347000E-6	166.274962000E-6	166.421562000E-6	166.427014000E-6	166.528786000E-6	166.491227000E-6	166.546959000E-6	166.502131000E-6	166.499103000E-6	166.503949000E-6	166.522728000E-6	166.535450000E-6	166.530603000E-6	166.490016000E-6	166.467602000E-6	166.438524000E-6	166.370071000E-6	166.383398000E-6	166.370676000E-6	166.369465000E-6	166.333723000E-6
166.522157000E-6	166.442799000E-6	166.487021000E-6	166.530032000E-6	166.473694000E-6	166.524580000E-6	166.483992000E-6	166.520339000E-6	166.499137000E-6	166.534878000E-6	166.527609000E-6	166.553051000E-6	166.304074000E-6	166.422808000E-6	166.598485000E-6	166.646948000E-6	166.689353000E-6	166.672997000E-6	166.687536000E-6	166.692382000E-6	166.769922000E-6	166.645131000E-6	166.609389000E-6	166.566379000E-6	166.580312000E-6	166.484598000E-6	166.486415000E-6	166.571831000E-6	166.511858000E-6	166.488233000E-6
166.633834000E-6	166.628382000E-6	166.610815000E-6	166.603545000E-6	166.627777000E-6	166.652614000E-6	166.411511000E-6	166.304287000E-6	166.670181000E-6	166.722279000E-6	166.787098000E-6	166.712586000E-6	166.788310000E-6	166.752568000E-6	166.752568000E-6	166.693201000E-6	166.801637000E-6	166.668364000E-6	166.779223000E-6	166.647162000E-6	166.593247000E-6	166.582343000E-6	166.596881000E-6	166.595064000E-6	166.567198000E-6	166.600516000E-6	166.614449000E-6	166.607786000E-6	166.622930000E-6	166.595670000E-6
166.786604000E-6	166.727843000E-6	166.721785000E-6	166.741170000E-6	166.783575000E-6	166.772065000E-6	166.735718000E-6	166.713910000E-6	166.549742000E-6	166.670293000E-6	166.787209000E-6	166.809018000E-6	166.959252000E-6	166.908366000E-6	166.949559000E-6	166.847182000E-6	166.927145000E-6	166.855057000E-6	166.876865000E-6	166.896856000E-6	167.090707000E-6	166.890193000E-6	166.816287000E-6	166.766007000E-6	166.955617000E-6	166.875654000E-6	166.779940000E-6	166.799931000E-6	166.731477000E-6	166.704823000E-6
166.815184000E-6	166.816396000E-6	166.822454000E-6	166.829723000E-6	166.822454000E-6	166.783683000E-6	166.784895000E-6	166.802463000E-6	166.824271000E-6	166.872734000E-6	166.789741000E-6	166.781260000E-6	166.888484000E-6	166.964207000E-6	166.832146000E-6	166.856377000E-6	166.830329000E-6	166.842444000E-6	166.851531000E-6	166.864253000E-6	166.821242000E-6	166.875763000E-6	166.887878000E-6	166.914533000E-6	166.962390000E-6	166.916956000E-6	166.754606000E-6	166.752788000E-6	166.806703000E-6	166.712807000E-6
166.930438000E-6	166.895908000E-6	166.871676000E-6	166.894696000E-6	166.863196000E-6	166.929226000E-6	166.887427000E-6	166.925591000E-6	166.883792000E-6	166.898331000E-6	166.917716000E-6	166.921351000E-6	166.898331000E-6	166.931043000E-6	166.930438000E-6	166.948611000E-6	166.896514000E-6	166.921957000E-6	166.732346000E-6	166.778992000E-6	166.982535000E-6	167.018882000E-6	167.020094000E-6	167.055229000E-6	167.031604000E-6	167.161847000E-6	166.997074000E-6	167.022517000E-6	166.923168000E-6	166.952246000E-6
167.008362000E-6	166.984131000E-6	166.970198000E-6	166.989583000E-6	167.029564000E-6	167.176164000E-6	167.011391000E-6	167.028353000E-6	167.025324000E-6	167.021689000E-6	167.197366000E-6	167.108922000E-6	167.173741000E-6	167.156173000E-6	167.168895000E-6	167.031382000E-6	167.004122000E-6	166.976256000E-6	166.919918000E-6	167.139211000E-6	166.796944000E-6	166.996852000E-6	166.992006000E-6	167.022295000E-6	167.076210000E-6	166.947784000E-6	166.930822000E-6	166.985342000E-6	166.996852000E-6	167.133759000E-6
167.108251000E-6	167.057971000E-6	167.093106000E-6	167.104010000E-6	167.072509000E-6	167.142175000E-6	167.087654000E-6	167.128242000E-6	167.097952000E-6	167.080385000E-6	167.140963000E-6	167.072509000E-6	167.129453000E-6	166.960440000E-6	166.816869000E-6	166.996787000E-6	167.187003000E-6	167.212445000E-6	167.219715000E-6	167.257879000E-6	167.380853000E-6	167.234859000E-6	167.140357000E-6	167.107039000E-6	167.120972000E-6	167.198512000E-6	167.058576000E-6	167.112491000E-6	167.127030000E-6	167.099164000E-6
167.168967000E-6	167.071436000E-6	167.164121000E-6	167.179871000E-6	167.114447000E-6	167.041752000E-6	167.279825000E-6	167.267104000E-6	167.275585000E-6	167.304057000E-6	167.240450000E-6	167.247113000E-6	167.181688000E-6	167.231363000E-6	167.139284000E-6	167.173208000E-6	167.160486000E-6	167.184112000E-6	167.158063000E-6	167.171390000E-6	167.124745000E-6	167.118687000E-6	167.120504000E-6	167.138678000E-6	167.115052000E-6	167.147765000E-6	167.157457000E-6	167.138072000E-6	167.161698000E-6	167.024791000E-6
167.308225000E-6	167.290658000E-6	167.291263000E-6	167.283388000E-6	167.267032000E-6	167.437257000E-6	167.302773000E-6	167.311860000E-6	167.377285000E-6	167.323370000E-6	167.517826000E-6	167.496018000E-6	167.397275000E-6	167.388189000E-6	167.394852000E-6	167.474210000E-6	167.408785000E-6	167.456642000E-6	167.363957000E-6	167.415449000E-6	167.422718000E-6	167.353659000E-6	167.413632000E-6	167.345178000E-6	167.419689000E-6	167.400304000E-6	167.323976000E-6	167.290052000E-6	167.225839000E-6	167.387583000E-6
167.362982000E-6	167.333905000E-6	167.331481000E-6	167.224863000E-6	167.258181000E-6	167.303615000E-6	167.265451000E-6	167.376915000E-6	167.395089000E-6	167.420532000E-6	167.411445000E-6	167.438705000E-6	167.482927000E-6	167.519880000E-6	167.485956000E-6	167.452638000E-6	167.476870000E-6	167.463542000E-6	167.336328000E-6	167.465965000E-6	167.367223000E-6	167.299375000E-6	167.269691000E-6	167.328452000E-6	167.284230000E-6	167.310279000E-6	167.306038000E-6	167.303615000E-6	167.320577000E-6	167.344809000E-6
167.510731000E-6	167.431373000E-6	167.430161000E-6	167.444094000E-6	167.391391000E-6	167.552530000E-6	167.607656000E-6	167.591300000E-6	167.595540000E-6	167.620983000E-6	167.614320000E-6	167.565251000E-6	167.603416000E-6	167.616743000E-6	167.601598000E-6	167.605233000E-6	167.571915000E-6	167.544049000E-6	167.460450000E-6	167.444094000E-6	167.502250000E-6	167.588877000E-6	167.486499000E-6	167.586454000E-6	167.411988000E-6	167.451364000E-6	167.460450000E-6	167.424709000E-6	167.425315000E-6	167.475595000E-6
167.608620000E-6	167.619524000E-6	167.600139000E-6	167.623158000E-6	167.414163000E-6	167.629822000E-6	167.549253000E-6	167.397201000E-6	167.563792000E-6	167.764306000E-6	167.729776000E-6	167.753402000E-6	167.738257000E-6	167.852750000E-6	167.875164000E-6	167.640120000E-6	167.632851000E-6	167.810951000E-6	167.642544000E-6	167.701910000E-6	167.566215000E-6	167.596504000E-6	167.584388000E-6	167.618312000E-6	167.594687000E-6	167.606802000E-6	167.644361000E-6	167.601350000E-6	167.640726000E-6	167.586206000E-6
167.722981000E-6	167.612123000E-6	167.722981000E-6	167.632113000E-6	167.708442000E-6	167.737520000E-6	167.654527000E-6	167.682999000E-6	167.675124000E-6	167.673912000E-6	167.671489000E-6	167.739943000E-6	167.830810000E-6	167.796281000E-6	167.833839000E-6	167.815666000E-6	167.812637000E-6	167.803550000E-6	167.742972000E-6	167.847772000E-6	167.661797000E-6	167.649681000E-6	167.653316000E-6	167.722981000E-6	167.675124000E-6	167.721163000E-6	167.684211000E-6	167.705413000E-6	167.681788000E-6	167.702384000E-6
167.793514000E-6	167.782004000E-6	167.733541000E-6	167.707492000E-6	167.961921000E-6	167.946171000E-6	167.963133000E-6	167.935267000E-6	167.949200000E-6	167.901949000E-6	168.024317000E-6	167.934661000E-6	167.893468000E-6	167.848034000E-6	167.806235000E-6	167.821380000E-6	167.976460000E-6	167.751715000E-6	167.772917000E-6	167.805629000E-6	167.758984000E-6	167.789879000E-6	167.755349000E-6	167.795331000E-6	167.777157000E-6	167.823803000E-6	167.782004000E-6	167.759590000E-6	167.769888000E-6	167.808658000E-6
167.919737000E-6	167.857341000E-6	167.864005000E-6	167.859159000E-6	167.668336000E-6	167.808273000E-6	168.003941000E-6	168.050586000E-6	168.000306000E-6	168.046346000E-6	168.016663000E-6	168.040894000E-6	168.056644000E-6	168.127521000E-6	167.962748000E-6	167.901563000E-6	168.012422000E-6	168.003941000E-6	167.898535000E-6	167.857947000E-6	167.868851000E-6	167.881573000E-6	167.888842000E-6	167.891265000E-6	167.888236000E-6	167.888236000E-6	167.883996000E-6	167.880361000E-6	167.892477000E-6	167.892477000E-6
168.004962000E-6	167.927422000E-6	167.971644000E-6	167.748715000E-6	167.818986000E-6	168.041309000E-6	168.104310000E-6	168.064934000E-6	168.069781000E-6	168.099464000E-6	168.074021000E-6	168.105522000E-6	168.168523000E-6	168.013443000E-6	167.954076000E-6	168.060694000E-6	167.983154000E-6	167.927422000E-6	167.922575000E-6	167.917123000E-6	167.935903000E-6	167.906219000E-6	167.932268000E-6	167.925604000E-6	167.922575000E-6	167.921970000E-6	167.939537000E-6	167.984971000E-6	167.948624000E-6	167.972250000E-6
168.118959000E-6	168.147430000E-6	168.095333000E-6	168.103208000E-6	168.114112000E-6	168.093516000E-6	168.058380000E-6	167.902694000E-6	168.154094000E-6	168.252231000E-6	168.261318000E-6	168.238904000E-6	168.208615000E-6	168.211644000E-6	168.203768000E-6	168.243144000E-6	168.254048000E-6	168.201345000E-6	168.241933000E-6	168.217701000E-6	168.092910000E-6	168.165604000E-6	168.129257000E-6	168.309781000E-6	168.141978000E-6	168.092910000E-6	168.117747000E-6	168.125016000E-6	168.086246000E-6	168.062621000E-6
168.272634000E-6	168.183583000E-6	168.167833000E-6	168.211449000E-6	168.182372000E-6	168.233863000E-6	168.182372000E-6	168.060609000E-6	168.180554000E-6	168.298682000E-6	168.290807000E-6	168.359261000E-6	168.386521000E-6	168.336847000E-6	168.410146000E-6	168.391973000E-6	168.269605000E-6	168.250825000E-6	168.297471000E-6	168.190853000E-6	168.217507000E-6	168.149659000E-6	168.172679000E-6	168.172073000E-6	168.212055000E-6	168.184795000E-6	168.144207000E-6	168.167833000E-6	168.151477000E-6	168.145419000E-6
168.225098000E-6	168.260840000E-6	168.255388000E-6	168.220858000E-6	168.230550000E-6	168.219040000E-6	168.210559000E-6	168.239637000E-6	168.284465000E-6	168.260840000E-6	168.263869000E-6	168.216617000E-6	168.256599000E-6	168.421373000E-6	168.395930000E-6	168.393506000E-6	168.431671000E-6	168.521327000E-6	168.352919000E-6	168.294158000E-6	168.231762000E-6	168.282042000E-6	168.244483000E-6	168.226310000E-6	168.259628000E-6	168.246301000E-6	168.275984000E-6	168.282042000E-6	168.246907000E-6	168.263869000E-6
168.422699000E-6	168.419670000E-6	168.403314000E-6	168.383323000E-6	168.389381000E-6	168.453594000E-6	168.396044000E-6	168.389986000E-6	168.382717000E-6	168.418458000E-6	168.440266000E-6	168.460257000E-6	168.525682000E-6	168.511143000E-6	168.560817000E-6	168.535374000E-6	168.559000000E-6	168.595953000E-6	168.583231000E-6	168.593530000E-6	168.573539000E-6	168.592318000E-6	168.690455000E-6	168.471767000E-6	168.588683000E-6	168.416641000E-6	168.609280000E-6	168.456017000E-6	168.455411000E-6	168.377871000E-6
168.520587000E-6	168.478182000E-6	168.506049000E-6	168.513924000E-6	168.372776000E-6	168.626600000E-6	168.633263000E-6	168.655677000E-6	168.680514000E-6	168.678697000E-6	168.679909000E-6	168.815604000E-6	168.650831000E-6	168.579348000E-6	168.716256000E-6	168.511501000E-6	168.503625000E-6	168.509683000E-6	168.480606000E-6	168.508472000E-6	168.497568000E-6	168.515741000E-6	168.496962000E-6	168.506049000E-6	168.513924000E-6	168.499385000E-6	168.540578000E-6	168.477577000E-6	168.519982000E-6	168.568444000E-6
168.667698000E-6	168.617418000E-6	168.644678000E-6	168.721007000E-6	168.847616000E-6	168.799759000E-6	168.809451000E-6	168.799759000E-6	168.774922000E-6	168.859731000E-6	168.842769000E-6	168.870030000E-6	168.754325000E-6	168.744027000E-6	168.764623000E-6	168.662852000E-6	168.621053000E-6	168.616206000E-6	168.661034000E-6	168.680419000E-6	168.672544000E-6	168.690718000E-6	168.693747000E-6	168.664669000E-6	168.699805000E-6	168.677391000E-6	168.668304000E-6	168.685871000E-6	168.667092000E-6	168.669515000E-6
168.755644000E-6	168.791385000E-6	168.616314000E-6	168.685373000E-6	168.704152000E-6	168.853781000E-6	168.898003000E-6	168.901638000E-6	168.902850000E-6	168.895580000E-6	168.882253000E-6	168.873772000E-6	169.031882000E-6	168.864685000E-6	168.993111000E-6	168.798655000E-6	168.955553000E-6	168.805924000E-6	168.725355000E-6	168.762308000E-6	168.773212000E-6	168.793808000E-6	168.773212000E-6	168.813799000E-6	168.745346000E-6	168.748375000E-6	168.753221000E-6	168.789568000E-6	168.782299000E-6	168.819251000E-6
168.878900000E-6	168.717156000E-6	168.706252000E-6	168.882534000E-6	168.972796000E-6	168.970979000E-6	169.054577000E-6	169.004903000E-6	169.002479000E-6	168.957046000E-6	168.961286000E-6	168.944930000E-6	168.981277000E-6	168.874053000E-6	169.028528000E-6	168.830437000E-6	168.828620000E-6	168.826197000E-6	168.850428000E-6	168.835889000E-6	168.801965000E-6	168.815292000E-6	168.811658000E-6	168.827408000E-6	168.829225000E-6	168.829831000E-6	168.831043000E-6	168.810446000E-6	168.851034000E-6	168.841341000E-6
169.036741000E-6	168.953142000E-6	168.934363000E-6	168.967076000E-6	168.985855000E-6	168.928911000E-6	168.951325000E-6	168.894381000E-6	168.802908000E-6	169.042799000E-6	169.086415000E-6	169.090656000E-6	169.034318000E-6	169.091867000E-6	169.059761000E-6	169.216053000E-6	169.074299000E-6	168.950114000E-6	168.973133000E-6	168.942238000E-6	168.941027000E-6	168.925882000E-6	168.928911000E-6	168.925882000E-6	168.922853000E-6	168.958595000E-6	168.927700000E-6	168.902257000E-6	168.936786000E-6	168.968287000E-6
169.020919000E-6	169.035458000E-6	169.043333000E-6	169.030006000E-6	168.899762000E-6	169.105123000E-6	169.103911000E-6	169.171153000E-6	169.185692000E-6	169.112392000E-6	169.193567000E-6	169.179028000E-6	169.182663000E-6	169.135412000E-6	169.219616000E-6	169.071805000E-6	169.032429000E-6	169.033640000E-6	169.019707000E-6	169.001534000E-6	169.051208000E-6	168.997899000E-6	169.002139000E-6	169.049391000E-6	169.015467000E-6	169.025765000E-6	168.966398000E-6	169.016073000E-6	168.980331000E-6	168.973062000E-6
169.217932000E-6	169.197335000E-6	169.090112000E-6	169.237923000E-6	169.273664000E-6	169.311223000E-6	169.324550000E-6	169.319098000E-6	169.344541000E-6	169.313646000E-6	169.284568000E-6	169.249433000E-6	169.245798000E-6	169.407543000E-6	169.238529000E-6	169.200970000E-6	169.147055000E-6	169.129488000E-6	169.120401000E-6	169.116766000E-6	169.146450000E-6	169.128276000E-6	169.171287000E-6	169.179768000E-6	169.149478000E-6	169.132516000E-6	169.131305000E-6	169.186431000E-6	169.159171000E-6	169.071938000E-6
