#Flip Current
411.889589000E-6	464.122729000E-6	489.517204000E-6	527.114597000E-6	460.916919000E-6	442.098838000E-6	455.882852000E-6	469.605076000E-6	518.568193000E-6	444.934514000E-6	504.373457000E-6	521.443850000E-6	470.202380000E-6	487.344862000E-6	432.747346000E-6	463.764105000E-6	515.732517000E-6	497.408755000E-6	423.423115000E-6	451.667805000E-6	472.857532000E-6	511.250319000E-6	521.729175000E-6	515.204879000E-6	480.712130000E-6	461.733516000E-6	484.397722000E-6	467.731992000E-6	425.956505000E-6	448.670991000E-6
466.350743000E-6	503.528371000E-6	504.105684000E-6	485.883673000E-6	453.045283000E-6	480.611526000E-6	490.360424000E-6	482.679676000E-6	493.301509000E-6	522.582125000E-6	488.244417000E-6	525.509883000E-6	506.062369000E-6	455.024988000E-6	522.651184000E-6	467.992420000E-6	456.971981000E-6	473.884890000E-6	482.716629000E-6	391.334577000E-6	459.456911000E-6	469.880046000E-6	435.044383000E-6	499.876093000E-6	445.358482000E-6	505.648623000E-6	438.971085000E-6	510.575472000E-6	461.496593000E-6	518.750539000E-6
496.048088000E-6	495.114574000E-6	466.564538000E-6	490.446396000E-6	451.200622000E-6	522.133185000E-6	514.224058000E-6	475.931790000E-6	605.530378000E-6	483.314490000E-6	497.831519000E-6	500.968273000E-6	493.380818000E-6	491.936021000E-6	480.420656000E-6	509.733375000E-6	507.992955000E-6	479.601029000E-6	466.583318000E-6	472.587252000E-6	528.102590000E-6	466.565144000E-6	494.285860000E-6	458.609371000E-6	507.196953000E-6	480.279508000E-6	466.182894000E-6	482.321003000E-6	520.340062000E-6	465.861664000E-6
520.260505000E-6	506.511617000E-6	489.889492000E-6	532.639714000E-6	505.167986000E-6	444.326611000E-6	437.549092000E-6	460.286613000E-6	532.654253000E-6	486.624918000E-6	470.165749000E-6	448.179401000E-6	430.010708000E-6	464.228454000E-6	497.954363000E-6	506.060378000E-6	470.762471000E-6	518.100364000E-6	484.654949000E-6	537.346774000E-6	512.540465000E-6	454.868478000E-6	504.814277000E-6	476.628897000E-6	554.223351000E-6	481.172894000E-6	437.068684000E-6	460.439281000E-6	532.913030000E-6	447.814712000E-6
434.275406000E-6	493.922170000E-6	467.654138000E-6	482.858120000E-6	484.428313000E-6	494.824789000E-6	468.163602000E-6	469.075914000E-6	511.413595000E-6	497.596254000E-6	493.372117000E-6	484.136931000E-6	488.861445000E-6	488.318662000E-6	469.604764000E-6	495.331831000E-6	491.050145000E-6	481.360014000E-6	454.296587000E-6	458.401989000E-6	488.107243000E-6	502.852041000E-6	489.950646000E-6	497.072856000E-6	500.174473000E-6	465.051687000E-6	451.417898000E-6	474.344423000E-6	501.773744000E-6	488.697278000E-6
473.560294000E-6	492.855735000E-6	490.608881000E-6	459.673294000E-6	479.537567000E-6	475.037196000E-6	459.372825000E-6	496.916913000E-6	454.774317000E-6	490.849983000E-6	467.980414000E-6	463.201382000E-6	474.700985000E-6	473.983737000E-6	490.810607000E-6	470.460495000E-6	483.275256000E-6	495.169225000E-6	483.460021000E-6	491.539972000E-6	490.030357000E-6	482.332656000E-6	489.731705000E-6	472.876363000E-6	477.641462000E-6	487.670827000E-6	478.505311000E-6	492.596459000E-6	475.476995000E-6	478.193332000E-6
453.277134000E-6	437.183252000E-6	456.637422000E-6	471.116889000E-6	460.802192000E-6	449.758131000E-6	454.018615000E-6	457.711478000E-6	459.175054000E-6	454.034971000E-6	454.786144000E-6	483.186543000E-6	419.007287000E-6	451.590024000E-6	452.561703000E-6	406.987306000E-6	474.094320000E-6	467.837776000E-6	454.794625000E-6	479.074477000E-6	468.634989000E-6	454.589870000E-6	466.096751000E-6	473.823535000E-6	490.934530000E-6	487.464595000E-6	464.684666000E-6	476.857305000E-6	515.609959000E-6	495.712960000E-6
453.619201000E-6	513.378705000E-6	458.747173000E-6	483.841827000E-6	498.649036000E-6	486.587246000E-6	403.885442000E-6	461.774888000E-6	456.929817000E-6	427.097316000E-6	455.059152000E-6	378.400056000E-6	572.334938000E-6	486.035981000E-6	454.602390000E-6	527.034922000E-6	394.019624000E-6	489.264211000E-6	459.787306000E-6	439.146991000E-6	398.607235000E-6	442.954957000E-6	480.703254000E-6	448.761409000E-6	515.440798000E-6	479.069451000E-6	442.681142000E-6	443.494106000E-6	508.246492000E-6	421.679173000E-6
455.295317000E-6	515.626590000E-6	425.043659000E-6	481.754159000E-6	412.433652000E-6	452.814024000E-6	433.937179000E-6	460.916996000E-6	506.957211000E-6	461.897760000E-6	500.296006000E-6	450.764656000E-6	477.830494000E-6	490.253314000E-6	418.153468000E-6	432.768621000E-6	414.921609000E-6	460.716481000E-6	456.068298000E-6	492.402636000E-6	575.134603000E-6	396.913458000E-6	432.741966000E-6	444.849778000E-6	449.563991000E-6	407.196041000E-6	398.012956000E-6	501.227702000E-6	483.649658000E-6	411.654614000E-6
529.092673000E-6	473.000126000E-6	503.675198000E-6	504.877679000E-6	488.231347000E-6	468.687551000E-6	471.472339000E-6	505.485280000E-6	471.961207000E-6	479.880618000E-6	538.521091000E-6	508.453015000E-6	476.589395000E-6	500.425168000E-6	477.917879000E-6	489.521061000E-6	447.995796000E-6	526.370281000E-6	523.426778000E-6	497.001278000E-6	509.255072000E-6	383.514355000E-6	457.101937000E-6	493.642208000E-6	486.932547000E-6	501.804538000E-6	465.221257000E-6	482.189866000E-6	470.618790000E-6	473.640439000E-6
494.393568000E-6	505.381897000E-6	452.027407000E-6	557.475143000E-6	456.213379000E-6	510.950876000E-6	477.498232000E-6	479.209574000E-6	504.217579000E-6	445.999849000E-6	540.514382000E-6	458.354223000E-6	462.197321000E-6	479.786281000E-6	489.475202000E-6	527.244668000E-6	455.018772000E-6	499.179267000E-6	489.950743000E-6	499.487612000E-6	459.771153000E-6	447.448886000E-6	494.045242000E-6	476.799156000E-6	488.044338000E-6	477.094173000E-6	509.026904000E-6	486.735843000E-6	399.611277000E-6	507.695995000E-6
557.787833000E-6	461.937734000E-6	531.485318000E-6	453.562777000E-6	457.290163000E-6	513.617733000E-6	490.114543000E-6	474.900290000E-6	465.895924000E-6	469.911663000E-6	408.847471000E-6	499.653817000E-6	472.574081000E-6	503.644113000E-6	489.035037000E-6	491.928865000E-6	500.962915000E-6	461.195649000E-6	465.984368000E-6	443.419537000E-6	461.954090000E-6	498.863875000E-6	467.189271000E-6	469.155039000E-6	562.042856000E-6	518.179283000E-6	515.935460000E-6	506.585797000E-6	451.166297000E-6	554.270048000E-6
465.362604000E-6	453.961719000E-6	492.649610000E-6	463.587046000E-6	459.314440000E-6	498.360957000E-6	475.172696000E-6	474.073801000E-6	460.779230000E-6	470.827396000E-6	487.075171000E-6	452.181315000E-6	462.946125000E-6	488.912519000E-6	459.799675000E-6	455.801490000E-6	512.816212000E-6	510.504535000E-6	478.558431000E-6	380.557467000E-6	486.231917000E-6	405.635173000E-6	433.948380000E-6	470.142252000E-6	473.111813000E-6	460.595071000E-6	466.357304000E-6	591.431432000E-6	440.246733000E-6	418.461472000E-6
477.350788000E-6	477.379260000E-6	440.400920000E-6	550.538121000E-6	450.767116000E-6	441.865103000E-6	459.930223000E-6	492.601430000E-6	462.719864000E-6	441.542219000E-6	447.297784000E-6	451.972629000E-6	460.608097000E-6	465.157543000E-6	479.652772000E-6	480.440898000E-6	474.016546000E-6	412.835876000E-6	478.387892000E-6	518.561749000E-6	417.060016000E-6	479.342004000E-6	484.199795000E-6	475.833902000E-6	423.705480000E-6	497.015181000E-6	538.415753000E-6	446.309143000E-6	482.122558000E-6	476.830418000E-6
473.320009000E-6	466.452230000E-6	467.920046000E-6	473.435108000E-6	469.475095000E-6	484.327721000E-6	509.535628000E-6	491.247598000E-6	485.348468000E-6	432.458023000E-6	451.624441000E-6	483.761312000E-6	490.397076000E-6	517.579236000E-6	495.651046000E-6	443.092571000E-6	500.751146000E-6	485.724660000E-6	460.643362000E-6	472.654252000E-6	475.924883000E-6	466.734525000E-6	451.315491000E-6	503.775829000E-6	476.738452000E-6	463.555368000E-6	482.520665000E-6	476.679085000E-6	504.762652000E-6	501.316343000E-6
471.351106000E-6	471.392300000E-6	505.743306000E-6	476.566910000E-6	488.030775000E-6	480.691091000E-6	501.046659000E-6	485.808758000E-6	459.841808000E-6	467.302043000E-6	454.885279000E-6	447.706128000E-6	477.820884000E-6	478.673829000E-6	456.480310000E-6	466.322490000E-6	479.973842000E-6	456.211342000E-6	445.037042000E-6	487.847222000E-6	501.173268000E-6	469.713065000E-6	477.791201000E-6	491.929604000E-6	472.787421000E-6	479.211159000E-6	475.299609000E-6	488.387582000E-6	457.785170000E-6	483.029419000E-6
530.788687000E-6	502.241072000E-6	448.185065000E-6	489.088875000E-6	504.435225000E-6	472.727230000E-6	507.227287000E-6	497.134305000E-6	483.650744000E-6	498.188976000E-6	475.293335000E-6	468.830215000E-6	481.608643000E-6	533.075525000E-6	498.188976000E-6	526.786266000E-6	481.353607000E-6	510.807476000E-6	465.031944000E-6	479.301208000E-6	475.244872000E-6	466.868684000E-6	466.633033000E-6	442.189611000E-6	494.821418000E-6	479.720411000E-6	460.917452000E-6	519.487163000E-6	478.233815000E-6	458.971065000E-6
499.405952000E-6	487.264206000E-6	482.203479000E-6	455.802162000E-6	468.583617000E-6	544.368517000E-6	513.626146000E-6	474.797153000E-6	472.622385000E-6	453.664347000E-6	467.261795000E-6	453.728561000E-6	497.898153000E-6	499.447145000E-6	492.333413000E-6	554.448777000E-6	436.346169000E-6	504.704146000E-6	474.027200000E-6	453.679492000E-6	485.084592000E-6	485.752772000E-6	469.042802000E-6	486.576640000E-6	477.335997000E-6	520.045648000E-6	480.274660000E-6	492.529688000E-6	451.010404000E-6	444.251561000E-6
455.748825000E-6	494.078700000E-6	463.366579000E-6	502.562728000E-6	471.601629000E-6	418.022918000E-6	417.748497000E-6	483.606484000E-6	504.456414000E-6	434.992223000E-6	510.795293000E-6	528.450892000E-6	442.188341000E-6	459.146682000E-6	466.752917000E-6	567.041205000E-6	513.463169000E-6	557.526142000E-6	467.504090000E-6	487.504682000E-6	449.258456000E-6	395.499896000E-6	474.054441000E-6	508.529052000E-6	458.976456000E-6	509.257205000E-6	450.222259000E-6	448.912553000E-6	325.794051000E-6	629.968318000E-6
461.115465000E-6	486.052630000E-6	495.701584000E-6	421.441353000E-6	455.832409000E-6	480.364909000E-6	449.830285000E-6	495.255120000E-6	482.942527000E-6	489.700065000E-6	437.213587000E-6	467.830599000E-6	573.812188000E-6	459.942058000E-6	461.406848000E-6	470.239808000E-6	439.014588000E-6	508.094746000E-6	428.052291000E-6	459.491914000E-6	458.491762000E-6	434.509923000E-6	511.439844000E-6	499.467098000E-6	391.074493000E-6	455.017582000E-6	457.179025000E-6	496.970656000E-6	432.358779000E-6	449.522501000E-6
476.846809000E-6	485.542251000E-6	475.040963000E-6	462.450323000E-6	476.840146000E-6	457.737314000E-6	501.024304000E-6	477.653109000E-6	463.579507000E-6	466.195287000E-6	479.380809000E-6	498.984625000E-6	449.945098000E-6	545.309628000E-6	520.726754000E-6	483.134110000E-6	469.056253000E-6	471.927072000E-6	463.731396000E-6	459.398210000E-6	446.371997000E-6	477.980084000E-6	469.351271000E-6	461.144084000E-6	455.985212000E-6	486.070959000E-6	459.879809000E-6	451.732596000E-6	440.039112000E-6	442.362301000E-6
471.947547000E-6	450.826279000E-6	445.233680000E-6	464.670869000E-6	457.448711000E-6	544.256362000E-6	455.062527000E-6	517.083310000E-6	551.938310000E-6	492.550871000E-6	421.570541000E-6	463.389029000E-6	494.443340000E-6	503.856619000E-6	464.857450000E-6	493.155443000E-6	498.239183000E-6	452.281978000E-6	455.611367000E-6	443.441770000E-6	467.621037000E-6	478.317973000E-6	477.942993000E-6	474.255585000E-6	421.903532000E-6	464.726453000E-6	473.376453000E-6	587.059828000E-6	478.392956000E-6	399.695465000E-6
505.015627000E-6	379.653267000E-6	429.284021000E-6	339.778074000E-6	501.665030000E-6	388.411706000E-6	401.628118000E-6	502.427714000E-6	482.407125000E-6	470.226606000E-6	393.221639000E-6	406.084272000E-6	445.771065000E-6	311.655111000E-6	489.832232000E-6	395.560575000E-6	455.213436000E-6	523.867657000E-6	500.708496000E-6	390.196349000E-6	408.013092000E-6	457.187084000E-6	440.503765000E-6	373.412469000E-6	412.360811000E-6	465.949158000E-6	452.943560000E-6	408.023390000E-6	542.551278000E-6	417.259794000E-6
460.964626000E-6	472.006266000E-6	459.526493000E-6	441.314783000E-6	431.505915000E-6	445.203316000E-6	459.788798000E-6	426.942538000E-6	496.066222000E-6	464.650221000E-6	431.754893000E-6	455.166659000E-6	489.159669000E-6	478.304611000E-6	397.243937000E-6	474.067752000E-6	471.820896000E-6	469.589790000E-6	439.548921000E-6	511.243555000E-6	486.594776000E-6	448.426092000E-6	421.644344000E-6	472.634465000E-6	471.421684000E-6	512.071058000E-6	414.442774000E-6	413.162751000E-6	436.564219000E-6	470.610538000E-6
402.552188000E-6	490.576912000E-6	451.012522000E-6	471.197261000E-6	444.643910000E-6	453.203645000E-6	488.347625000E-6	449.995410000E-6	475.128196000E-6	424.552463000E-6	440.694195000E-6	497.530712000E-6	464.360983000E-6	439.348748000E-6	492.765005000E-6	460.389460000E-6	468.346439000E-6	478.883454000E-6	460.872270000E-6	443.271203000E-6	439.128243000E-6	454.100811000E-6	558.961497000E-6	463.448672000E-6	488.683835000E-6	525.344094000E-6	451.154882000E-6	502.591435000E-6	433.934852000E-6	431.699508000E-6
439.114932000E-6	457.764008000E-6	418.712110000E-6	445.995432000E-6	425.443588000E-6	432.019984000E-6	406.766040000E-6	415.342131000E-6	454.726604000E-6	385.166794000E-6	473.456249000E-6	357.632678000E-6	423.274879000E-6	470.257707000E-6	432.594268000E-6	523.346842000E-6	432.705126000E-6	421.499931000E-6	463.349946000E-6	442.753880000E-6	446.807184000E-6	488.833483000E-6	483.094280000E-6	539.375900000E-6	448.199882000E-6	355.669330000E-6	454.442491000E-6	431.267600000E-6	357.816230000E-6	488.399741000E-6
472.822649000E-6	409.956671000E-6	397.113416000E-6	365.590770000E-6	444.445847000E-6	431.400866000E-6	484.872931000E-6	453.693160000E-6	443.675288000E-6	422.943497000E-6	450.504306000E-6	381.656803000E-6	482.928966000E-6	427.187629000E-6	328.969835000E-6	522.280781000E-6	411.520808000E-6	385.791288000E-6	446.580029000E-6	441.714361000E-6	420.462200000E-6	410.501878000E-6	441.189751000E-6	441.029218000E-6	435.287584000E-6	492.001207000E-6	381.780989000E-6	400.985596000E-6	447.465687000E-6	411.472346000E-6
438.461473000E-6	440.596262000E-6	414.891568000E-6	450.331842000E-6	418.016816000E-6	427.900813000E-6	446.170701000E-6	588.973141000E-6	339.785060000E-6	519.048523000E-6	511.035192000E-6	500.478772000E-6	489.240238000E-6	457.045158000E-6	503.379273000E-6	434.777691000E-6	370.198525000E-6	361.672093000E-6	449.221437000E-6	403.227772000E-6	477.812093000E-6	399.737842000E-6	487.207222000E-6	481.226906000E-6	387.649391000E-6	484.413339000E-6	436.618068000E-6	438.152523000E-6	472.029264000E-6	432.887640000E-6
496.115033000E-6	454.098373000E-6	397.375671000E-6	461.249668000E-6	437.345382000E-6	468.453666000E-6	460.784425000E-6	448.476080000E-6	486.183183000E-6	434.533933000E-6	417.218773000E-6	538.475173000E-6	473.831828000E-6	458.332812000E-6	430.091104000E-6	457.178791000E-6	456.591180000E-6	450.297071000E-6	448.548775000E-6	430.803507000E-6	443.679473000E-6	426.567857000E-6	474.673264000E-6	431.385061000E-6	517.264813000E-6	450.547866000E-6	483.357801000E-6	446.553318000E-6	485.643429000E-6	459.262087000E-6
458.655490000E-6	424.146343000E-6	419.153463000E-6	433.244022000E-6	444.882363000E-6	416.962339000E-6	469.370009000E-6	431.610220000E-6	434.788774000E-6	456.847828000E-6	518.069670000E-6	435.143764000E-6	470.991696000E-6	501.317898000E-6	462.831772000E-6	419.848299000E-6	454.206605000E-6	495.354551000E-6	470.829345000E-6	398.574341000E-6	420.944164000E-6	482.388935000E-6	433.975810000E-6	417.944316000E-6	460.813902000E-6	453.509347000E-6	515.283059000E-6	433.230089000E-6	430.832998000E-6	465.755290000E-6
452.668182000E-6	480.945636000E-6	441.028622000E-6	471.884904000E-6	508.672431000E-6	474.137820000E-6	436.304708000E-6	502.976231000E-6	454.481903000E-6	438.110554000E-6	449.693776000E-6	428.990456000E-6	467.823719000E-6	499.963055000E-6	491.558995000E-6	463.885509000E-6	450.755717000E-6	436.851126000E-6	428.088441000E-6	430.928363000E-6	465.246103000E-6	475.525674000E-6	434.381945000E-6	467.937607000E-6	493.207337000E-6	492.653043000E-6	424.190818000E-6	413.446004000E-6	447.271846000E-6	465.000154000E-6
474.364865000E-6	500.992725000E-6	492.449347000E-6	478.685320000E-6	410.366165000E-6	493.716648000E-6	442.885884000E-6	531.491547000E-6	336.890574000E-6	440.153191000E-6	391.853999000E-6	532.236662000E-6	486.191594000E-6	417.192144000E-6	453.019665000E-6	459.056301000E-6	465.975565000E-6	443.708766000E-6	523.607422000E-6	485.848306000E-6	463.472466000E-6	399.629507000E-6	427.267791000E-6	361.820111000E-6	518.768420000E-6	509.723461000E-6	463.324049000E-6	523.611056000E-6	509.541725000E-6	450.154307000E-6
458.169417000E-6	471.127757000E-6	471.634798000E-6	471.102919000E-6	462.073093000E-6	470.216051000E-6	484.235725000E-6	425.981654000E-6	473.271628000E-6	490.927829000E-6	488.000071000E-6	451.254990000E-6	487.019912000E-6	499.510586000E-6	531.611116000E-6	445.859266000E-6	473.329784000E-6	469.560592000E-6	482.859383000E-6	454.677674000E-6	506.077292000E-6	478.087617000E-6	495.552995000E-6	478.737018000E-6	471.390667000E-6	457.029330000E-6	486.544977000E-6	453.702966000E-6	473.841066000E-6	493.812575000E-6
457.519076000E-6	447.897405000E-6	464.798179000E-6	428.228802000E-6	474.467707000E-6	462.434409000E-6	474.292635000E-6	495.825236000E-6	448.074900000E-6	481.226442000E-6	482.768163000E-6	427.564863000E-6	495.327281000E-6	470.915388000E-6	418.466589000E-6	489.562033000E-6	471.908874000E-6	488.658808000E-6	483.692589000E-6	406.770107000E-6	462.435015000E-6	443.985856000E-6	514.514285000E-6	486.267778000E-6	429.242885000E-6	441.857130000E-6	506.774786000E-6	458.439262000E-6	446.050369000E-6	460.393522000E-6
457.833072000E-6	458.307402000E-6	496.316744000E-6	422.540673000E-6	417.121325000E-6	478.538181000E-6	424.248380000E-6	500.194977000E-6	418.159640000E-6	440.423432000E-6	431.129486000E-6	481.402330000E-6	480.112615000E-6	451.258493000E-6	487.312969000E-6	477.493808000E-6	433.760408000E-6	427.326371000E-6	461.440519000E-6	425.604126000E-6	498.099568000E-6	380.155144000E-6	459.656484000E-6	434.437069000E-6	495.373538000E-6	489.550131000E-6	470.169268000E-6	447.469311000E-6	430.303802000E-6	425.074670000E-6
453.943521000E-6	439.755436000E-6	460.463582000E-6	431.333211000E-6	450.474023000E-6	475.539569000E-6	439.596556000E-6	447.425109000E-6	405.090464000E-6	419.043499000E-6	522.400637000E-6	455.222768000E-6	475.645581000E-6	458.230488000E-6	438.615791000E-6	467.113106000E-6	424.872963000E-6	433.916720000E-6	473.708888000E-6	412.985653000E-6	435.595349000E-6	380.426552000E-6	474.681778000E-6	504.939504000E-6	482.822917000E-6	489.169115000E-6	354.315422000E-6	435.095577000E-6	463.294847000E-6	398.727909000E-6
433.689124000E-6	475.524015000E-6	469.560064000E-6	402.921921000E-6	434.951579000E-6	440.143761000E-6	433.109388000E-6	521.884118000E-6	462.302156000E-6	479.227783000E-6	480.140095000E-6	516.413275000E-6	456.607174000E-6	456.596875000E-6	482.403720000E-6	444.187803000E-6	454.660606000E-6	501.401123000E-6	420.187225000E-6	416.374417000E-6	464.837786000E-6	485.628917000E-6	463.248813000E-6	464.064199000E-6	470.242595000E-6	487.001019000E-6	422.242046000E-6	461.213377000E-6	441.394530000E-6	481.290288000E-6
458.393055000E-6	461.269313000E-6	439.188515000E-6	467.307155000E-6	449.895128000E-6	447.418080000E-6	486.064626000E-6	430.451910000E-6	490.501382000E-6	451.751248000E-6	421.141628000E-6	464.836165000E-6	403.183790000E-6	522.387387000E-6	449.107004000E-6	470.674098000E-6	383.025748000E-6	531.345710000E-6	448.523635000E-6	397.775358000E-6	430.912911000E-6	443.641628000E-6	476.609562000E-6	465.763619000E-6	396.194264000E-6	434.038147000E-6	475.563980000E-6	489.479426000E-6	462.699568000E-6	577.702664000E-6
442.979922000E-6	515.128869000E-6	479.872205000E-6	467.917651000E-6	447.278570000E-6	448.421079000E-6	428.569518000E-6	429.052328000E-6	402.612859000E-6	428.027341000E-6	392.538055000E-6	448.478629000E-6	428.707031000E-6	440.231477000E-6	471.059250000E-6	427.503337000E-6	483.915211000E-6	442.110015000E-6	426.196054000E-6	493.353941000E-6	426.421406000E-6	410.464433000E-6	374.688006000E-6	445.153477000E-6	467.358512000E-6	430.903606000E-6	470.786647000E-6	448.204208000E-6	371.702699000E-6	507.707613000E-6
541.646840000E-6	490.795486000E-6	470.337543000E-6	462.189138000E-6	448.151298000E-6	477.436124000E-6	441.876584000E-6	498.209680000E-6	499.047480000E-6	478.656780000E-6	471.733876000E-6	473.073266000E-6	496.640699000E-6	448.609271000E-6	473.725695000E-6	456.951527000E-6	488.391128000E-6	433.076355000E-6	449.556112000E-6	431.651551000E-6	422.731982000E-6	451.195365000E-6	477.233186000E-6	477.239244000E-6	444.491884000E-6	457.857289000E-6	485.654279000E-6	487.899919000E-6	497.590035000E-6	424.533735000E-6
427.727048000E-6	481.460165000E-6	465.079743000E-6	447.212118000E-6	470.481526000E-6	450.963744000E-6	477.080947000E-6	477.887852000E-6	438.876519000E-6	470.580875000E-6	459.941476000E-6	510.076230000E-6	456.602995000E-6	426.200471000E-6	538.279756000E-6	485.186348000E-6	443.214544000E-6	494.826808000E-6	471.282980000E-6	456.338873000E-6	436.492150000E-6	459.815472000E-6	484.512715000E-6	494.142271000E-6	488.239146000E-6	398.980943000E-6	461.922627000E-6	445.871138000E-6	466.097093000E-6	422.715605000E-6
535.597613000E-6	564.183977000E-6	467.166381000E-6	468.469423000E-6	409.779205000E-6	456.732955000E-6	472.550593000E-6	469.806995000E-6	423.786760000E-6	488.859523000E-6	436.410703000E-6	363.686276000E-6	408.571877000E-6	573.392507000E-6	510.210114000E-6	504.792580000E-6	417.840038000E-6	495.126677000E-6	462.652368000E-6	466.364617000E-6	455.167896000E-6	444.335251000E-6	477.187570000E-6	510.677780000E-6	465.658878000E-6	467.183639000E-6	432.844724000E-6	461.025835000E-6	479.501668000E-6	444.809580000E-6
411.794612000E-6	411.417814000E-6	415.806117000E-6	405.783413000E-6	463.245701000E-6	475.701840000E-6	412.006637000E-6	431.912713000E-6	521.734793000E-6	430.805339000E-6	448.312509000E-6	461.508917000E-6	378.094219000E-6	522.303018000E-6	510.627735000E-6	441.083683000E-6	413.141271000E-6	492.612918000E-6	391.820688000E-6	542.485938000E-6	404.685126000E-6	422.799292000E-6	482.338814000E-6	426.659956000E-6	439.291167000E-6	397.920937000E-6	504.735270000E-6	382.129349000E-6	463.713366000E-6	463.563132000E-6
542.369675000E-6	529.744507000E-6	468.843714000E-6	447.990771000E-6	443.732708000E-6	442.259438000E-6	402.039544000E-6	541.863845000E-6	482.176439000E-6	450.864616000E-6	452.208248000E-6	388.247634000E-6	465.784499000E-6	435.682429000E-6	454.096480000E-6	487.430414000E-6	522.344235000E-6	554.507792000E-6	454.290331000E-6	645.408884000E-6	441.639720000E-6	483.756933000E-6	524.672268000E-6	480.883088000E-6	472.359691000E-6	465.613062000E-6	428.606858000E-6	477.055737000E-6	427.727864000E-6	467.562478000E-6
446.882280000E-6	422.870801000E-6	428.521559000E-6	418.481893000E-6	458.907707000E-6	369.512700000E-6	464.573004000E-6	461.396270000E-6	398.990778000E-6	387.970953000E-6	499.891449000E-6	438.818683000E-6	435.781886000E-6	442.489737000E-6	406.987738000E-6	417.458723000E-6	519.495846000E-6	477.359296000E-6	489.697914000E-6	537.711179000E-6	463.161526000E-6	488.231310000E-6	539.976813000E-6	486.784091000E-6	464.151378000E-6	489.608864000E-6	432.529429000E-6	440.428858000E-6	472.386412000E-6	473.800918000E-6
470.169005000E-6	462.360447000E-6	500.233467000E-6	505.805470000E-6	359.143913000E-6	448.988973000E-6	484.103858000E-6	497.792157000E-6	449.102255000E-6	455.598684000E-6	472.864745000E-6	464.827200000E-6	456.885370000E-6	493.496541000E-6	452.046972000E-6	436.630371000E-6	464.589733000E-6	416.319034000E-6	433.620229000E-6	484.681170000E-6	568.793089000E-6	456.251114000E-6	444.398341000E-6	490.889852000E-6	489.125809000E-6	480.916828000E-6	446.682147000E-6	472.377088000E-6	461.865522000E-6	429.959476000E-6
468.716856000E-6	460.956156000E-6	506.766152000E-6	485.526152000E-6	484.771345000E-6	477.721230000E-6	481.044561000E-6	481.108774000E-6	454.025987000E-6	497.876877000E-6	454.428227000E-6	435.504139000E-6	507.935315000E-6	497.342575000E-6	524.212127000E-6	463.570720000E-6	489.826007000E-6	505.741771000E-6	453.997515000E-6	429.137349000E-6	465.520739000E-6	496.329099000E-6	463.110930000E-6	475.961427000E-6	465.474700000E-6	466.556024000E-6	458.239215000E-6	451.903319000E-6	464.412154000E-6	484.439981000E-6
419.010238000E-6	483.957012000E-6	456.321724000E-6	444.304775000E-6	435.963120000E-6	438.620092000E-6	458.245090000E-6	436.428363000E-6	483.953377000E-6	431.131382000E-6	474.317161000E-6	450.698831000E-6	490.814494000E-6	411.284667000E-6	441.894963000E-6	493.612613000E-6	464.841479000E-6	427.850453000E-6	491.752854000E-6	426.223921000E-6	466.392287000E-6	491.048932000E-6	442.644925000E-6	449.464848000E-6	462.942950000E-6	447.268273000E-6	483.609292000E-6	441.094116000E-6	469.444230000E-6	438.417760000E-6
470.025001000E-6	450.628997000E-6	459.028197000E-6	486.371487000E-6	452.090149000E-6	461.620954000E-6	446.776208000E-6	449.257501000E-6	461.213867000E-6	503.120819000E-6	465.155100000E-6	488.958186000E-6	469.099363000E-6	460.811021000E-6	454.473910000E-6	450.398193000E-6	460.162831000E-6	449.132709000E-6	464.413015000E-6	474.545970000E-6	447.415311000E-6	453.636110000E-6	498.731306000E-6	474.645319000E-6	453.601581000E-6	438.046249000E-6	505.752952000E-6	444.556008000E-6	499.925912000E-6	456.870999000E-6
462.608237000E-6	450.794839000E-6	485.512937000E-6	448.041550000E-6	499.167918000E-6	468.721205000E-6	602.740659000E-6	459.257039000E-6	506.397953000E-6	470.497970000E-6	448.655209000E-6	471.593834000E-6	443.320068000E-6	475.304262000E-6	441.593228000E-6	477.102500000E-6	492.532438000E-6	502.568470000E-6	424.217510000E-6	547.283850000E-6	491.594683000E-6	554.155264000E-6	502.992519000E-6	537.244182000E-6	423.298535000E-6	466.134771000E-6	483.063420000E-6	451.626837000E-6	459.335445000E-6	462.584873000E-6
451.566372000E-6	484.928147000E-6	470.532279000E-6	434.812185000E-6	426.773422000E-6	419.070870000E-6	469.058405000E-6	426.863684000E-6	449.610294000E-6	448.610143000E-6	513.600542000E-6	477.035378000E-6	434.412367000E-6	469.191072000E-6	493.182569000E-6	481.672054000E-6	446.669815000E-6	489.493340000E-6	467.104144000E-6	476.662215000E-6	458.663746000E-6	470.683725000E-6	493.301303000E-6	477.288596000E-6	497.987653000E-6	454.867899000E-6	495.840752000E-6	478.203937000E-6	478.038557000E-6	474.345694000E-6
411.220353000E-6	445.857948000E-6	460.498568000E-6	471.536583000E-6	419.201575000E-6	463.349394000E-6	385.507188000E-6	395.576552000E-6	416.534908000E-6	453.470852000E-6	475.259134000E-6	446.237169000E-6	499.942464000E-6	413.734362000E-6	355.663172000E-6	441.552631000E-6	433.485388000E-6	478.857499000E-6	471.334857000E-6	491.562635000E-6	388.590635000E-6	440.909893000E-6	442.667276000E-6	462.245653000E-6	382.437068000E-6	469.963359000E-6	430.301380000E-6	506.557640000E-6	463.946698000E-6	439.646225000E-6
436.371984000E-6	464.852945000E-6	441.047429000E-6	441.264906000E-6	465.191579000E-6	483.251228000E-6	462.935637000E-6	410.844223000E-6	506.993136000E-6	420.386542000E-6	446.588541000E-6	467.946081000E-6	410.823021000E-6	479.396015000E-6	479.372995000E-6	456.065434000E-6	450.812071000E-6	422.677013000E-6	485.216999000E-6	462.988340000E-6	456.338643000E-6	461.169169000E-6	414.028227000E-6	447.275500000E-6	374.732800000E-6	450.950795000E-6	455.501449000E-6	385.411570000E-6	467.257910000E-6	436.430745000E-6
395.926760000E-6	466.277729000E-6	374.976914000E-6	442.983496000E-6	380.710665000E-6	432.029701000E-6	523.932059000E-6	509.898455000E-6	408.385931000E-6	400.136357000E-6	489.658588000E-6	471.574103000E-6	455.395415000E-6	447.568074000E-6	489.566509000E-6	423.165256000E-6	379.294340000E-6	369.466698000E-6	442.125100000E-6	406.140287000E-6	484.321626000E-6	520.386402000E-6	544.366383000E-6	480.606350000E-6	400.029133000E-6	460.318020000E-6	431.122235000E-6	503.335991000E-6	412.698511000E-6	319.672422000E-6
458.450909000E-6	471.881149000E-6	431.808510000E-6	485.514933000E-6	459.763644000E-6	453.890564000E-6	436.000538000E-6	437.999021000E-6	459.348076000E-6	459.547002000E-6	458.783108000E-6	449.514602000E-6	466.076150000E-6	460.618636000E-6	419.771784000E-6	448.943953000E-6	456.876703000E-6	458.074946000E-6	439.426469000E-6	463.943182000E-6	458.090696000E-6	468.549569000E-6	435.046645000E-6	467.930457000E-6	430.144635000E-6	420.599891000E-6	452.106755000E-6	475.957105000E-6	445.782362000E-6	460.943942000E-6
449.542735000E-6	465.595434000E-6	459.651471000E-6	473.908017000E-6	439.911358000E-6	481.456705000E-6	460.561966000E-6	445.384021000E-6	441.470043000E-6	452.666163000E-6	478.952995000E-6	449.730529000E-6	476.092478000E-6	460.835781000E-6	455.793832000E-6	460.941793000E-6	447.907721000E-6	438.780358000E-6	447.529106000E-6	457.546368000E-6	460.379019000E-6	438.180630000E-6	431.255295000E-6	443.113538000E-6	470.177592000E-6	488.815176000E-6	466.337521000E-6	427.212892000E-6	485.225294000E-6	462.269239000E-6
458.902488000E-6	424.796806000E-6	456.990026000E-6	459.862051000E-6	452.948230000E-6	458.161613000E-6	397.368083000E-6	513.071762000E-6	497.090554000E-6	442.534790000E-6	423.741529000E-6	419.642789000E-6	547.814731000E-6	440.432716000E-6	457.798143000E-6	488.046188000E-6	440.006850000E-6	454.682592000E-6	449.108160000E-6	470.117382000E-6	468.471464000E-6	472.230359000E-6	450.844339000E-6	453.972006000E-6	463.857202000E-6	501.537620000E-6	409.762439000E-6	440.456342000E-6	460.209166000E-6	546.855773000E-6
426.075736000E-6	432.761179000E-6	486.568815000E-6	490.642113000E-6	457.783126000E-6	477.030731000E-6	522.280443000E-6	417.158582000E-6	368.055472000E-6	429.752851000E-6	407.620498000E-6	460.321971000E-6	456.303193000E-6	409.597780000E-6	445.253676000E-6	444.159628000E-6	477.056780000E-6	452.898682000E-6	451.672573000E-6	453.708616000E-6	467.414501000E-6	430.487668000E-6	429.287608000E-6	397.852216000E-6	462.624559000E-6	437.804944000E-6	451.163108000E-6	404.429223000E-6	479.930018000E-6	550.297390000E-6
464.072335000E-6	438.638524000E-6	446.944418000E-6	400.835223000E-6	423.074133000E-6	372.637828000E-6	465.248161000E-6	479.420461000E-6	441.943677000E-6	456.059640000E-6	480.085005000E-6	456.170498000E-6	348.001227000E-6	417.840166000E-6	460.197139000E-6	499.775385000E-6	449.119786000E-6	434.933553000E-6	470.556640000E-6	446.163564000E-6	477.176034000E-6	427.413359000E-6	437.802543000E-6	549.393883000E-6	455.939089000E-6	458.499735000E-6	453.934552000E-6	481.625512000E-6	433.486337000E-6	452.568510000E-6
474.475231000E-6	422.527994000E-6	438.552812000E-6	414.655217000E-6	448.172671000E-6	442.875691000E-6	453.797381000E-6	458.885971000E-6	452.774211000E-6	433.942186000E-6	449.650786000E-6	444.162983000E-6	451.800715000E-6	425.549041000E-6	475.317272000E-6	458.420729000E-6	453.719235000E-6	463.036807000E-6	417.354593000E-6	453.379390000E-6	439.600820000E-6	448.381667000E-6	436.803307000E-6	463.637139000E-6	419.592362000E-6	451.179786000E-6	435.488754000E-6	450.401353000E-6	451.816465000E-6	487.109474000E-6
496.598131000E-6	450.272551000E-6	465.601937000E-6	463.670089000E-6	448.537583000E-6	435.919690000E-6	461.160322000E-6	468.561196000E-6	463.664637000E-6	433.681921000E-6	473.327511000E-6	477.374760000E-6	442.673586000E-6	478.871049000E-6	460.253462000E-6	474.251333000E-6	438.445207000E-6	448.695693000E-6	467.627076000E-6	470.293741000E-6	475.879077000E-6	464.513947000E-6	453.887269000E-6	444.293454000E-6	450.059315000E-6	459.150934000E-6	469.471691000E-6	446.433692000E-6	473.266933000E-6	445.697058000E-6
429.614087000E-6	484.124957000E-6	441.208793000E-6	458.012030000E-6	475.424081000E-6	456.289181000E-6	478.450578000E-6	449.424436000E-6	473.696990000E-6	415.758594000E-6	478.874021000E-6	451.720357000E-6	464.289165000E-6	426.267736000E-6	426.663918000E-6	430.522763000E-6	394.744552000E-6	444.793823000E-6	478.254910000E-6	422.242907000E-6	449.938747000E-6	492.177644000E-6	448.655090000E-6	423.675586000E-6	411.912472000E-6	498.969694000E-6	384.195429000E-6	448.430950000E-6	408.951399000E-6	424.140222000E-6
426.121625000E-6	440.383009000E-6	417.414681000E-6	455.176878000E-6	480.734330000E-6	396.457559000E-6	451.228979000E-6	445.459485000E-6	456.706484000E-6	457.426762000E-6	438.506288000E-6	426.494183000E-6	489.512150000E-6	469.920467000E-6	419.676682000E-6	404.742876000E-6	441.772074000E-6	463.342250000E-6	463.495514000E-6	472.625901000E-6	451.865053000E-6	488.968156000E-6	371.333849000E-6	423.857202000E-6	407.885688000E-6	464.921531000E-6	479.550626000E-6	412.652002000E-6	391.327774000E-6	408.414538000E-6
449.799301000E-6	453.077202000E-6	451.763255000E-6	456.151559000E-6	453.318910000E-6	435.749942000E-6	421.852030000E-6	440.656798000E-6	461.764760000E-6	482.695227000E-6	512.424716000E-6	483.192576000E-6	500.061862000E-6	424.817952000E-6	446.774618000E-6	397.830850000E-6	450.697074000E-6	441.059645000E-6	439.769324000E-6	491.659023000E-6	461.374635000E-6	468.688879000E-6	510.629171000E-6	484.028559000E-6	439.002400000E-6	430.078586000E-6	457.609077000E-6	455.092648000E-6	440.263644000E-6	376.356994000E-6
440.121157000E-6	452.279252000E-6	457.364813000E-6	436.510075000E-6	429.773751000E-6	462.774469000E-6	394.218441000E-6	433.762237000E-6	366.003421000E-6	470.086288000E-6	439.925488000E-6	457.590165000E-6	432.850531000E-6	477.064925000E-6	397.790638000E-6	451.743085000E-6	447.214235000E-6	427.485626000E-6	453.024927000E-6	449.627077000E-6	479.045221000E-6	434.974343000E-6	460.434892000E-6	471.203937000E-6	428.691139000E-6	417.095803000E-6	421.655549000E-6	431.256639000E-6	396.179855000E-6	426.165620000E-6
379.252005000E-6	404.520454000E-6	404.381123000E-6	490.922773000E-6	377.506742000E-6	435.501442000E-6	413.008089000E-6	457.046138000E-6	396.621035000E-6	487.662445000E-6	464.064142000E-6	476.411225000E-6	407.448206000E-6	299.137721000E-6	463.348711000E-6	459.192430000E-6	475.658236000E-6	463.578909000E-6	460.936481000E-6	467.360211000E-6	445.558057000E-6	451.406292000E-6	465.993563000E-6	480.108928000E-6	430.402349000E-6	458.159987000E-6	508.577591000E-6	450.896635000E-6	541.684910000E-6	567.127242000E-6
425.157693000E-6	455.373620000E-6	432.663969000E-6	434.775128000E-6	478.741759000E-6	405.684143000E-6	458.407995000E-6	465.434490000E-6	433.532058000E-6	458.043918000E-6	440.528264000E-6	479.677090000E-6	488.808686000E-6	460.881413000E-6	447.935797000E-6	432.528273000E-6	454.409211000E-6	466.149921000E-6	455.294868000E-6	493.774302000E-6	475.658921000E-6	453.157054000E-6	444.319264000E-6	473.831875000E-6	447.337888000E-6	446.440721000E-6	424.887513000E-6	467.559582000E-6	438.008200000E-6	465.099491000E-6
540.635929000E-6	412.647918000E-6	481.320408000E-6	463.075955000E-6	419.766508000E-6	455.858017000E-6	397.759520000E-6	433.849211000E-6	426.663380000E-6	471.546053000E-6	449.224056000E-6	396.680009000E-6	494.642850000E-6	450.814244000E-6	435.336416000E-6	460.018554000E-6	474.714919000E-6	452.979928000E-6	444.092444000E-6	416.033656000E-6	454.565876000E-6	419.925224000E-6	470.581036000E-6	424.219640000E-6	465.473656000E-6	417.391827000E-6	378.229590000E-6	488.806709000E-6	494.321783000E-6	433.648091000E-6
462.597446000E-6	477.755381000E-6	457.319247000E-6	489.662678000E-6	448.806765000E-6	481.900764000E-6	482.389026000E-6	475.710254000E-6	477.311947000E-6	440.471779000E-6	477.605147000E-6	457.370133000E-6	454.631382000E-6	429.078187000E-6	460.019833000E-6	434.587189000E-6	477.611205000E-6	445.486461000E-6	466.048599000E-6	450.502961000E-6	438.596270000E-6	475.146268000E-6	450.267917000E-6	458.602904000E-6	472.849740000E-6	516.780009000E-6	480.242126000E-6	461.659086000E-6	428.455440000E-6	425.021249000E-6
436.912930000E-6	433.671377000E-6	458.272287000E-6	388.463495000E-6	459.876404000E-6	516.934643000E-6	462.818094000E-6	473.181855000E-6	474.315884000E-6	429.490252000E-6	412.408340000E-6	396.447735000E-6	442.090570000E-6	385.483641000E-6	407.168910000E-6	402.899341000E-6	434.623670000E-6	438.641839000E-6	399.434253000E-6	447.972738000E-6	448.502194000E-6	371.842585000E-6	412.311415000E-6	407.480283000E-6	484.166546000E-6	437.315777000E-6	465.742216000E-6	439.389377000E-6	435.016825000E-6	386.373539000E-6
432.732520000E-6	475.563315000E-6	469.975557000E-6	446.492314000E-6	417.834458000E-6	354.471804000E-6	426.467495000E-6	387.210225000E-6	520.799074000E-6	513.720480000E-6	434.023448000E-6	413.389816000E-6	378.325181000E-6	529.441804000E-6	441.509735000E-6	442.216080000E-6	433.275909000E-6	376.639282000E-6	461.836839000E-6	481.171063000E-6	444.040703000E-6	457.886518000E-6	473.190456000E-6	441.552745000E-6	480.428371000E-6	411.925028000E-6	436.727065000E-6	400.683482000E-6	456.419307000E-6	482.316602000E-6
467.541368000E-6	405.055829000E-6	461.195768000E-6	480.622696000E-6	482.844110000E-6	460.014486000E-6	495.789741000E-6	461.787620000E-6	466.229237000E-6	434.011153000E-6	478.624816000E-6	456.766266000E-6	477.871825000E-6	449.167295000E-6	426.506080000E-6	499.305113000E-6	479.352970000E-6	566.097180000E-6	471.757634000E-6	461.849410000E-6	443.311775000E-6	492.122923000E-6	412.196826000E-6	491.955726000E-6	409.825782000E-6	460.668734000E-6	396.859554000E-6	447.161540000E-6	477.552576000E-6	478.139582000E-6
435.023784000E-6	487.071009000E-6	431.827057000E-6	475.172181000E-6	513.099164000E-6	468.298945000E-6	496.344970000E-6	472.212316000E-6	459.920334000E-6	427.839175000E-6	478.922596000E-6	408.397113000E-6	505.489294000E-6	515.761589000E-6	519.780367000E-6	440.486147000E-6	413.843120000E-6	408.132385000E-6	509.754626000E-6	426.714838000E-6	474.815374000E-6	458.568222000E-6	480.003316000E-6	501.086449000E-6	467.625918000E-6	453.723154000E-6	519.851243000E-6	435.965780000E-6	464.315909000E-6	421.347584000E-6
491.148531000E-6	465.863037000E-6	449.849093000E-6	506.971652000E-6	444.236489000E-6	434.897697000E-6	459.309042000E-6	453.879385000E-6	419.264187000E-6	482.192596000E-6	385.544945000E-6	416.755628000E-6	412.742298000E-6	395.889341000E-6	449.628587000E-6	448.898616000E-6	464.806547000E-6	380.460586000E-6	484.418858000E-6	465.493508000E-6	442.161673000E-6	463.825174000E-6	412.836195000E-6	429.843022000E-6	506.606364000E-6	452.426105000E-6	440.776847000E-6	446.606323000E-6	394.875862000E-6	461.314193000E-6
516.551141000E-6	473.157587000E-6	424.364071000E-6	433.507176000E-6	482.567238000E-6	407.975178000E-6	398.232346000E-6	438.891388000E-6	418.049373000E-6	437.805217000E-6	435.179141000E-6	476.879527000E-6	440.180498000E-6	444.454307000E-6	487.627355000E-6	380.119996000E-6	481.880884000E-6	562.470816000E-6	424.055121000E-6	448.686923000E-6	455.863046000E-6	452.637850000E-6	459.867282000E-6	453.444149000E-6	501.688219000E-6	451.837003000E-6	428.516118000E-6	481.071556000E-6	416.067852000E-6	429.245482000E-6
451.774684000E-6	410.578304000E-6	413.386115000E-6	415.237999000E-6	434.175431000E-6	432.703374000E-6	424.565264000E-6	474.452836000E-6	406.471084000E-6	494.099036000E-6	441.554493000E-6	604.644424000E-6	400.301168000E-6	467.957614000E-6	462.868069000E-6	498.639669000E-6	460.684215000E-6	488.992544000E-6	480.925306000E-6	428.192941000E-6	548.632069000E-6	468.164447000E-6	523.916045000E-6	483.078872000E-6	532.428534000E-6	518.446413000E-6	475.380557000E-6	471.195795000E-6	486.362832000E-6	497.033127000E-6
450.365114000E-6	484.719816000E-6	454.629844000E-6	453.580623000E-6	401.749008000E-6	442.026476000E-6	460.272130000E-6	508.028625000E-6	448.286663000E-6	459.364308000E-6	419.753789000E-6	439.080780000E-6	454.090336000E-6	462.698553000E-6	471.631471000E-6	461.592388000E-6	463.685378000E-6	447.893147000E-6	446.639170000E-6	509.760844000E-6	449.202250000E-6	469.602089000E-6	404.456484000E-6	429.001110000E-6	462.348409000E-6	452.597680000E-6	468.328727000E-6	459.240727000E-6	481.576657000E-6	458.116995000E-6
402.521083000E-6	466.696645000E-6	420.010677000E-6	475.275760000E-6	429.535422000E-6	444.749085000E-6	432.753347000E-6	501.518935000E-6	478.371317000E-6	417.629946000E-6	464.970766000E-6	517.023981000E-6	506.005978000E-6	390.172173000E-6	435.463020000E-6	421.935859000E-6	417.354314000E-6	459.170988000E-6	485.471713000E-6	494.748086000E-6	423.102600000E-6	435.043211000E-6	454.691214000E-6	442.420451000E-6	417.571185000E-6	497.775795000E-6	485.795202000E-6	463.180673000E-6	425.444561000E-6	451.744680000E-6
428.176260000E-6	466.334731000E-6	436.284708000E-6	477.195265000E-6	466.998067000E-6	410.524257000E-6	423.537755000E-6	433.835514000E-6	387.226326000E-6	424.723279000E-6	430.185047000E-6	478.394116000E-6	474.141497000E-6	500.495619000E-6	447.806155000E-6	412.633604000E-6	460.530088000E-6	407.233626000E-6	441.929423000E-6	416.976485000E-6	423.194274000E-6	439.239733000E-6	420.566980000E-6	476.866929000E-6	449.004635000E-6	444.583611000E-6	472.412193000E-6	489.100377000E-6	467.287852000E-6	450.581495000E-6
500.453626000E-6	397.118180000E-6	468.903727000E-6	506.361849000E-6	441.700336000E-6	426.083799000E-6	429.138168000E-6	427.911453000E-6	458.530867000E-6	380.179214000E-6	471.249327000E-6	441.189053000E-6	469.785144000E-6	447.196020000E-6	456.689885000E-6	485.628245000E-6	453.474983000E-6	468.364578000E-6	457.911148000E-6	446.940984000E-6	515.360183000E-6	473.978995000E-6	475.544950000E-6	474.097729000E-6	508.505117000E-6	465.014586000E-6	532.485730000E-6	452.014435000E-6	452.815283000E-6	455.160883000E-6
453.218040000E-6	509.774135000E-6	475.045688000E-6	467.345554000E-6	452.521993000E-6	458.872438000E-6	459.750826000E-6	422.077052000E-6	505.871668000E-6	480.391135000E-6	479.950730000E-6	439.513969000E-6	469.272556000E-6	423.000268000E-6	436.729781000E-6	466.726441000E-6	483.969508000E-6	481.624514000E-6	483.503053000E-6	466.094607000E-6	489.832902000E-6	435.670263000E-6	477.593620000E-6	427.418864000E-6	436.062812000E-6	465.945584000E-6	477.203494000E-6	473.165331000E-6	489.601492000E-6	491.536369000E-6
459.531607000E-6	469.545223000E-6	442.156499000E-6	474.223090000E-6	443.134841000E-6	464.921876000E-6	454.356391000E-6	447.678830000E-6	438.240103000E-6	461.225380000E-6	442.585395000E-6	427.269348000E-6	412.339792000E-6	423.455935000E-6	430.781686000E-6	488.401473000E-6	474.345458000E-6	473.726347000E-6	459.674572000E-6	458.331548000E-6	446.404259000E-6	482.052247000E-6	466.264295000E-6	476.872185000E-6	443.385636000E-6	464.439066000E-6	457.153903000E-6	475.922921000E-6	456.886752000E-6	426.327353000E-6
478.890182000E-6	471.005906000E-6	473.630161000E-6	433.488504000E-6	452.547068000E-6	476.351342000E-6	572.409265000E-6	437.243758000E-6	467.050138000E-6	449.461205000E-6	476.864441000E-6	432.064307000E-6	434.887259000E-6	462.341986000E-6	474.624252000E-6	409.743598000E-6	457.239469000E-6	582.673665000E-6	453.876763000E-6	533.163562000E-6	433.729606000E-6	468.960780000E-6	459.412416000E-6	491.883032000E-6	491.931495000E-6	471.618353000E-6	442.319015000E-6	443.400339000E-6	427.736587000E-6	438.769122000E-6
428.297379000E-6	435.143349000E-6	504.758276000E-6	436.158644000E-6	456.668080000E-6	468.686237000E-6	433.083076000E-6	442.417002000E-6	492.597759000E-6	446.984617000E-6	453.135752000E-6	440.820155000E-6	441.138797000E-6	390.670898000E-6	438.592685000E-6	431.374158000E-6	446.643560000E-6	410.363738000E-6	398.706628000E-6	463.277794000E-6	474.928240000E-6	419.726136000E-6	426.020841000E-6	431.190000000E-6	486.131011000E-6	404.645739000E-6	473.067876000E-6	461.486490000E-6	492.540816000E-6	451.014295000E-6
411.628797000E-6	477.716974000E-6	460.865231000E-6	481.977464000E-6	475.276869000E-6	483.858428000E-6	459.605803000E-6	426.448735000E-6	441.209912000E-6	429.782373000E-6	432.895505000E-6	458.540226000E-6	471.264752000E-6	452.071042000E-6	426.738907000E-6	385.092966000E-6	444.383017000E-6	455.365304000E-6	431.834775000E-6	450.273676000E-6	418.065875000E-6	500.603552000E-6	440.704081000E-6	467.500400000E-6	493.381377000E-6	470.131933000E-6	477.733936000E-6	448.180081000E-6	438.053770000E-6	432.342423000E-6
442.403993000E-6	416.200805000E-6	438.835319000E-6	411.255184000E-6	440.152899000E-6	435.038871000E-6	436.072944000E-6	401.213103000E-6	495.354967000E-6	457.209354000E-6	470.156776000E-6	469.449826000E-6	438.578467000E-6	438.136244000E-6	420.789619000E-6	446.208922000E-6	483.496140000E-6	444.716270000E-6	425.439011000E-6	455.790608000E-6	381.943113000E-6	431.063716000E-6	458.172550000E-6	460.675044000E-6	506.576381000E-6	423.222340000E-6	416.217055000E-6	476.560397000E-6	406.080474000E-6	419.795420000E-6
502.098508000E-6	462.249385000E-6	479.672359000E-6	499.935251000E-6	519.824373000E-6	484.430191000E-6	471.196825000E-6	524.043058000E-6	476.199395000E-6	509.509677000E-6	466.458377000E-6	451.737809000E-6	468.895449000E-6	442.024658000E-6	475.546359000E-6	484.690679000E-6	458.160944000E-6	449.626650000E-6	509.452128000E-6	501.990072000E-6	487.658418000E-6	481.695679000E-6	421.453421000E-6	466.663132000E-6	504.264794000E-6	510.587974000E-6	495.405193000E-6	477.517582000E-6	504.931763000E-6	493.360609000E-6
468.374087000E-6	470.151460000E-6	474.860227000E-6	475.215823000E-6	413.721985000E-6	479.182503000E-6	473.045295000E-6	483.964569000E-6	507.959106000E-6	469.995168000E-6	450.502219000E-6	452.251120000E-6	434.683962000E-6	469.451173000E-6	456.540078000E-6	476.539463000E-6	436.653975000E-6	465.841906000E-6	507.506585000E-6	429.036229000E-6	465.740740000E-6	455.502974000E-6	475.858561000E-6	480.589741000E-6	489.932157000E-6	501.063456000E-6	520.538231000E-6	424.832687000E-6	485.192495000E-6	478.267767000E-6
457.439394000E-6	417.980402000E-6	474.750295000E-6	459.124687000E-6	453.808321000E-6	453.836187000E-6	471.724401000E-6	468.719709000E-6	474.372891000E-6	451.208900000E-6	461.484824000E-6	493.180686000E-6	459.544496000E-6	487.951553000E-6	503.679539000E-6	443.100473000E-6	465.948245000E-6	485.353343000E-6	503.821898000E-6	476.075752000E-6	464.651260000E-6	448.498619000E-6	530.269243000E-6	496.512501000E-6	468.873480000E-6	488.809822000E-6	486.022005000E-6	522.667678000E-6	503.086932000E-6	424.423496000E-6
501.054317000E-6	464.323155000E-6	453.546241000E-6	492.380688000E-6	429.267594000E-6	491.129743000E-6	477.505034000E-6	461.960594000E-6	445.079791000E-6	474.616046000E-6	462.915311000E-6	480.970730000E-6	523.422924000E-6	525.667963000E-6	403.460551000E-6	437.523836000E-6	470.510642000E-6	474.745684000E-6	470.940749000E-6	550.408825000E-6	464.592123000E-6	432.698759000E-6	493.517141000E-6	469.237888000E-6	451.880939000E-6	491.350248000E-6	419.369068000E-6	475.833068000E-6	446.613033000E-6	476.308609000E-6
523.137883000E-6	456.413668000E-6	465.870582000E-6	507.236021000E-6	489.457436000E-6	508.001127000E-6	423.134857000E-6	524.707473000E-6	490.332795000E-6	493.761540000E-6	502.942821000E-6	501.860888000E-6	495.546183000E-6	483.566780000E-6	502.293419000E-6	482.625390000E-6	412.271310000E-6	453.522256000E-6	468.496661000E-6	431.299630000E-6	483.990224000E-6	441.770022000E-6	479.034295000E-6	466.449107000E-6	489.703384000E-6	454.447895000E-6	475.826056000E-6	481.252680000E-6	481.618575000E-6	485.406550000E-6
513.340924000E-6	487.653278000E-6	519.557475000E-6	553.992031000E-6	467.499464000E-6	507.887661000E-6	463.440109000E-6	492.823641000E-6	500.541929000E-6	510.323516000E-6	489.336750000E-6	524.419494000E-6	509.916430000E-6	492.482585000E-6	539.621633000E-6	477.187155000E-6	519.381192000E-6	529.343909000E-6	498.892986000E-6	522.603355000E-6	466.641069000E-6	504.887215000E-6	497.245861000E-6	507.059555000E-6	517.037416000E-6	527.473249000E-6	475.766593000E-6	473.700265000E-6	483.143825000E-6	454.731970000E-6
489.121818000E-6	467.515909000E-6	472.251932000E-6	510.950050000E-6	452.025394000E-6	517.849935000E-6	499.232966000E-6	486.624168000E-6	475.526803000E-6	518.577482000E-6	498.564180000E-6	455.016758000E-6	521.522806000E-6	478.598130000E-6	533.577917000E-6	527.601247000E-6	478.025664000E-6	484.815296000E-6	461.731273000E-6	452.299815000E-6	493.276893000E-6	497.005497000E-6	496.768635000E-6	462.782915000E-6	475.874523000E-6	501.602795000E-6	501.066676000E-6	469.620404000E-6	520.669861000E-6	467.785483000E-6
489.023256000E-6	559.153738000E-6	480.933607000E-6	506.297812000E-6	537.824059000E-6	482.863031000E-6	514.736999000E-6	483.528183000E-6	555.925511000E-6	499.333711000E-6	526.784844000E-6	495.446997000E-6	453.615746000E-6	546.330488000E-6	509.893750000E-6	496.129716000E-6	509.939790000E-6	528.387751000E-6	499.557246000E-6	506.726102000E-6	431.006650000E-6	511.874666000E-6	514.351719000E-6	490.789724000E-6	532.882067000E-6	551.103465000E-6	510.750329000E-6	485.095954000E-6	512.058824000E-6	462.222129000E-6
486.162934000E-6	543.269746000E-6	507.378761000E-6	470.863211000E-6	499.624704000E-6	525.355451000E-6	547.343048000E-6	522.989858000E-6	537.275496000E-6	513.107070000E-6	550.831768000E-6	503.630765000E-6	489.434177000E-6	520.847800000E-6	503.541109000E-6	508.901100000E-6	537.945495000E-6	539.149191000E-6	478.506409000E-6	510.756622000E-6	489.191257000E-6	530.576112000E-6	525.849166000E-6	496.469166000E-6	521.609272000E-6	487.985138000E-6	525.439655000E-6	540.878104000E-6	488.817487000E-6	564.862371000E-6
513.406860000E-6	508.483040000E-6	504.627825000E-6	498.930419000E-6	497.155469000E-6	492.145022000E-6	519.143643000E-6	487.479873000E-6	541.537087000E-6	497.162411000E-6	502.179524000E-6	496.314917000E-6	499.346266000E-6	493.622808000E-6	502.360654000E-6	506.294623000E-6	495.717007000E-6	495.456519000E-6	490.525428000E-6	505.374435000E-6	517.737906000E-6	498.184370000E-6	511.171800000E-6	487.699440000E-6	499.487414000E-6	471.809693000E-6	451.254795000E-6	560.445764000E-6	494.672028000E-6	476.726852000E-6
478.483224000E-6	506.558922000E-6	518.437149000E-6	505.756258000E-6	489.091120000E-6	518.381417000E-6	547.828612000E-6	529.501201000E-6	522.143946000E-6	501.914977000E-6	546.299611000E-6	466.611055000E-6	479.284677000E-6	545.716240000E-6	487.909538000E-6	491.024485000E-6	491.068707000E-6	484.778841000E-6	475.335863000E-6	478.496244000E-6	496.842445000E-6	495.854410000E-6	503.435204000E-6	481.599075000E-6	502.329041000E-6	516.130642000E-6	490.062498000E-6	500.387499000E-6	591.413373000E-6	493.690545000E-6
570.001046000E-6	485.633572000E-6	531.448981000E-6	575.342239000E-6	481.155621000E-6	479.292231000E-6	501.702587000E-6	471.459449000E-6	500.567349000E-6	480.929058000E-6	482.321148000E-6	496.652169000E-6	548.911298000E-6	480.036739000E-6	491.768343000E-6	505.171303000E-6	513.827950000E-6	508.160239000E-6	473.401591000E-6	494.443483000E-6	524.721150000E-6	476.739459000E-6	461.577302000E-6	492.793328000E-6	499.821629000E-6	429.235731000E-6	494.091522000E-6	517.888517000E-6	517.625607000E-6	531.699170000E-6
493.664618000E-6	527.344419000E-6	492.933436000E-6	481.364770000E-6	500.363383000E-6	489.456839000E-6	486.199536000E-6	491.369907000E-6	533.511305000E-6	509.402294000E-6	484.510003000E-6	484.855300000E-6	459.672839000E-6	476.831685000E-6	460.715513000E-6	511.626867000E-6	481.456368000E-6	483.324608000E-6	482.947810000E-6	497.670194000E-6	500.886305000E-6	511.288839000E-6	509.562353000E-6	503.849804000E-6	516.261725000E-6	504.794828000E-6	469.424273000E-6	441.449744000E-6	469.229817000E-6	488.433796000E-6
523.524371000E-6	517.839077000E-6	505.697929000E-6	499.465611000E-6	499.074879000E-6	499.116073000E-6	506.748966000E-6	538.128641000E-6	488.899505000E-6	535.771531000E-6	531.661278000E-6	523.849072000E-6	555.146360000E-6	487.718223000E-6	500.359144000E-6	500.245256000E-6	526.303714000E-6	520.445770000E-6	535.306894000E-6	527.175439000E-6	501.358084000E-6	517.101836000E-6	502.163172000E-6	475.429264000E-6	525.851798000E-6	520.162869000E-6	477.498021000E-6	531.902987000E-6	523.375954000E-6	502.553904000E-6
507.380071000E-6	454.043787000E-6	512.864236000E-6	485.621508000E-6	509.216809000E-6	508.890897000E-6	464.052556000E-6	457.381053000E-6	473.588208000E-6	494.867595000E-6	516.618888000E-6	494.705850000E-6	496.163973000E-6	493.015106000E-6	487.821111000E-6	520.930255000E-6	476.876405000E-6	477.854141000E-6	502.779138000E-6	498.221217000E-6	502.674338000E-6	479.133558000E-6	474.645907000E-6	513.188331000E-6	498.810039000E-6	508.595274000E-6	493.989207000E-6	507.994336000E-6	517.057476000E-6	502.161844000E-6
476.530343000E-6	440.129938000E-6	479.200037000E-6	504.387363000E-6	462.711177000E-6	476.022089000E-6	497.179734000E-6	485.888509000E-6	477.528677000E-6	497.778855000E-6	492.877449000E-6	513.923629000E-6	468.784777000E-6	479.810063000E-6	524.160789000E-6	486.204728000E-6	509.099158000E-6	502.966191000E-6	466.219884000E-6	476.663616000E-6	530.204099000E-6	475.479912000E-6	487.596822000E-6	485.662551000E-6	492.175950000E-6	524.072950000E-6	532.032358000E-6	553.891501000E-6	465.093124000E-6	498.385246000E-6
488.607089000E-6	486.740061000E-6	522.609784000E-6	481.249834000E-6	494.886047000E-6	503.285858000E-6	517.972502000E-6	482.804277000E-6	507.677797000E-6	505.375815000E-6	479.725680000E-6	511.935252000E-6	468.010409000E-6	467.795961000E-6	507.229517000E-6	491.837739000E-6	472.757338000E-6	488.402940000E-6	495.354319000E-6	499.228312000E-6	496.832434000E-6	430.245185000E-6	480.692512000E-6	495.676597000E-6	511.529982000E-6	465.548500000E-6	495.350079000E-6	502.154858000E-6	515.067159000E-6	522.044587000E-6
502.153273000E-6	472.591536000E-6	488.147507000E-6	502.093906000E-6	485.618958000E-6	506.280491000E-6	540.228116000E-6	484.254728000E-6	502.259285000E-6	569.820748000E-6	519.010472000E-6	497.580802000E-6	485.579581000E-6	501.173717000E-6	519.115273000E-6	524.289894000E-6	507.926411000E-6	539.808307000E-6	489.822505000E-6	495.837957000E-6	522.715457000E-6	500.824785000E-6	453.137939000E-6	468.110539000E-6	516.514029000E-6	464.686638000E-6	492.298957000E-6	454.519736000E-6	501.354241000E-6	571.905257000E-6
497.826812000E-6	427.348482000E-6	507.765333000E-6	442.087250000E-6	471.985807000E-6	470.688214000E-6	481.197386000E-6	480.704276000E-6	500.865433000E-6	517.663873000E-6	460.123310000E-6	468.444384000E-6	515.763523000E-6	512.880588000E-6	489.389427000E-6	444.808440000E-6	473.901302000E-6	538.397497000E-6	501.636598000E-6	558.376918000E-6	502.336887000E-6	498.460464000E-6	493.792278000E-6	493.326429000E-6	486.812415000E-6	552.409928000E-6	480.225706000E-6	489.958260000E-6	499.802885000E-6	474.146040000E-6
499.967220000E-6	455.659427000E-6	489.463497000E-6	458.424840000E-6	413.559724000E-6	497.487132000E-6	517.887581000E-6	468.298546000E-6	485.470761000E-6	445.788144000E-6	548.693010000E-6	416.992108000E-6	468.529350000E-6	369.423974000E-6	437.861104000E-6	484.319467000E-6	481.144540000E-6	494.957681000E-6	488.405496000E-6	502.863193000E-6	469.543125000E-6	460.052270000E-6	455.615491000E-6	501.525617000E-6	495.535601000E-6	496.036587000E-6	460.372126000E-6	540.294733000E-6	577.188334000E-6	504.029938000E-6
613.808795000E-6	474.050037000E-6	496.293238000E-6	548.952885000E-6	419.202901000E-6	493.912504000E-6	571.166402000E-6	493.834964000E-6	559.604397000E-6	497.040170000E-6	526.570960000E-6	547.967274000E-6	534.956837000E-6	455.230731000E-6	491.404086000E-6	465.186964000E-6	524.564706000E-6	534.017361000E-6	480.752585000E-6	522.289381000E-6	492.103767000E-6	431.819166000E-6	564.277486000E-6	511.894127000E-6	465.575271000E-6	512.357551000E-6	559.679585000E-6	459.710676000E-6	425.600792000E-6	513.142042000E-6
494.563885000E-6	487.705181000E-6	480.696848000E-6	496.023223000E-6	438.947922000E-6	518.601457000E-6	410.215512000E-6	505.364437000E-6	593.548644000E-6	540.909512000E-6	486.883736000E-6	544.414587000E-6	570.772923000E-6	457.074844000E-6	539.969332000E-6	519.307803000E-6	437.709697000E-6	535.990533000E-6	437.367428000E-6	497.693374000E-6	494.665657000E-6	528.440627000E-6	470.210093000E-6	484.157701000E-6	474.172537000E-6	497.065780000E-6	506.558440000E-6	538.354914000E-6	544.857416000E-6	533.083122000E-6
475.783486000E-6	423.904597000E-6	520.651617000E-6	362.248324000E-6	476.952653000E-6	516.892716000E-6	420.222025000E-6	463.811342000E-6	387.791282000E-6	537.584542000E-6	442.156923000E-6	397.193684000E-6	473.543896000E-6	500.952674000E-6	390.289543000E-6	467.167395000E-6	553.256826000E-6	435.569002000E-6	541.645729000E-6	492.044594000E-6	320.246772000E-6	534.091581000E-6	536.955736000E-6	464.567968000E-6	482.885553000E-6	539.587156000E-6	561.449985000E-6	549.393625000E-6	511.368416000E-6	517.509878000E-6
480.623715000E-6	496.705490000E-6	485.154987000E-6	499.097129000E-6	451.051107000E-6	434.911782000E-6	473.640831000E-6	488.365647000E-6	498.987482000E-6	489.757136000E-6	477.746236000E-6	518.263562000E-6	465.147119000E-6	457.421542000E-6	511.103789000E-6	475.861033000E-6	474.989914000E-6	471.816206000E-6	490.221773000E-6	472.412904000E-6	473.874664000E-6	517.669892000E-6	471.964623000E-6	460.886633000E-6	473.969166000E-6	481.678992000E-6	508.938107000E-6	473.156808000E-6	506.695491000E-6	510.482253000E-6
482.022045000E-6	466.854999000E-6	478.647821000E-6	463.020379000E-6	448.195602000E-6	492.512428000E-6	497.510762000E-6	456.151380000E-6	492.742021000E-6	474.689620000E-6	479.718243000E-6	462.432161000E-6	463.024013000E-6	480.737174000E-6	499.448669000E-6	475.025225000E-6	481.802750000E-6	486.346746000E-6	480.288893000E-6	473.768826000E-6	464.662662000E-6	467.468660000E-6	435.807899000E-6	452.520909000E-6	477.711277000E-6	428.330086000E-6	433.211504000E-6	467.133055000E-6	483.859391000E-6	511.213019000E-6
539.431907000E-6	426.065945000E-6	514.373619000E-6	394.959502000E-6	561.225621000E-6	453.686097000E-6	470.646860000E-6	523.510671000E-6	440.901615000E-6	545.034810000E-6	488.696218000E-6	544.299993000E-6	517.020292000E-6	462.556604000E-6	475.189640000E-6	509.892628000E-6	499.273221000E-6	522.188848000E-6	478.232497000E-6	509.126311000E-6	455.429546000E-6	496.888246000E-6	499.729377000E-6	514.522036000E-6	524.750712000E-6	426.883755000E-6	532.546557000E-6	494.335469000E-6	510.117375000E-6	487.119360000E-6
514.786666000E-6	442.253557000E-6	484.829973000E-6	490.091824000E-6	456.708203000E-6	444.813607000E-6	472.960819000E-6	481.695033000E-6	405.892501000E-6	482.718205000E-6	510.942958000E-6	462.221456000E-6	479.730471000E-6	499.943107000E-6	518.684289000E-6	605.043844000E-6	471.286428000E-6	477.286127000E-6	479.389414000E-6	461.099541000E-6	475.263410000E-6	509.146804000E-6	490.836335000E-6	491.610528000E-6	438.936277000E-6	480.020036000E-6	559.795915000E-6	517.317032000E-6	452.187226000E-6	457.105598000E-6
414.403267000E-6	453.495212000E-6	507.413153000E-6	492.984553000E-6	482.519003000E-6	450.859440000E-6	470.174911000E-6	426.846707000E-6	424.230320000E-6	540.737415000E-6	422.464455000E-6	430.167018000E-6	447.061770000E-6	475.891709000E-6	505.294721000E-6	463.331352000E-6	467.007259000E-6	447.279247000E-6	435.412515000E-6	469.225645000E-6	466.130081000E-6	447.302873000E-6	451.492486000E-6	437.968324000E-6	423.646342000E-6	439.265310000E-6	432.512013000E-6	466.880044000E-6	451.198074000E-6	459.622733000E-6
482.491112000E-6	489.485502000E-6	496.018891000E-6	475.479759000E-6	522.666755000E-6	489.019048000E-6	361.126381000E-6	503.531227000E-6	497.954373000E-6	484.375708000E-6	502.130653000E-6	485.580614000E-6	458.554134000E-6	453.951987000E-6	497.852601000E-6	466.770998000E-6	510.442625000E-6	469.597590000E-6	485.429774000E-6	478.275456000E-6	480.608333000E-6	476.101900000E-6	471.801434000E-6	445.103895000E-6	473.828390000E-6	470.649838000E-6	507.950427000E-6	482.053735000E-6	433.943523000E-6	473.901084000E-6
536.008600000E-6	489.245702000E-6	473.532268000E-6	477.839393000E-6	541.431579000E-6	491.113334000E-6	475.277532000E-6	496.857379000E-6	494.962487000E-6	491.012169000E-6	483.994160000E-6	500.360629000E-6	495.045479000E-6	477.100943000E-6	513.592771000E-6	476.072927000E-6	484.896778000E-6	493.958702000E-6	495.578569000E-6	478.774118000E-6	457.692226000E-6	469.434139000E-6	510.598380000E-6	496.568420000E-6	486.092596000E-6	467.684029000E-6	462.406438000E-6	467.504111000E-6	498.251288000E-6	473.056122000E-6
524.549939000E-6	496.260409000E-6	492.121083000E-6	515.940530000E-6	549.633365000E-6	524.691991000E-6	515.058800000E-6	522.443923000E-6	500.388509000E-6	472.559964000E-6	498.752284000E-6	513.651562000E-6	525.417721000E-6	521.235383000E-6	513.844807000E-6	519.937791000E-6	514.871613000E-6	522.934609000E-6	513.157242000E-6	503.219947000E-6	518.408185000E-6	499.488918000E-6	504.274013000E-6	513.218426000E-6	524.788916000E-6	508.475131000E-6	491.076990000E-6	484.857397000E-6	520.317013000E-6	547.569456000E-6
552.967153000E-6	537.579591000E-6	554.625189000E-6	508.388597000E-6	539.670764000E-6	515.192782000E-6	463.538649000E-6	502.056925000E-6	515.731325000E-6	503.749490000E-6	531.581707000E-6	491.196399000E-6	481.475357000E-6	482.599695000E-6	563.186758000E-6	505.028304000E-6	543.825242000E-6	487.273937000E-6	516.753286000E-6	510.752978000E-6	484.630894000E-6	502.848081000E-6	496.434022000E-6	517.489921000E-6	479.550397000E-6	502.291574000E-6	455.264469000E-6	512.078640000E-6	520.030176000E-6	501.385319000E-6
493.716611000E-6	485.786884000E-6	525.555465000E-6	512.627405000E-6	495.442493000E-6	479.259550000E-6	507.172916000E-6	476.242740000E-6	498.030407000E-6	507.475809000E-6	512.963010000E-6	477.084175000E-6	518.638611000E-6	507.864117000E-6	457.880182000E-6	518.122482000E-6	474.398730000E-6	470.759173000E-6	496.894560000E-6	521.919543000E-6	527.011167000E-6	509.515487000E-6	495.104465000E-6	509.493073000E-6	482.051613000E-6	462.953026000E-6	494.623472000E-6	489.291351000E-6	479.640589000E-6	464.147029000E-6
498.701552000E-6	502.052149000E-6	473.892232000E-6	497.284015000E-6	492.091226000E-6	423.476984000E-6	398.162439000E-6	475.718068000E-6	445.210128000E-6	515.464229000E-6	490.224196000E-6	465.875273000E-6	531.072281000E-6	502.089102000E-6	483.828923000E-6	471.138333000E-6	462.513166000E-6	499.498159000E-6	509.641424000E-6	468.562535000E-6	521.431212000E-6	475.988248000E-6	470.416843000E-6	480.335967000E-6	498.021861000E-6	482.209660000E-6	523.836784000E-6	489.924332000E-6	507.446059000E-6	491.739870000E-6
487.465176000E-6	507.744425000E-6	491.096856000E-6	507.886178000E-6	523.561463000E-6	481.788368000E-6	505.300689000E-6	453.529118000E-6	494.752160000E-6	523.899491000E-6	469.392196000E-6	493.158341000E-6	496.590111000E-6	492.127901000E-6	518.578278000E-6	523.777122000E-6	527.741983000E-6	533.983989000E-6	512.995972000E-6	475.773532000E-6	450.265756000E-6	527.014436000E-6	530.931440000E-6	471.917107000E-6	452.548353000E-6	459.190782000E-6	545.327307000E-6	526.270532000E-6	492.802140000E-6	536.545852000E-6
492.857814000E-6	453.735032000E-6	458.289926000E-6	508.299870000E-6	482.260218000E-6	549.233948000E-6	505.114048000E-6	469.917356000E-6	509.538699000E-6	490.508581000E-6	543.147630000E-6	470.099091000E-6	561.905145000E-6	526.656961000E-6	544.427653000E-6	547.542597000E-6	480.075758000E-6	506.636991000E-6	537.619239000E-6	530.230484000E-6	492.211442000E-6	438.933896000E-6	552.084770000E-6	480.787555000E-6	529.151582000E-6	495.555373000E-6	523.957585000E-6	466.468018000E-6	523.482044000E-6	521.771914000E-6
532.714124000E-6	496.187134000E-6	501.299956000E-6	484.669353000E-6	474.576983000E-6	462.114178000E-6	493.562876000E-6	461.049814000E-6	461.953645000E-6	502.529093000E-6	478.570920000E-6	513.160005000E-6	498.434595000E-6	474.545482000E-6	510.887102000E-6	477.968770000E-6	470.257133000E-6	536.423949000E-6	481.259392000E-6	413.009283000E-6	456.845064000E-6	461.362399000E-6	496.423996000E-6	501.986915000E-6	512.885685000E-6	523.469955000E-6	494.944161000E-6	449.607238000E-6	510.598243000E-6	535.076183000E-6
514.964139000E-6	479.057986000E-6	509.957922000E-6	463.580757000E-6	458.103240000E-6	492.658489000E-6	462.232883000E-6	449.272696000E-6	461.657386000E-6	529.966431000E-6	474.546091000E-6	501.745280000E-6	476.596071000E-6	490.527334000E-6	477.805826000E-6	488.465844000E-6	464.607565000E-6	473.003154000E-6	514.144510000E-6	471.408119000E-6	484.169609000E-6	495.494174000E-6	461.213951000E-6	501.588382000E-6	493.176436000E-6	472.845650000E-6	479.537768000E-6	483.398443000E-6	502.776934000E-6	458.289822000E-6
465.338021000E-6	523.823547000E-6	488.294854000E-6	457.779640000E-6	514.063743000E-6	517.377993000E-6	551.160207000E-6	509.202923000E-6	471.718150000E-6	485.138714000E-6	512.858230000E-6	498.032245000E-6	503.167485000E-6	479.168701000E-6	533.929255000E-6	520.741918000E-6	487.235336000E-6	482.074653000E-6	501.425853000E-6	495.309846000E-6	531.311657000E-6	508.984840000E-6	459.009384000E-6	480.526266000E-6	507.125685000E-6	489.959552000E-6	527.074190000E-6	482.493856000E-6	516.486883000E-6	505.840815000E-6
480.022381000E-6	482.384944000E-6	456.250761000E-6	483.119762000E-6	500.047220000E-6	412.018135000E-6	500.067817000E-6	446.509127000E-6	456.757803000E-6	509.060700000E-6	498.186248000E-6	491.303921000E-6	480.130211000E-6	499.394789000E-6	447.901828000E-6	496.735998000E-6	515.121582000E-6	487.471723000E-6	490.282567000E-6	460.834738000E-6	483.065847000E-6	503.414781000E-6	468.454305000E-6	482.704799000E-6	502.447342000E-6	484.619080000E-6	461.568950000E-6	518.449766000E-6	510.370408000E-6	501.347841000E-6
518.147883000E-6	472.662511000E-6	519.300692000E-6	479.503036000E-6	501.565122000E-6	520.787288000E-6	518.681579000E-6	542.253282000E-6	474.087923000E-6	513.502723000E-6	460.760046000E-6	511.876190000E-6	546.148480000E-6	471.685986000E-6	509.254352000E-6	517.389440000E-6	497.712329000E-6	489.059901000E-6	495.918600000E-6	467.217715000E-6	494.774272000E-6	506.937224000E-6	494.022493000E-6	503.082008000E-6	478.959041000E-6	488.089434000E-6	513.485761000E-6	541.023538000E-6	450.056430000E-6	502.393230000E-6
475.361854000E-6	480.766668000E-6	464.846032000E-6	511.080150000E-6	477.735319000E-6	463.601143000E-6	485.261593000E-6	475.160733000E-6	476.486797000E-6	447.833165000E-6	439.446678000E-6	490.800891000E-6	518.557354000E-6	508.398340000E-6	509.098021000E-6	508.023359000E-6	460.690346000E-6	443.705952000E-6	482.328381000E-6	451.292198000E-6	478.353826000E-6	457.360346000E-6	415.355213000E-6	547.654420000E-6	429.295538000E-6	478.828761000E-6	514.302926000E-6	466.846940000E-6	444.439558000E-6	456.649155000E-6
508.595928000E-6	453.054584000E-6	493.855981000E-6	487.812070000E-6	475.866002000E-6	478.428470000E-6	454.882235000E-6	464.521477000E-6	468.531164000E-6	459.428647000E-6	487.340164000E-6	458.959164000E-6	447.632813000E-6	437.950561000E-6	503.036038000E-6	461.720935000E-6	452.994611000E-6	489.072102000E-6	454.570862000E-6	467.747885000E-6	386.541878000E-6	442.280708000E-6	438.753831000E-6	492.013185000E-6	497.027869000E-6	492.007127000E-6	526.624678000E-6	428.067794000E-6	454.216478000E-6	464.919477000E-6
487.708992000E-6	512.444438000E-6	497.332505000E-6	511.991916000E-6	488.176658000E-6	489.941312000E-6	475.564804000E-6	519.646625000E-6	472.953867000E-6	484.982956000E-6	487.881035000E-6	481.202852000E-6	495.891341000E-6	510.275724000E-6	489.385807000E-6	509.570590000E-6	470.453789000E-6	498.594357000E-6	521.174417000E-6	461.053811000E-6	457.734710000E-6	463.636276000E-6	436.172370000E-6	455.097119000E-6	511.722947000E-6	494.910573000E-6	498.965704000E-6	463.989449000E-6	459.881615000E-6	499.025676000E-6
501.009237000E-6	491.503871000E-6	518.684215000E-6	454.959915000E-6	491.167055000E-6	511.765549000E-6	478.899917000E-6	481.909454000E-6	495.108289000E-6	534.044489000E-6	500.809934000E-6	450.136052000E-6	470.228716000E-6	472.556140000E-6	493.062555000E-6	508.738443000E-6	472.669422000E-6	475.895831000E-6	478.308065000E-6	449.451516000E-6	462.982926000E-6	488.172661000E-6	514.102666000E-6	497.570198000E-6	462.776959000E-6	504.935327000E-6	508.786300000E-6	484.217494000E-6	469.758021000E-6	511.383904000E-6
480.433370000E-6	499.788197000E-6	452.186833000E-6	477.998115000E-6	494.895273000E-6	504.423663000E-6	497.952063000E-6	476.974945000E-6	488.047480000E-6	455.992374000E-6	513.778193000E-6	449.500178000E-6	483.926932000E-6	491.326594000E-6	489.787900000E-6	484.370972000E-6	491.968726000E-6	456.786558000E-6	462.264065000E-6	437.060385000E-6	489.489248000E-6	496.768965000E-6	491.784567000E-6	465.818205000E-6	518.967952000E-6	495.689457000E-6	501.743671000E-6	467.495017000E-6	505.995675000E-6	519.813628000E-6
490.858585000E-6	461.525860000E-6	488.106502000E-6	497.484057000E-6	523.451040000E-6	494.433929000E-6	536.980646000E-6	483.982923000E-6	457.013971000E-6	465.296872000E-6	472.750453000E-6	484.465128000E-6	466.232811000E-6	544.051371000E-6	432.764996000E-6	491.392887000E-6	507.118465000E-6	440.240385000E-6	489.117558000E-6	480.633536000E-6	527.178436000E-6	491.248710000E-6	498.496930000E-6	497.035776000E-6	528.849191000E-6	496.353662000E-6	512.697747000E-6	482.404852000E-6	482.981560000E-6	484.500869000E-6
501.447504000E-6	465.787410000E-6	483.723469000E-6	500.572145000E-6	500.766602000E-6	496.559431000E-6	486.255647000E-6	489.644404000E-6	474.426499000E-6	481.924896000E-6	502.245321000E-6	502.022393000E-6	498.469468000E-6	496.028158000E-6	503.871246000E-6	465.948549000E-6	441.957071000E-6	507.882144000E-6	476.934445000E-6	506.752356000E-6	455.415173000E-6	474.293832000E-6	495.310304000E-6	531.576182000E-6	501.263951000E-6	476.397115000E-6	485.912773000E-6	475.690770000E-6	455.978552000E-6	532.840453000E-6
538.978806000E-6	425.759917000E-6	446.661334000E-6	504.022559000E-6	489.751464000E-6	543.182957000E-6	488.881556000E-6	454.878815000E-6	474.276067000E-6	413.839876000E-6	471.744489000E-6	561.772697000E-6	478.572298000E-6	545.361362000E-6	543.032722000E-6	470.864283000E-6	478.191259000E-6	508.966374000E-6	455.770531000E-6	468.285454000E-6	493.155978000E-6	526.960021000E-6	471.500358000E-6	442.098558000E-6	530.870366000E-6	505.540657000E-6	471.189590000E-6	508.869448000E-6	479.477341000E-6	423.168972000E-6
474.033941000E-6	492.580653000E-6	538.392536000E-6	466.989873000E-6	506.459793000E-6	464.731507000E-6	502.697262000E-6	485.280944000E-6	483.494485000E-6	452.186305000E-6	458.434372000E-6	455.335782000E-6	516.723608000E-6	538.699669000E-6	474.928685000E-6	494.696055000E-6	469.479043000E-6	520.194150000E-6	501.130097000E-6	458.853575000E-6	508.109951000E-6	498.141759000E-6	536.495218000E-6	493.205823000E-6	498.394372000E-6	475.647752000E-6	476.807224000E-6	535.502942000E-6	490.336826000E-6	460.323815000E-6
536.763679000E-6	499.738136000E-6	493.438584000E-6	487.254737000E-6	488.903076000E-6	499.573363000E-6	501.665136000E-6	493.427680000E-6	497.115695000E-6	497.200505000E-6	472.851001000E-6	515.991331000E-6	506.430236000E-6	487.045135000E-6	489.016964000E-6	504.224575000E-6	493.468873000E-6	460.250686000E-6	456.818311000E-6	485.243533000E-6	449.752442000E-6	476.215528000E-6	493.732389000E-6	479.977449000E-6	497.805078000E-6	484.611094000E-6	452.571157000E-6	482.194620000E-6	498.516269000E-6	454.908273000E-6
447.260719000E-6	481.541442000E-6	496.888985000E-6	464.007018000E-6	501.450541000E-6	473.778317000E-6	472.512834000E-6	503.385415000E-6	500.933807000E-6	449.286461000E-6	495.916702000E-6	512.790215000E-6	480.071204000E-6	466.697911000E-6	486.439813000E-6	505.954546000E-6	506.369508000E-6	507.610760000E-6	477.511765000E-6	484.046966000E-6	479.177066000E-6	479.547200000E-6	512.113554000E-6	452.462588000E-6	461.257363000E-6	484.481313000E-6	490.851134000E-6	480.890830000E-6	465.035639000E-6	471.396374000E-6
476.355612000E-6	482.003954000E-6	511.255512000E-6	505.525994000E-6	480.989264000E-6	446.084517000E-6	472.803892000E-6	464.150248000E-6	483.658354000E-6	517.181304000E-6	494.039698000E-6	490.706667000E-6	471.448144000E-6	461.135860000E-6	451.399678000E-6	490.042726000E-6	466.129955000E-6	486.221432000E-6	498.295340000E-6	471.604437000E-6	514.408019000E-6	492.300488000E-6	488.653660000E-6	495.629884000E-6	536.462847000E-6	477.916720000E-6	481.329715000E-6	485.117691000E-6	452.481611000E-6	492.070290000E-6
416.201877000E-6	484.541660000E-6	468.295726000E-6	516.734876000E-6	466.392351000E-6	474.654648000E-6	508.664006000E-6	523.827403000E-6	481.814417000E-6	455.571219000E-6	430.315449000E-6	508.328402000E-6	486.028861000E-6	510.123947000E-6	514.194215000E-6	476.313892000E-6	519.627498000E-6	467.442781000E-6	465.707208000E-6	455.084168000E-6	472.019485000E-6	463.607558000E-6	452.848216000E-6	487.210747000E-6	484.269663000E-6	493.055964000E-6	498.265712000E-6	449.376464000E-6	456.868809000E-6	471.905597000E-6
479.192065000E-6	487.705765000E-6	492.031068000E-6	457.725475000E-6	472.357601000E-6	481.581886000E-6	508.143732000E-6	513.062099000E-6	508.057105000E-6	480.988823000E-6	504.681066000E-6	490.178578000E-6	494.645030000E-6	526.961226000E-6	520.573831000E-6	465.755152000E-6	510.253075000E-6	464.292182000E-6	511.734219000E-6	518.623810000E-6	463.694878000E-6	530.999993000E-6	482.645038000E-6	488.742262000E-6	500.455717000E-6	476.886448000E-6	469.537067000E-6	455.181784000E-6	487.873567000E-6	459.106058000E-6
485.026974000E-6	486.748614000E-6	492.154032000E-6	501.452223000E-6	478.420891000E-6	515.963192000E-6	448.931287000E-6	462.891598000E-6	492.298815000E-6	520.945166000E-6	514.594118000E-6	488.383628000E-6	489.092396000E-6	492.624121000E-6	511.314223000E-6	468.312604000E-6	498.496427000E-6	469.567790000E-6	493.948196000E-6	468.792991000E-6	503.471736000E-6	453.634444000E-6	510.690265000E-6	490.984092000E-6	488.289562000E-6	439.582664000E-6	466.613984000E-6	507.649832000E-6	459.107102000E-6	484.498562000E-6
500.761759000E-6	475.550807000E-6	494.531261000E-6	496.248056000E-6	474.926243000E-6	475.341811000E-6	482.365282000E-6	504.533982000E-6	451.189771000E-6	513.525042000E-6	416.386214000E-6	444.095423000E-6	470.927456000E-6	486.226555000E-6	486.840215000E-6	479.329088000E-6	510.069039000E-6	521.237291000E-6	489.253057000E-6	504.177175000E-6	492.489766000E-6	425.084680000E-6	485.962433000E-6	497.435394000E-6	514.444018000E-6	498.889278000E-6	486.490677000E-6	447.335161000E-6	481.789786000E-6	520.671487000E-6
449.029682000E-6	483.451605000E-6	479.507338000E-6	493.441608000E-6	504.605622000E-6	484.912759000E-6	469.039976000E-6	474.028617000E-6	463.698163000E-6	510.034668000E-6	476.876413000E-6	498.240637000E-6	505.488857000E-6	475.297131000E-6	481.617287000E-6	486.565946000E-6	496.560189000E-6	483.603051000E-6	472.082835000E-6	472.625619000E-6	488.007715000E-6	468.540204000E-6	472.814624000E-6	477.099342000E-6	484.655210000E-6	501.025945000E-6	472.145143000E-6	463.318856000E-6	492.640062000E-6	485.432432000E-6
494.435455000E-6	505.386834000E-6	502.718957000E-6	490.433641000E-6	491.514967000E-6	477.823624000E-6	485.780607000E-6	494.884342000E-6	435.845157000E-6	456.601769000E-6	490.535413000E-6	482.841339000E-6	459.227846000E-6	508.714410000E-6	513.950814000E-6	490.909182000E-6	478.414870000E-6	442.098674000E-6	477.987791000E-6	486.975821000E-6	505.224483000E-6	496.957944000E-6	438.538477000E-6	478.375494000E-6	477.384430000E-6	480.719881000E-6	479.940236000E-6	477.236618000E-6	486.210715000E-6	451.327355000E-6
522.730790000E-6	453.588967000E-6	453.231554000E-6	489.705841000E-6	503.585576000E-6	468.603337000E-6	481.054632000E-6	532.940076000E-6	477.072810000E-6	476.145354000E-6	482.792628000E-6	445.207332000E-6	491.146396000E-6	477.020107000E-6	500.199240000E-6	480.590601000E-6	467.523223000E-6	473.251521000E-6	489.053411000E-6	500.092622000E-6	474.285595000E-6	501.917245000E-6	481.656782000E-6	456.880800000E-6	509.691884000E-6	487.422639000E-6	475.536541000E-6	450.398300000E-6	488.468223000E-6	516.592981000E-6
487.931777000E-6	484.996143000E-6	479.126694000E-6	453.512292000E-6	496.436391000E-6	489.578906000E-6	463.545907000E-6	468.314645000E-6	420.098410000E-6	548.394559000E-6	477.912095000E-6	485.642516000E-6	451.668283000E-6	461.840623000E-6	484.607835000E-6	476.859847000E-6	480.612684000E-6	459.177592000E-6	472.211660000E-6	478.548775000E-6	487.801533000E-6	474.660848000E-6	477.362043000E-6	470.264667000E-6	465.262095000E-6	479.105491000E-6	505.725496000E-6	467.546510000E-6	474.447612000E-6	460.363719000E-6
533.007978000E-6	488.547074000E-6	500.339264000E-6	446.070113000E-6	484.731847000E-6	487.919482000E-6	458.488077000E-6	522.006942000E-6	483.449403000E-6	506.474037000E-6	503.408771000E-6	495.606880000E-6	491.244024000E-6	479.806824000E-6	486.368070000E-6	503.912783000E-6	470.597092000E-6	488.352012000E-6	473.500614000E-6	477.721716000E-6	535.262705000E-6	507.454196000E-6	522.990735000E-6	549.830597000E-6	492.902661000E-6	501.654421000E-6	461.319511000E-6	513.896102000E-6	470.717643000E-6	483.371257000E-6
475.212714000E-6	488.385472000E-6	476.195295000E-6	474.132602000E-6	450.651229000E-6	440.289305000E-6	512.227892000E-6	438.064263000E-6	489.070613000E-6	497.287458000E-6	533.660506000E-6	509.317104000E-6	529.930093000E-6	467.177604000E-6	483.020049000E-6	459.276978000E-6	504.982118000E-6	540.908098000E-6	445.315490000E-6	436.070630000E-6	497.312901000E-6	429.380965000E-6	498.049534000E-6	467.906361000E-6	463.198213000E-6	493.368040000E-6	494.720754000E-6	482.199213000E-6	487.719111000E-6	473.159714000E-6
502.125429000E-6	478.605220000E-6	483.281275000E-6	505.508133000E-6	500.947177000E-6	508.369861000E-6	487.324890000E-6	434.977190000E-6	508.273541000E-6	483.235841000E-6	467.349129000E-6	483.297025000E-6	474.225395000E-6	472.650960000E-6	487.359420000E-6	463.516933000E-6	465.822551000E-6	452.851482000E-6	485.214941000E-6	464.876921000E-6	486.484666000E-6	462.925081000E-6	472.238420000E-6	477.511778000E-6	454.276894000E-6	470.780295000E-6	475.597498000E-6	494.788767000E-6	461.506333000E-6	467.495123000E-6
526.784806000E-6	502.427417000E-6	484.324754000E-6	522.538256000E-6	474.723673000E-6	499.264009000E-6	472.469549000E-6	510.018504000E-6	492.772421000E-6	487.333081000E-6	503.652919000E-6	466.729739000E-6	516.975941000E-6	508.395001000E-6	485.384272000E-6	474.297807000E-6	501.705927000E-6	491.073801000E-6	475.783796000E-6	468.142429000E-6	484.875412000E-6	478.811508000E-6	468.257528000E-6	473.479997000E-6	476.639770000E-6	500.047895000E-6	487.063507000E-6	525.048627000E-6	526.507962000E-6	516.187815000E-6
459.905178000E-6	505.895703000E-6	438.308974000E-6	496.385498000E-6	432.010637000E-6	459.858533000E-6	500.060185000E-6	459.795531000E-6	503.753651000E-6	529.575805000E-6	330.882246000E-6	517.428016000E-6	467.273330000E-6	514.542666000E-6	508.899787000E-6	487.338112000E-6	477.655865000E-6	464.245621000E-6	492.341889000E-6	486.631768000E-6	470.032071000E-6	466.640892000E-6	469.458394000E-6	497.567989000E-6	441.197353000E-6	495.378685000E-6	472.975576000E-6	476.143222000E-6	500.168014000E-6	462.182321000E-6
467.403241000E-6	506.095857000E-6	479.416537000E-6	502.767681000E-6	493.805717000E-6	493.401054000E-6	488.698355000E-6	418.517103000E-6	510.055865000E-6	498.912474000E-6	512.938184000E-6	476.025360000E-6	499.179625000E-6	435.890979000E-6	481.160358000E-6	498.468823000E-6	470.073902000E-6	486.113249000E-6	503.817897000E-6	510.673557000E-6	474.543377000E-6	484.842314000E-6	509.739437000E-6	479.675581000E-6	496.107476000E-6	437.921907000E-6	496.106870000E-6	479.763419000E-6	468.392851000E-6	442.195714000E-6
541.055069000E-6	451.273983000E-6	476.052438000E-6	453.698943000E-6	455.426039000E-6	510.321134000E-6	478.146640000E-6	486.446511000E-6	498.857244000E-6	493.923725000E-6	481.711689000E-6	531.910127000E-6	508.436534000E-6	511.186802000E-6	484.335953000E-6	485.139831000E-6	484.439542000E-6	477.307627000E-6	467.099530000E-6	490.998385000E-6	468.082721000E-6	514.067313000E-6	487.369728000E-6	500.070633000E-6	506.265691000E-6	452.193892000E-6	527.167105000E-6	473.184356000E-6	455.474220000E-6	443.642020000E-6
478.648239000E-6	517.789220000E-6	463.954317000E-6	489.158003000E-6	486.221157000E-6	434.251466000E-6	475.918571000E-6	477.838910000E-6	498.122410000E-6	478.292037000E-6	470.001263000E-6	483.765910000E-6	487.531470000E-6	469.042911000E-6	481.319751000E-6	433.496658000E-6	452.463787000E-6	484.199047000E-6	417.234359000E-6	465.969158000E-6	474.813619000E-6	490.764545000E-6	460.673386000E-6	469.199204000E-6	496.612793000E-6	467.822860000E-6	461.359134000E-6	463.794390000E-6	517.254918000E-6	459.238487000E-6
472.124969000E-6	470.632315000E-6	458.166476000E-6	478.173730000E-6	476.535082000E-6	466.627472000E-6	455.342307000E-6	457.552210000E-6	477.802384000E-6	417.810305000E-6	498.422087000E-6	434.983698000E-6	411.032179000E-6	486.534166000E-6	350.279839000E-6	541.617571000E-6	477.578849000E-6	452.298844000E-6	465.280207000E-6	450.907962000E-6	486.774057000E-6	483.286554000E-6	511.744506000E-6	547.369498000E-6	485.533708000E-6	486.303055000E-6	439.246269000E-6	517.782681000E-6	484.021062000E-6	411.263841000E-6
443.373782000E-6	498.668602000E-6	476.936074000E-6	470.667413000E-6	471.334382000E-6	429.618833000E-6	519.665707000E-6	478.176721000E-6	434.888555000E-6	508.771880000E-6	456.161898000E-6	438.079829000E-6	520.313896000E-6	468.369672000E-6	434.139805000E-6	471.323478000E-6	458.955777000E-6	477.861107000E-6	464.412080000E-6	447.195678000E-6	469.128114000E-6	485.125678000E-6	480.849443000E-6	473.636364000E-6	455.367714000E-6	482.572901000E-6	512.313297000E-6	493.129306000E-6	428.951864000E-6	421.186916000E-6
482.271589000E-6	449.931745000E-6	494.902816000E-6	517.202981000E-6	438.870713000E-6	442.515723000E-6	475.511026000E-6	458.668985000E-6	450.569637000E-6	479.397744000E-6	428.763793000E-6	474.999743000E-6	468.775300000E-6	433.869956000E-6	480.273103000E-6	464.717751000E-6	483.645509000E-6	469.337469000E-6	444.066533000E-6	445.991113000E-6	512.343978000E-6	468.454234000E-6	527.326257000E-6	428.016860000E-6	471.272347000E-6	507.549188000E-6	454.200714000E-6	442.746527000E-6	505.307783000E-6	394.741078000E-6
509.462000000E-6	481.741283000E-6	505.700682000E-6	471.748862000E-6	494.938913000E-6	480.148675000E-6	434.783261000E-6	551.548301000E-6	451.200032000E-6	442.348909000E-6	475.984510000E-6	522.715363000E-6	444.655132000E-6	488.102631000E-6	480.341315000E-6	492.866523000E-6	455.295138000E-6	466.739020000E-6	510.841978000E-6	479.227882000E-6	473.019798000E-6	462.175037000E-6	480.788990000E-6	505.284508000E-6	536.002043000E-6	500.922251000E-6	455.373284000E-6	496.075972000E-6	528.902244000E-6	469.915151000E-6
508.334865000E-6	471.881786000E-6	482.139534000E-6	502.621106000E-6	496.958233000E-6	482.506639000E-6	458.510911000E-6	468.258589000E-6	472.216785000E-6	502.530239000E-6	467.393529000E-6	495.407425000E-6	465.021883000E-6	483.600686000E-6	544.287567000E-6	460.750497000E-6	449.028567000E-6	452.689929000E-6	478.111673000E-6	483.153011000E-6	489.499815000E-6	470.251014000E-6	489.928711000E-6	459.384453000E-6	484.829823000E-6	536.044658000E-6	449.346604000E-6	498.468454000E-6	513.745732000E-6	554.022523000E-6
499.750436000E-6	476.366487000E-6	470.007550000E-6	494.295332000E-6	477.061324000E-6	526.531028000E-6	472.570026000E-6	496.519173000E-6	488.184768000E-6	406.181928000E-6	514.726680000E-6	395.075445000E-6	523.265235000E-6	415.719424000E-6	440.182884000E-6	491.736492000E-6	554.159114000E-6	409.196319000E-6	486.512798000E-6	560.729470000E-6	394.578095000E-6	599.811154000E-6	409.857838000E-6	465.450827000E-6	478.775698000E-6	448.218636000E-6	436.348258000E-6	516.829363000E-6	495.369391000E-6	505.427257000E-6
526.981273000E-6	455.181833000E-6	520.858605000E-6	462.854704000E-6	497.519531000E-6	486.437303000E-6	479.252694000E-6	486.078678000E-6	491.942070000E-6	492.475161000E-6	463.267849000E-6	496.305538000E-6	527.732446000E-6	530.966731000E-6	496.341885000E-6	494.981898000E-6	491.920262000E-6	524.197085000E-6	507.948724000E-6	500.109262000E-6	485.796382000E-6	476.502431000E-6	472.029316000E-6	524.209807000E-6	491.780931000E-6	508.740484000E-6	518.964921000E-6	523.189059000E-6	462.210149000E-6	451.634356000E-6
388.840577000E-6	509.060420000E-6	499.029833000E-6	472.687274000E-6	479.638050000E-6	528.995592000E-6	409.966721000E-6	474.225968000E-6	442.648820000E-6	449.691676000E-6	511.799780000E-6	450.550074000E-6	470.468889000E-6	483.713772000E-6	507.538689000E-6	457.809801000E-6	492.057248000E-6	462.280494000E-6	568.020865000E-6	511.325450000E-6	434.132695000E-6	464.924139000E-6	421.960052000E-6	485.912165000E-6	507.393906000E-6	506.353167000E-6	513.432371000E-6	518.837790000E-6	438.810567000E-6	514.066627000E-6
485.143376000E-6	452.890782000E-6	516.667211000E-6	499.287848000E-6	526.046579000E-6	486.665714000E-6	502.699023000E-6	441.924864000E-6	492.890759000E-6	445.769017000E-6	448.548967000E-6	501.221412000E-6	514.717707000E-6	446.469305000E-6	618.159824000E-6	468.311508000E-6	500.087987000E-6	499.241705000E-6	514.396641000E-6	469.372238000E-6	466.828545000E-6	468.103118000E-6	497.151745000E-6	488.631371000E-6	504.373919000E-6	483.039971000E-6	488.158253000E-6	476.540498000E-6	452.624086000E-6	474.239725000E-6
445.722921000E-6	497.553247000E-6	491.380908000E-6	549.347226000E-6	541.561076000E-6	500.368934000E-6	476.519799000E-6	549.637397000E-6	507.031959000E-6	472.675490000E-6	511.496591000E-6	524.524595000E-6	491.108910000E-6	507.192492000E-6	523.264563000E-6	498.282612000E-6	498.801163000E-6	511.692260000E-6	492.311393000E-6	489.489042000E-6	459.877684000E-6	513.394515000E-6	489.191602000E-6	510.687869000E-6	497.427287000E-6	532.600357000E-6	494.392912000E-6	544.348945000E-6	437.302553000E-6	512.891153000E-6
502.500660000E-6	530.934336000E-6	476.020031000E-6	487.353035000E-6	512.564547000E-6	472.128475000E-6	506.904103000E-6	532.204059000E-6	483.943683000E-6	500.786292000E-6	509.114608000E-6	468.318095000E-6	497.458115000E-6	534.661119000E-6	537.578574000E-6	496.898977000E-6	493.542934000E-6	516.616635000E-6	483.884922000E-6	489.942155000E-6	508.529421000E-6	487.251869000E-6	489.851287000E-6	470.441973000E-6	496.742684000E-6	471.389419000E-6	508.156258000E-6	491.695899000E-6	504.088419000E-6	533.123639000E-6
492.704507000E-6	421.949476000E-6	463.409371000E-6	526.268001000E-6	483.477803000E-6	602.069218000E-6	451.712883000E-6	463.088306000E-6	475.563833000E-6	457.767700000E-6	511.214255000E-6	414.135461000E-6	568.015039000E-6	524.091417000E-6	579.283843000E-6	588.781334000E-6	538.367942000E-6	471.247618000E-6	476.362257000E-6	511.617707000E-6	523.743091000E-6	557.644007000E-6	433.514509000E-6	528.990397000E-6	502.460062000E-6	414.965385000E-6	505.016473000E-6	574.260678000E-6	509.422950000E-6	489.581688000E-6
536.409879000E-6	539.313407000E-6	518.869979000E-6	543.028081000E-6	504.368696000E-6	513.842569000E-6	497.681435000E-6	488.366278000E-6	456.067030000E-6	535.726699000E-6	512.534817000E-6	456.250100000E-6	516.182856000E-6	528.003543000E-6	488.909799000E-6	465.609482000E-6	473.744572000E-6	455.076694000E-6	451.219054000E-6	482.419416000E-6	488.998244000E-6	465.221779000E-6	509.169680000E-6	525.906920000E-6	507.332334000E-6	494.971286000E-6	497.427745000E-6	489.549508000E-6	464.662034000E-6	468.111375000E-6
533.616877000E-6	509.298256000E-6	471.098686000E-6	464.491392000E-6	479.703251000E-6	506.108194000E-6	507.320369000E-6	505.411542000E-6	525.459986000E-6	506.675815000E-6	496.094573000E-6	503.702018000E-6	501.582377000E-6	462.700693000E-6	510.105767000E-6	512.504069000E-6	518.912665000E-6	507.744419000E-6	557.353944000E-6	520.405319000E-6	462.380838000E-6	529.068040000E-6	482.458966000E-6	415.006053000E-6	531.924704000E-6	491.570373000E-6	510.153417000E-6	509.967441000E-6	482.791345000E-6	538.447185000E-6
555.716192000E-6	503.072207000E-6	502.691168000E-6	504.890775000E-6	525.941827000E-6	505.370558000E-6	496.902280000E-6	478.201677000E-6	474.691754000E-6	491.106123000E-6	536.789025000E-6	509.704954000E-6	501.643764000E-6	393.123321000E-6	587.768917000E-6	511.160051000E-6	490.070229000E-6	589.426347000E-6	508.065092000E-6	497.506854000E-6	546.529453000E-6	531.801592000E-6	512.218359000E-6	543.595027000E-6	427.755482000E-6	516.925313000E-6	477.717048000E-6	475.986318000E-6	518.442201000E-6	512.189281000E-6
504.033131000E-6	429.054502000E-6	492.561984000E-6	477.602121000E-6	497.393120000E-6	483.704800000E-6	433.652411000E-6	479.573346000E-6	478.214570000E-6	497.847459000E-6	511.933780000E-6	503.308006000E-6	478.936060000E-6	492.281506000E-6	502.753107000E-6	470.890022000E-6	486.867604000E-6	472.872151000E-6	536.163367000E-6	489.413719000E-6	464.054343000E-6	450.324223000E-6	490.118247000E-6	370.091620000E-6	504.139749000E-6	478.877904000E-6	395.264414000E-6	452.891540000E-6	466.124310000E-6	492.586216000E-6
443.281028000E-6	463.628729000E-6	507.257339000E-6	511.528121000E-6	433.352824000E-6	513.542355000E-6	464.273890000E-6	420.227893000E-6	489.810136000E-6	391.100561000E-6	614.591483000E-6	489.975521000E-6	397.376490000E-6	479.382165000E-6	360.515705000E-6	500.845721000E-6	436.104303000E-6	566.205039000E-6	359.705771000E-6	465.654478000E-6	445.146245000E-6	454.413538000E-6	479.838926000E-6	525.724085000E-6	444.825785000E-6	531.819490000E-6	550.168102000E-6	544.652432000E-6	450.170017000E-6	485.802876000E-6
497.011819000E-6	461.170518000E-6	465.020285000E-6	514.485096000E-6	434.110684000E-6	455.011496000E-6	372.097025000E-6	469.941081000E-6	453.468561000E-6	328.373243000E-6	416.560472000E-6	482.837043000E-6	469.447971000E-6	489.187493000E-6	470.074354000E-6	486.858247000E-6	475.179914000E-6	273.346109000E-6	419.054491000E-6	387.512450000E-6	415.080538000E-6	435.210791000E-6	434.192465000E-6	528.853723000E-6	546.919707000E-6	404.989546000E-6	494.942074000E-6	298.534201000E-6	481.583891000E-6	347.660401000E-6
432.865218000E-6	450.277288000E-6	291.561086000E-6	427.803887000E-6	456.926987000E-6	404.997303000E-6	497.236508000E-6	461.867162000E-6	478.647398000E-6	471.303470000E-6	487.139288000E-6	451.232611000E-6	503.143515000E-6	470.967260000E-6	461.165057000E-6	464.346033000E-6	415.671230000E-6	457.397682000E-6	478.512914000E-6	505.492142000E-6	475.072663000E-6	498.818212000E-6	448.590784000E-6	445.002721000E-6	464.035935000E-6	460.690791000E-6	463.637934000E-6	425.169387000E-6	501.213554000E-6	472.871306000E-6
392.812010000E-6	405.721890000E-6	433.268743000E-6	451.049134000E-6	376.447339000E-6	424.543019000E-6	506.682595000E-6	456.048070000E-6	444.452137000E-6	476.220099000E-6	525.428000000E-6	458.530576000E-6	398.734768000E-6	427.013409000E-6	328.113585000E-6	306.076345000E-6	273.446351000E-6	478.711086000E-6	342.777818000E-6	244.617051000E-6	520.347283000E-6	467.413805000E-6	527.700905000E-6	439.535587000E-6	259.383662000E-6	513.834490000E-6	402.065373000E-6	424.380669000E-6	320.848408000E-6	440.622971000E-6
442.041832000E-6	444.352902000E-6	462.281108000E-6	447.069242000E-6	396.533447000E-6	395.195268000E-6	457.878869000E-6	389.546929000E-6	430.620968000E-6	412.570999000E-6	443.419993000E-6	500.867188000E-6	479.781025000E-6	448.991397000E-6	416.419551000E-6	519.512038000E-6	529.479624000E-6	421.401526000E-6	472.781179000E-6	476.183268000E-6	486.931105000E-6	496.728465000E-6	426.007915000E-6	483.699848000E-6	463.392724000E-6	464.460117000E-6	457.790424000E-6	442.650646000E-6	371.692023000E-6	483.565969000E-6
424.703574000E-6	451.990547000E-6	446.446404000E-6	483.015818000E-6	483.468340000E-6	415.187300000E-6	451.619201000E-6	434.542126000E-6	485.067006000E-6	473.852717000E-6	470.884371000E-6	421.024037000E-6	433.210611000E-6	505.915092000E-6	494.426988000E-6	515.000047000E-6	495.114554000E-6	443.891809000E-6	483.118196000E-6	471.029154000E-6	431.713716000E-6	430.201677000E-6	466.002957000E-6	439.777924000E-6	451.894227000E-6	423.882736000E-6	473.217248000E-6	449.217870000E-6	444.952539000E-6	433.398404000E-6
483.851853000E-6	470.771745000E-6	470.685724000E-6	464.852621000E-6	447.983328000E-6	464.683607000E-6	437.388150000E-6	521.725526000E-6	468.603035000E-6	469.600157000E-6	531.796701000E-6	462.952273000E-6	483.694955000E-6	466.894722000E-6	477.702530000E-6	469.961205000E-6	462.109627000E-6	470.342849000E-6	511.041903000E-6	454.200499000E-6	446.728142000E-6	420.547935000E-6	435.650153000E-6	487.265451000E-6	430.504616000E-6	462.887454000E-6	449.588052000E-6	471.427204000E-6	471.261825000E-6	486.007236000E-6
504.161445000E-6	484.959855000E-6	490.220498000E-6	469.884878000E-6	498.406481000E-6	438.926806000E-6	479.933046000E-6	483.348465000E-6	467.762205000E-6	471.130979000E-6	484.511574000E-6	505.385132000E-6	491.275171000E-6	458.575465000E-6	483.390870000E-6	477.661349000E-6	491.963950000E-6	482.653023000E-6	500.690898000E-6	431.669493000E-6	461.594701000E-6	477.453565000E-6	476.741766000E-6	484.410408000E-6	490.821438000E-6	463.900321000E-6	434.989198000E-6	429.145790000E-6	486.676046000E-6	417.727941000E-6
447.257179000E-6	449.299887000E-6	473.912938000E-6	459.842366000E-6	509.046661000E-6	431.515851000E-6	460.101642000E-6	457.601567000E-6	445.213260000E-6	411.202057000E-6	486.770123000E-6	473.256873000E-6	442.622317000E-6	486.693188000E-6	525.328349000E-6	477.493734000E-6	428.612929000E-6	466.674411000E-6	448.610503000E-6	431.356530000E-6	446.079533000E-6	452.272475000E-6	448.037430000E-6	485.311392000E-6	486.226733000E-6	438.175248000E-6	491.835698000E-6	491.750283000E-6	452.073777000E-6	472.093160000E-6
435.595217000E-6	481.326546000E-6	498.180096000E-6	482.936117000E-6	502.660483000E-6	456.519037000E-6	429.214481000E-6	462.791943000E-6	429.427718000E-6	453.221748000E-6	476.365771000E-6	461.266576000E-6	454.296411000E-6	489.273236000E-6	469.633681000E-6	469.517976000E-6	476.619595000E-6	456.325186000E-6	478.867664000E-6	514.105582000E-6	471.758775000E-6	454.414539000E-6	450.062579000E-6	490.075296000E-6	473.187216000E-6	478.229772000E-6	477.421655000E-6	483.121488000E-6	469.231439000E-6	462.461184000E-6
