#Flip Current
5.909479650E-3	5.911119480E-3	5.872165140E-3	5.849575630E-3	5.868333290E-3	5.863201840E-3	5.860189910E-3	5.860730940E-3	5.869337270E-3	5.921365630E-3	5.872728480E-3	5.873682260E-3	5.930362390E-3	5.869683080E-3	5.929380720E-3	5.873593020E-3	5.861510970E-3	5.858554820E-3	5.875159440E-3	5.875488520E-3	5.879772140E-3	5.873497300E-3	5.865727660E-3	5.872292530E-3	5.871612060E-3	5.871745920E-3	5.875672580E-3	5.878400040E-3	5.878628720E-3	5.879192060E-3
5.865385640E-3	5.788916530E-3	5.858034340E-3	5.872329770E-3	5.867689190E-3	5.795698910E-3	5.886290540E-3	5.860164990E-3	5.882157530E-3	5.868503530E-3	5.792971450E-3	5.873311430E-3	5.792095290E-3	5.885977980E-3	5.936511320E-3	5.874616350E-3	5.871766180E-3	5.870065000E-3	5.891650430E-3	5.877037040E-3	5.880088000E-3	5.882631400E-3	5.886100690E-3	5.885743720E-3	5.879530240E-3	5.880556520E-3	5.882246550E-3	5.883066460E-3	5.877879260E-3	5.881772450E-3
5.910477750E-3	5.880977560E-3	5.925180430E-3	5.885858000E-3	5.869002340E-3	5.860251010E-3	5.889199010E-3	5.940112510E-3	5.878061140E-3	5.875869130E-3	5.874809370E-3	5.943358700E-3	5.932504590E-3	5.874915350E-3	5.874106590E-3	5.882121670E-3	5.880721680E-3	5.887303310E-3	5.884090580E-3	5.882807720E-3	5.879221300E-3	5.881625260E-3	5.884754320E-3	5.883733610E-3	5.882149560E-3	5.884559110E-3	5.882104940E-3	5.885211690E-3	5.881206940E-3	5.885473840E-3
5.880129610E-3	5.935007900E-3	5.884262630E-3	5.884775770E-3	5.855359370E-3	5.876727270E-3	5.934634210E-3	5.933864500E-3	5.851488500E-3	5.885445100E-3	5.873832480E-3	5.793721000E-3	5.796264400E-3	5.881122440E-3	5.940011040E-3	5.880112890E-3	5.938672410E-3	5.795823770E-3	5.885712830E-3	5.882862660E-3	5.880029230E-3	5.878300160E-3	5.883024410E-3	5.884112050E-3	5.882059480E-3	5.882901700E-3	5.881440370E-3	5.883743930E-3	5.879120070E-3	5.881715080E-3
5.873897170E-3	5.875168880E-3	5.867058980E-3	5.882090730E-3	5.889839940E-3	5.842089730E-3	5.792498900E-3	5.874780300E-3	5.877474300E-3	5.867713430E-3	5.874663170E-3	5.864400300E-3	5.920288300E-3	5.875522130E-3	5.854656160E-3	5.874702210E-3	5.873475130E-3	5.876637660E-3	5.877797810E-3	5.879521300E-3	5.879510140E-3	5.882349160E-3	5.875293440E-3	5.870156430E-3	5.874094250E-3	5.873692660E-3	5.876570720E-3	5.876654390E-3	5.884279030E-3	5.886006870E-3
5.881261390E-3	5.868884620E-3	5.872431990E-3	5.832652310E-3	5.886197590E-3	5.876330760E-3	5.870078230E-3	5.868816600E-3	5.797032340E-3	5.880908930E-3	5.883452340E-3	5.878293020E-3	5.865191140E-3	5.880663520E-3	5.943110810E-3	5.879073890E-3	5.880931240E-3	5.878532860E-3	5.888589350E-3	5.876452400E-3	5.878075490E-3	5.873301030E-3	5.876669930E-3	5.881745580E-3	5.880903360E-3	5.879475480E-3	5.878287440E-3	5.890987740E-3	5.884171860E-3	5.885103320E-3
5.854358890E-3	5.872452730E-3	5.941934180E-3	5.788588320E-3	5.874232870E-3	5.880803320E-3	5.880083810E-3	5.931509580E-3	5.874539640E-3	5.877730050E-3	5.857979650E-3	5.876424880E-3	5.774365360E-3	5.852301620E-3	5.881890960E-3	5.940272040E-3	5.879464690E-3	5.794489460E-3	5.870083110E-3	5.881801720E-3	5.881115670E-3	5.879386600E-3	5.871042470E-3	5.883603290E-3	5.884545910E-3	5.881400130E-3	5.881043160E-3	5.870624910E-3	5.875700540E-3	5.880095700E-3
5.862732860E-3	5.798440730E-3	5.837333580E-3	5.864346060E-3	5.882272580E-3	5.870509350E-3	5.879160260E-3	5.877191360E-3	5.794737180E-3	5.883321180E-3	5.942739720E-3	5.877498130E-3	5.863704640E-3	5.878033580E-3	5.880811240E-3	5.863503840E-3	5.775711870E-3	5.875852730E-3	5.881664620E-3	5.884001650E-3	5.888580890E-3	5.887074930E-3	5.882802460E-3	5.880855860E-3	5.880437540E-3	5.882155450E-3	5.879270470E-3	5.876665710E-3	5.876732640E-3	5.882550120E-3
5.858898830E-3	5.878208570E-3	5.875531310E-3	5.871026480E-3	5.883732300E-3	5.872036030E-3	5.883146650E-3	5.945114040E-3	5.884652610E-3	5.874696550E-3	5.878952280E-3	5.849106420E-3	5.876464660E-3	5.867055210E-3	5.793369240E-3	5.877981770E-3	5.940886200E-3	5.881077360E-3	5.884284490E-3	5.887045410E-3	5.881796870E-3	5.879549090E-3	5.882053440E-3	5.887642220E-3	5.887435850E-3	5.881551450E-3	5.893336970E-3	5.886638250E-3	5.877325970E-3	5.885926670E-3
5.861838630E-3	5.882871810E-3	5.882866240E-3	5.872313390E-3	5.859044240E-3	5.875944420E-3	5.937883840E-3	5.939780230E-3	5.859021930E-3	5.875068730E-3	5.880690970E-3	5.794996470E-3	5.885208840E-3	5.876184250E-3	5.867098320E-3	5.868431370E-3	5.885850260E-3	5.883479780E-3	5.888098040E-3	5.890089250E-3	5.885565800E-3	5.887833340E-3	5.885942520E-3	5.882562490E-3	5.881564090E-3	5.883527410E-3	5.882105120E-3	5.883192760E-3	5.889216580E-3	5.880192000E-3
5.851593040E-3	5.878795210E-3	5.882883620E-3	5.887535380E-3	5.862145950E-3	5.885806310E-3	5.883636600E-3	5.947277510E-3	5.882794380E-3	5.878198400E-3	5.880451770E-3	5.943005040E-3	5.883106730E-3	5.928001180E-3	5.851905390E-3	5.834860120E-3	5.881215910E-3	5.892661230E-3	5.884713090E-3	5.885979210E-3	5.885415870E-3	5.884537900E-3	5.887594440E-3	5.887772930E-3	5.882022380E-3	5.888860560E-3	5.884448650E-3	5.887270940E-3	5.881983340E-3	5.884348260E-3
5.881521950E-3	5.788280320E-3	5.894255730E-3	5.873629570E-3	5.891957740E-3	5.873328370E-3	5.801343190E-3	5.887110750E-3	5.890284440E-3	5.869909270E-3	5.805537580E-3	5.891606340E-3	5.891132240E-3	5.894150930E-3	5.801913350E-3	5.891412300E-3	5.898099900E-3	5.889794780E-3	5.880402020E-3	5.889599570E-3	5.882510380E-3	5.884629880E-3	5.888841010E-3	5.888048980E-3	5.890943780E-3	5.887452170E-3	5.889186820E-3	5.897285570E-3	5.895199530E-3	5.887212330E-3
5.873316160E-3	5.810606740E-3	5.889736740E-3	5.887879390E-3	5.869679540E-3	5.884633200E-3	5.898772520E-3	5.948541810E-3	5.895186100E-3	5.897662570E-3	5.898348620E-3	5.955380000E-3	5.896078520E-3	5.888280980E-3	5.895906420E-3	5.900061770E-3	5.901015550E-3	5.895471360E-3	5.893318390E-3	5.895086510E-3	5.899191660E-3	5.899107990E-3	5.898198840E-3	5.890033150E-3	5.892598870E-3	5.891210040E-3	5.894344680E-3	5.893519190E-3	5.888186950E-3	5.892582140E-3
5.871093050E-3	5.886537530E-3	5.887312830E-3	5.809030670E-3	5.906455280E-3	5.883531190E-3	5.897776480E-3	5.956865980E-3	5.875064330E-3	5.896605170E-3	5.898350970E-3	5.811569820E-3	5.807235990E-3	5.878546250E-3	5.902256840E-3	5.959751260E-3	5.896076800E-3	5.887743790E-3	5.808468650E-3	5.894565260E-3	5.899696700E-3	5.892523840E-3	5.895965250E-3	5.906897440E-3	5.894470440E-3	5.902318190E-3	5.899177980E-3	5.898118220E-3	5.898653680E-3	5.891848940E-3
5.888115360E-3	5.910147010E-3	5.897876220E-3	5.813932850E-3	5.899711260E-3	5.896431610E-3	5.896442770E-3	5.894674660E-3	5.880795970E-3	5.893830920E-3	5.891337710E-3	5.932037760E-3	5.896809380E-3	5.876947400E-3	5.889190320E-3	5.882854120E-3	5.894678720E-3	5.897316940E-3	5.902387020E-3	5.892932920E-3	5.893150450E-3	5.896078710E-3	5.907535180E-3	5.897155190E-3	5.886663650E-3	5.893027740E-3	5.895487480E-3	5.899514540E-3	5.901053960E-3	5.894204620E-3
5.883847750E-3	5.894266780E-3	5.966084510E-3	5.901562340E-3	5.893842880E-3	5.882291590E-3	5.814958290E-3	5.809669460E-3	5.900914270E-3	5.897450550E-3	5.897115890E-3	5.953243800E-3	5.889117540E-3	5.897986000E-3	5.900529410E-3	5.894394000E-3	5.953985630E-3	5.897662500E-3	5.898733410E-3	5.893825080E-3	5.898967670E-3	5.900189180E-3	5.902436970E-3	5.904584370E-3	5.898186800E-3	5.896920670E-3	5.894823480E-3	5.899056910E-3	5.900356510E-3	5.897986000E-3
5.876467630E-3	5.893535250E-3	5.899458710E-3	5.893094610E-3	5.880455650E-3	5.902727220E-3	5.956663110E-3	5.949289460E-3	5.798168550E-3	5.907708060E-3	5.898025260E-3	5.922488840E-3	5.900585400E-3	5.880031750E-3	5.902955900E-3	5.893239630E-3	5.900401340E-3	5.888314560E-3	5.901137590E-3	5.896296180E-3	5.900908900E-3	5.893685840E-3	5.894366320E-3	5.892904970E-3	5.899757280E-3	5.895897550E-3	5.901062450E-3	5.903243310E-3	5.897146940E-3	5.901837740E-3
5.887487230E-3	5.908687920E-3	5.961106770E-3	5.905603470E-3	5.901710260E-3	5.912871160E-3	5.812685220E-3	5.896450530E-3	5.812384020E-3	5.899763660E-3	5.871774960E-3	5.850836420E-3	5.813382430E-3	5.903991530E-3	5.901816240E-3	5.896372440E-3	5.898815460E-3	5.885317520E-3	5.898001120E-3	5.898865030E-3	5.899551080E-3	5.896957480E-3	5.897119230E-3	5.900359840E-3	5.900499280E-3	5.897598910E-3	5.905050630E-3	5.906735080E-3	5.892618080E-3	5.901319190E-3
5.963997100E-3	5.904991130E-3	5.962290340E-3	5.906296300E-3	5.899508300E-3	5.884175330E-3	5.907740910E-3	5.890740230E-3	5.905749690E-3	5.878078960E-3	5.904065240E-3	5.965436140E-3	5.888949800E-3	5.905030170E-3	5.962362850E-3	5.907484340E-3	5.900556900E-3	5.904600690E-3	5.910211810E-3	5.906759250E-3	5.909893890E-3	5.907718640E-3	5.914690690E-3	5.906530610E-3	5.909157670E-3	5.902843780E-3	5.897935460E-3	5.902520280E-3	5.901237420E-3	5.906050930E-3
5.875619080E-3	5.905967080E-3	5.913920810E-3	5.825431380E-3	5.912063460E-3	5.903172680E-3	5.907077040E-3	5.941725410E-3	5.900199790E-3	5.905894570E-3	5.908393360E-3	5.904845980E-3	5.913206870E-3	5.921149450E-3	5.908990170E-3	5.909045950E-3	5.909704110E-3	5.913658660E-3	5.902949570E-3	5.905857270E-3	5.907909840E-3	5.906013440E-3	5.907904260E-3	5.909895480E-3	5.916131280E-3	5.907876370E-3	5.905076400E-3	5.903832590E-3	5.909744880E-3	5.906097110E-3
5.892675810E-3	5.911500400E-3	5.915717110E-3	5.900417590E-3	5.885369070E-3	5.918701150E-3	5.908007170E-3	5.977939750E-3	5.828787810E-3	5.917321850E-3	5.974213880E-3	5.910015130E-3	5.898653450E-3	5.918710680E-3	5.904253410E-3	5.891251910E-3	5.915603930E-3	5.913674060E-3	5.914053350E-3	5.909044620E-3	5.909797600E-3	5.915079630E-3	5.918799930E-3	5.911571290E-3	5.913300360E-3	5.911805550E-3	5.916223050E-3	5.917450130E-3	5.915375250E-3	5.911621490E-3
5.969086100E-3	5.900475580E-3	5.903822160E-3	5.916717660E-3	5.884975320E-3	5.892153740E-3	5.915038790E-3	5.883307610E-3	5.910130470E-3	5.900458850E-3	5.916940760E-3	5.923896080E-3	5.825980650E-3	5.915590980E-3	5.975840620E-3	5.908948010E-3	5.900704260E-3	5.917403710E-3	5.918775810E-3	5.906856400E-3	5.914324850E-3	5.912969490E-3	5.910721700E-3	5.912138550E-3	5.912863650E-3	5.910710680E-3	5.912618230E-3	5.912478790E-3	5.911435770E-3	5.909293950E-3
5.918994650E-3	5.904816260E-3	5.935917230E-3	5.922436060E-3	5.921069530E-3	5.912117400E-3	5.832362590E-3	5.836969730E-3	5.923774690E-3	5.914432130E-3	5.918983490E-3	5.979428480E-3	5.911146890E-3	5.924840020E-3	5.926156350E-3	5.893426700E-3	5.920132490E-3	5.928677450E-3	5.923596210E-3	5.924689430E-3	5.922899000E-3	5.923189040E-3	5.918687870E-3	5.923539500E-3	5.920276590E-3	5.924169780E-3	5.924013600E-3	5.921046300E-3	5.927410380E-3	5.924677340E-3
5.925253560E-3	5.909708660E-3	5.983166250E-3	5.919302210E-3	5.985966230E-3	5.915007430E-3	5.902117490E-3	5.896043430E-3	5.920724510E-3	5.912636930E-3	5.828487000E-3	5.925041610E-3	5.921399410E-3	5.921321320E-3	5.839318780E-3	5.929788190E-3	5.925337230E-3	5.927250360E-3	5.924082260E-3	5.930161890E-3	5.930016870E-3	5.920378700E-3	5.924980950E-3	5.927663790E-3	5.926141100E-3	5.928533900E-3	5.924897280E-3	5.922220010E-3	5.923787330E-3	5.927122760E-3
5.900163800E-3	5.874018080E-3	5.873482620E-3	5.928835180E-3	5.986095290E-3	5.928344350E-3	5.897271280E-3	5.933732350E-3	5.914043260E-3	5.935874170E-3	5.930742740E-3	5.948998370E-3	5.968709770E-3	5.933933150E-3	5.992425920E-3	5.929571430E-3	5.930636760E-3	5.929281390E-3	5.927842360E-3	5.931038350E-3	5.923770680E-3	5.930921220E-3	5.930536360E-3	5.934323580E-3	5.920318120E-3	5.925828830E-3	5.925233060E-3	5.941374770E-3	5.932299940E-3	5.932813090E-3
5.921719800E-3	5.930326500E-3	5.938296990E-3	5.929712960E-3	5.995217040E-3	5.931960760E-3	5.996460860E-3	5.928112170E-3	5.925719350E-3	5.926009390E-3	5.911674800E-3	5.839131710E-3	5.902605520E-3	5.926489070E-3	5.986025050E-3	5.924425340E-3	5.927559980E-3	5.932384660E-3	5.933394220E-3	5.932457170E-3	5.930214950E-3	5.941197370E-3	5.932061160E-3	5.931324910E-3	5.933684260E-3	5.933104180E-3	5.931864410E-3	5.927508260E-3	5.930107450E-3	5.930983150E-3
5.911621110E-3	5.869309180E-3	5.953313920E-3	5.923322980E-3	5.940563450E-3	5.995748560E-3	5.843618600E-3	5.854757130E-3	5.946899640E-3	5.939185780E-3	5.937194560E-3	5.988146250E-3	5.993656950E-3	5.944914010E-3	5.913244200E-3	5.933407350E-3	5.940708470E-3	5.942565820E-3	5.942441560E-3	5.938994580E-3	5.937589020E-3	5.941621640E-3	5.936958740E-3	5.943172230E-3	5.936300580E-3	5.942547530E-3	5.941247940E-3	5.943088560E-3	5.938152360E-3	5.937505350E-3
5.944709770E-3	5.943159190E-3	6.006967460E-3	5.939148860E-3	5.940983900E-3	5.943365560E-3	5.912956230E-3	5.913134720E-3	5.938351250E-3	5.931379200E-3	5.858802860E-3	5.943622130E-3	5.855394920E-3	5.950443590E-3	6.001167680E-3	5.941347300E-3	5.942842110E-3	5.946467590E-3	5.947320970E-3	5.949964780E-3	5.942485140E-3	5.935061280E-3	5.946785520E-3	5.946277950E-3	5.939406280E-3	5.945497080E-3	5.942574390E-3	5.945324170E-3	5.951967160E-3	5.935797530E-3
5.928885760E-3	5.867314120E-3	5.873271050E-3	5.873259890E-3	5.945786030E-3	5.945657740E-3	5.950688780E-3	5.942244220E-3	5.950755710E-3	5.945021890E-3	5.919509740E-3	5.944938220E-3	5.946045340E-3	5.946519440E-3	5.926696460E-3	5.945766460E-3	5.958299450E-3	6.026291050E-3	5.958020560E-3	5.944450130E-3	5.946396730E-3	5.947015850E-3	5.955382330E-3	5.948164850E-3	5.948410270E-3	5.950652480E-3	5.950334560E-3	5.954601460E-3	5.957987100E-3	5.953513820E-3
5.949387490E-3	5.871155220E-3	5.930680010E-3	5.950491860E-3	5.964073470E-3	5.954898220E-3	5.929717890E-3	5.999405020E-3	5.956596580E-3	5.954532850E-3	5.958387000E-3	5.957762300E-3	5.954019700E-3	5.942602260E-3	5.951883460E-3	5.936483580E-3	5.952234860E-3	5.959268270E-3	5.957639600E-3	5.954783840E-3	5.954672290E-3	5.962202110E-3	5.967902470E-3	5.956797370E-3	5.957104140E-3	5.952937640E-3	5.952736840E-3	5.957215700E-3	5.958264290E-3	5.954504960E-3
5.934328040E-3	5.960754920E-3	5.965378790E-3	5.958663300E-3	5.933675450E-3	5.949638670E-3	6.013898720E-3	6.012939360E-3	5.962880000E-3	5.956627460E-3	5.956175670E-3	6.017094710E-3	6.005615920E-3	5.957759720E-3	5.930351180E-3	5.955534240E-3	5.957045790E-3	5.962221840E-3	5.957358130E-3	5.954742220E-3	5.957196380E-3	5.959851340E-3	5.966351520E-3	5.969268630E-3	5.958040810E-3	5.958693400E-3	5.965308500E-3	5.965838370E-3	5.959256740E-3	5.954287050E-3
5.948522790E-3	5.877357290E-3	5.879242550E-3	5.965757790E-3	6.012626960E-3	5.965651820E-3	5.931739580E-3	5.960498050E-3	5.941824010E-3	5.966923530E-3	5.963409590E-3	6.021272350E-3	5.953882930E-3	5.963169750E-3	5.988916280E-3	5.942498910E-3	5.961506570E-3	5.962822900E-3	5.963358360E-3	5.964038830E-3	5.956988640E-3	5.965277080E-3	5.969387830E-3	5.967017310E-3	5.960943220E-3	5.963185450E-3	5.960619710E-3	5.966281060E-3	5.970559140E-3	5.971105750E-3
5.960582810E-3	5.958033830E-3	5.950570950E-3	5.872985970E-3	5.959868870E-3	5.954542230E-3	5.957746940E-3	5.875270330E-3	5.953931830E-3	5.962772400E-3	5.962337340E-3	6.022034860E-3	5.959548520E-3	5.963291120E-3	5.959872020E-3	5.935748710E-3	5.957060890E-3	5.966509420E-3	5.968690280E-3	5.961762840E-3	5.957328620E-3	5.962130970E-3	5.964412220E-3	5.963514220E-3	5.958728600E-3	5.965683930E-3	5.962677580E-3	5.957841760E-3	5.960095130E-3	5.959448120E-3
5.935367560E-3	5.951827210E-3	5.967929890E-3	5.971494010E-3	5.948290970E-3	5.949518060E-3	5.965894040E-3	5.968794420E-3	6.027449010E-3	5.961721100E-3	6.023259210E-3	5.960588840E-3	6.029160360E-3	5.968101920E-3	6.029623300E-3	5.966322660E-3	5.974454860E-3	5.975871580E-3	5.973679560E-3	5.971476400E-3	5.968514670E-3	5.965023070E-3	5.971872410E-3	5.976568780E-3	5.972803870E-3	5.969942540E-3	5.966160900E-3	5.965090000E-3	5.974371190E-3	5.961866120E-3
5.947780130E-3	5.972081990E-3	5.975467630E-3	5.980682740E-3	5.948084190E-3	5.973139030E-3	6.033578520E-3	6.039105970E-3	5.976608330E-3	5.971114340E-3	5.949082590E-3	5.977115900E-3	5.980752530E-3	5.959088910E-3	5.974522290E-3	5.962686500E-3	5.979162900E-3	5.982096740E-3	5.970517530E-3	5.978761310E-3	5.967962960E-3	5.970076890E-3	5.982966860E-3	5.977511910E-3	5.975883240E-3	5.972821100E-3	5.967751010E-3	5.977009920E-3	5.981912680E-3	5.973537560E-3
5.957434960E-3	5.893197170E-3	5.983432380E-3	5.977960700E-3	5.951187990E-3	5.992183710E-3	6.044658230E-3	6.044401660E-3	5.983114450E-3	5.982389360E-3	5.966599030E-3	5.981931990E-3	5.990794870E-3	5.956726590E-3	5.982261070E-3	5.982562260E-3	5.983923210E-3	5.987308840E-3	5.986829160E-3	5.987286530E-3	5.985964630E-3	5.982054700E-3	5.996319220E-3	5.986273860E-3	5.985219690E-3	5.984422080E-3	5.974025330E-3	5.984081850E-3	5.983049980E-3	5.981666720E-3
5.970007590E-3	5.907214120E-3	5.977063350E-3	5.989189220E-3	6.053728500E-3	5.989691210E-3	5.960017980E-3	5.975562960E-3	5.985558150E-3	5.975892040E-3	5.903571900E-3	5.989892010E-3	5.901424500E-3	5.994421080E-3	6.049071140E-3	5.978993230E-3	5.989077670E-3	6.055825710E-3	5.990762120E-3	5.988872870E-3	5.985648970E-3	5.986413110E-3	5.989843380E-3	5.999727000E-3	5.985704750E-3	5.991209910E-3	5.996240960E-3	5.981705560E-3	5.987606730E-3	5.986162120E-3
5.987686340E-3	5.992059230E-3	5.995701450E-3	5.995718190E-3	5.980106280E-3	5.998239290E-3	6.062036720E-3	6.057792160E-3	5.997882490E-3	5.986280950E-3	5.909041470E-3	5.997949420E-3	5.911690860E-3	5.997146240E-3	6.053575450E-3	5.975616460E-3	5.994647440E-3	5.992120760E-3	5.991875340E-3	5.992092870E-3	5.998222720E-3	6.008268100E-3	5.994491270E-3	5.992092870E-3	5.999996420E-3	5.994206810E-3	6.000208370E-3	6.002757360E-3	6.001151000E-3	6.003878470E-3
5.965251810E-3	5.906597230E-3	5.986407840E-3	6.002917690E-3	5.905916760E-3	5.937809770E-3	5.999342420E-3	5.982235760E-3	6.004167080E-3	5.914238610E-3	5.945233620E-3	6.008355900E-3	5.995577500E-3	5.991427730E-3	5.916384910E-3	6.007122300E-3	5.988933550E-3	6.004528680E-3	6.010586020E-3	6.003362950E-3	6.005354180E-3	6.001951810E-3	6.007535040E-3	6.004980470E-3	5.992670580E-3	5.991376560E-3	5.997300040E-3	5.999280110E-3	6.003742230E-3	6.000964560E-3
5.976659610E-3	6.000654740E-3	6.010755890E-3	6.004642770E-3	5.977591080E-3	5.997720880E-3	6.063325420E-3	6.068512650E-3	6.006806900E-3	5.999369640E-3	6.005276390E-3	5.994271660E-3	5.999972030E-3	6.008701070E-3	6.069597970E-3	5.996631010E-3	5.998466060E-3	6.010329750E-3	6.009035730E-3	6.004495510E-3	6.007992710E-3	6.009900270E-3	6.004964040E-3	6.012744870E-3	6.003028590E-3	6.004395110E-3	6.002186360E-3	6.001366440E-3	6.004127390E-3	6.006921800E-3
5.986001860E-3	5.934709810E-3	6.011469390E-3	6.006884570E-3	5.988997050E-3	6.008914830E-3	6.000983420E-3	6.068591310E-3	6.005731100E-3	6.008954990E-3	6.005625130E-3	6.009440250E-3	6.002981320E-3	6.015335830E-3	5.997922380E-3	6.017360520E-3	6.018169280E-3	6.013573290E-3	6.004860990E-3	6.015408340E-3	6.009958970E-3	6.015469690E-3	6.016490410E-3	6.015062520E-3	6.018950150E-3	6.017215500E-3	6.011225100E-3	6.014365320E-3	6.016585230E-3	6.011905570E-3
6.077051820E-3	6.011341500E-3	6.062711680E-3	6.026016300E-3	6.022580470E-3	5.992840420E-3	6.022954170E-3	6.081831870E-3	6.020527890E-3	6.010649870E-3	6.019021930E-3	6.055092610E-3	6.089250150E-3	6.022217920E-3	6.027555730E-3	6.018207590E-3	6.019958970E-3	6.024019500E-3	6.021676890E-3	6.028319870E-3	6.022229080E-3	6.019290200E-3	6.018146780E-3	6.024934780E-3	6.018208130E-3	6.018704540E-3	6.020595370E-3	6.021086200E-3	6.027952280E-3	6.017287820E-3
6.002095470E-3	6.020669070E-3	6.029202890E-3	6.030725590E-3	6.003077140E-3	5.945454340E-3	6.031333560E-3	6.023285000E-3	6.091014510E-3	6.030363050E-3	6.087188240E-3	6.010099410E-3	5.939614530E-3	6.037056240E-3	5.940796990E-3	6.037920770E-3	6.013524090E-3	6.031268390E-3	6.029070800E-3	6.032060420E-3	6.034737700E-3	6.027113040E-3	6.029974380E-3	6.031201460E-3	6.028507450E-3	6.027191120E-3	6.025450890E-3	6.035903430E-3	6.034648460E-3	6.023788750E-3
6.094543150E-3	6.030701280E-3	6.090371060E-3	6.035330730E-3	6.025318840E-3	6.036686100E-3	6.055700340E-3	6.006828900E-3	6.033679750E-3	6.025341150E-3	6.041795240E-3	6.031772190E-3	6.098960650E-3	6.037623150E-3	6.019501340E-3	6.033155450E-3	6.032536930E-3	6.030450890E-3	6.036117770E-3	6.041873900E-3	6.042169520E-3	6.037060400E-3	6.032029360E-3	6.031008650E-3	6.030623800E-3	6.034271570E-3	6.040646820E-3	6.037065970E-3	6.040981480E-3	6.038387870E-3
6.010953380E-3	6.042149200E-3	6.040961160E-3	6.014015510E-3	6.047693390E-3	6.028997090E-3	5.948366510E-3	5.954964880E-3	6.040715740E-3	6.036928520E-3	6.036554810E-3	6.104660880E-3	6.046820460E-3	6.041354350E-3	6.102368450E-3	6.037143210E-3	6.022736090E-3	6.040266700E-3	6.044120870E-3	6.037712130E-3	6.040690610E-3	6.042285820E-3	6.044762300E-3	6.037918500E-3	6.040339210E-3	6.043680240E-3	6.047824440E-3	6.047618070E-3	6.051416460E-3	6.047790980E-3
6.029778340E-3	5.984855910E-3	5.960754860E-3	5.958557260E-3	6.059538240E-3	6.044238740E-3	6.045811630E-3	6.104148310E-3	6.049052250E-3	6.051868970E-3	6.047077760E-3	6.115894840E-3	6.036770260E-3	6.045705660E-3	6.115097240E-3	6.036892970E-3	6.063091200E-3	6.120200790E-3	6.052677720E-3	6.056531880E-3	6.056704790E-3	6.055154200E-3	6.050050650E-3	6.053425130E-3	6.048622770E-3	6.054194850E-3	6.053151830E-3	6.053096050E-3	6.052214780E-3	6.055335600E-3
6.130691950E-3	6.064858860E-3	6.056364090E-3	6.060865260E-3	6.081580680E-3	6.066838930E-3	6.052822280E-3	6.061774420E-3	5.973156590E-3	6.070034930E-3	6.063101900E-3	6.036106040E-3	6.031565820E-3	6.055572060E-3	6.054724260E-3	5.980636230E-3	6.069081150E-3	6.069733730E-3	6.066833350E-3	6.062633380E-3	6.063269230E-3	6.068489920E-3	6.066967220E-3	6.063626200E-3	6.061229210E-3	6.059148750E-3	6.066745510E-3	6.058819670E-3	6.066070610E-3	6.065579780E-3
6.050029940E-3	6.066099720E-3	6.069641540E-3	6.071164240E-3	6.047526100E-3	6.060192980E-3	6.074259850E-3	6.047124510E-3	6.064537980E-3	6.047832870E-3	5.985123180E-3	6.080278150E-3	6.067605690E-3	6.061526040E-3	6.133890670E-3	6.071471020E-3	6.074215230E-3	6.069490940E-3	6.073417620E-3	6.080478950E-3	6.072084560E-3	6.069937160E-3	6.061113290E-3	6.071353890E-3	6.073133160E-3	6.074438330E-3	6.072868300E-3	6.072293800E-3	6.073727260E-3	6.072433250E-3
6.074472400E-3	6.059630310E-3	5.995660420E-3	6.083324110E-3	6.086709730E-3	6.087736020E-3	6.072471880E-3	6.066771520E-3	5.997536120E-3	6.078557100E-3	6.146978150E-3	6.069666320E-3	6.059805030E-3	6.086934730E-3	6.049380400E-3	6.028704040E-3	6.084843110E-3	6.091268570E-3	6.092294850E-3	6.088792090E-3	6.092434300E-3	6.088502050E-3	6.084101280E-3	6.088111610E-3	6.079349120E-3	6.083855870E-3	6.081591340E-3	6.089829530E-3	6.092266970E-3	6.093198430E-3
6.066560040E-3	6.076722540E-3	6.014654360E-3	6.006427900E-3	6.102782030E-3	6.012083650E-3	6.064803720E-3	6.067653910E-3	6.094845010E-3	6.053977470E-3	6.087850620E-3	6.060313700E-3	6.090304800E-3	6.083884910E-3	6.006489250E-3	6.090254600E-3	6.151084590E-3	6.010460550E-3	6.093746210E-3	6.089523920E-3	6.090684080E-3	6.091208380E-3	6.096685640E-3	6.098230660E-3	6.085736690E-3	6.095631460E-3	6.093099210E-3	6.097695200E-3	6.100751450E-3	6.093461440E-3
6.071981110E-3	6.034270610E-3	6.069811410E-3	6.091553100E-3	6.159527940E-3	6.091023220E-3	6.066515020E-3	6.092936350E-3	6.069755630E-3	6.095257930E-3	6.098320060E-3	6.004470550E-3	6.105442710E-3	6.094164710E-3	6.096669070E-3	6.000543890E-3	6.095280240E-3	6.102765440E-3	6.101783780E-3	6.093517700E-3	6.092580660E-3	6.095559120E-3	6.105983750E-3	6.103613250E-3	6.098414880E-3	6.099569450E-3	6.094951160E-3	6.100919240E-3	6.093322490E-3	6.092100980E-3
6.078200430E-3	6.094922290E-3	6.099194790E-3	6.101922270E-3	6.175960300E-3	6.096645800E-3	6.079182100E-3	6.103232240E-3	6.019728910E-3	6.107504740E-3	6.169199370E-3	6.106015500E-3	6.097063340E-3	6.110343770E-3	6.172757930E-3	6.104922280E-3	6.166589020E-3	6.107766890E-3	6.114097550E-3	6.112000340E-3	6.107052950E-3	6.107543780E-3	6.114911890E-3	6.105357340E-3	6.105150960E-3	6.105719880E-3	6.105825860E-3	6.103399570E-3	6.108614700E-3	6.110990780E-3
6.085745900E-3	6.028742140E-3	6.121197550E-3	6.107231070E-3	6.120913090E-3	6.121353720E-3	6.026796810E-3	6.033551350E-3	6.119547670E-3	6.115091120E-3	6.118387520E-3	6.179513070E-3	6.116814620E-3	6.112659270E-3	6.113925390E-3	6.105860100E-3	6.123279130E-3	6.123981910E-3	6.120668780E-3	6.119073570E-3	6.116446500E-3	6.121432920E-3	6.120367590E-3	6.123758800E-3	6.110383580E-3	6.120016200E-3	6.119687110E-3	6.114957260E-3	6.120105440E-3	6.121421770E-3
6.132024000E-3	6.128415240E-3	6.123753070E-3	6.128817590E-3	6.119514040E-3	6.187254820E-3	6.128968190E-3	6.114404900E-3	6.079544480E-3	6.125030360E-3	6.122581760E-3	6.125409640E-3	6.135577730E-3	6.127038320E-3	6.183222160E-3	6.126067800E-3	6.129799260E-3	6.126106850E-3	6.131282920E-3	6.130306830E-3	6.131506030E-3	6.133123550E-3	6.134858210E-3	6.133173750E-3	6.122453480E-3	6.132208820E-3	6.130306830E-3	6.137099740E-3	6.134243980E-3	6.128465530E-3
6.207839460E-3	6.114291120E-3	6.127727670E-3	6.142681350E-3	6.112076790E-3	6.107703910E-3	6.142971390E-3	6.114436130E-3	6.113939720E-3	6.140199300E-3	6.136808090E-3	6.117013010E-3	6.115155650E-3	6.130416100E-3	6.116232140E-3	6.048329820E-3	6.138888550E-3	6.126740430E-3	6.142363430E-3	6.136992150E-3	6.139312450E-3	6.136042590E-3	6.137866480E-3	6.143511060E-3	6.137933410E-3	6.136405140E-3	6.137749350E-3	6.143566840E-3	6.141731790E-3	6.135300760E-3
6.149140730E-3	6.141845170E-3	6.215475610E-3	6.082766810E-3	6.153240290E-3	6.149146310E-3	6.150864220E-3	6.192930780E-3	6.147958270E-3	6.149062640E-3	6.148845110E-3	6.218626970E-3	6.147473010E-3	6.120441500E-3	6.149289150E-3	6.133097210E-3	6.146115460E-3	6.154783140E-3	6.153104270E-3	6.155207050E-3	6.151843720E-3	6.154230960E-3	6.156824570E-3	6.150583170E-3	6.148391150E-3	6.150114640E-3	6.159189490E-3	6.153656460E-3	6.153238130E-3	6.153489130E-3
6.165268730E-3	6.143493470E-3	6.171376280E-3	6.135344480E-3	6.177645590E-3	6.156718140E-3	6.075200370E-3	6.068601980E-3	6.167940430E-3	6.166377210E-3	6.166310280E-3	6.234993610E-3	6.149872910E-3	6.158016290E-3	6.143614770E-3	6.169517430E-3	6.165144550E-3	6.225299630E-3	6.169394730E-3	6.169026600E-3	6.169394730E-3	6.170856070E-3	6.169774010E-3	6.167381190E-3	6.166912670E-3	6.176846480E-3	6.170103090E-3	6.163097540E-3	6.166789960E-3	6.162333410E-3
6.157857290E-3	6.082508690E-3	6.182917710E-3	6.178678690E-3	6.158861270E-3	6.179102590E-3	6.216400400E-3	6.246056820E-3	6.169994230E-3	6.178489010E-3	6.176653960E-3	6.240914170E-3	6.183441970E-3	6.146980810E-3	6.172208560E-3	6.175934440E-3	6.177189410E-3	6.179414900E-3	6.181261100E-3	6.180006130E-3	6.187965450E-3	6.173725680E-3	6.170306580E-3	6.174289030E-3	6.174924880E-3	6.176112920E-3	6.177317700E-3	6.179331230E-3	6.182817270E-3	6.174891420E-3
6.177490150E-3	6.096613950E-3	6.185912440E-3	6.177357730E-3	6.193081150E-3	6.176459720E-3	6.099153350E-3	6.095221100E-3	6.176922670E-3	6.188055680E-3	6.187341740E-3	6.251652160E-3	6.174819890E-3	6.186895520E-3	6.174992800E-3	6.169443030E-3	6.183548930E-3	6.251217100E-3	6.191452470E-3	6.191089930E-3	6.195066800E-3	6.193750470E-3	6.193895490E-3	6.192746490E-3	6.189717820E-3	6.187107480E-3	6.195579940E-3	6.199311400E-3	6.200176180E-3	6.195145130E-3
6.186470920E-3	6.206656450E-3	6.206556050E-3	6.206924180E-3	6.189834250E-3	6.206728960E-3	6.271005850E-3	6.266041740E-3	6.206450080E-3	6.191334630E-3	6.200314660E-3	6.178433520E-3	6.200303500E-3	6.175644690E-3	6.202423010E-3	6.120905590E-3	6.206667610E-3	6.207116710E-3	6.208801160E-3	6.208382840E-3	6.203429870E-3	6.208890410E-3	6.210758930E-3	6.209727060E-3	6.208812320E-3	6.209414710E-3	6.206146190E-3	6.204004370E-3	6.206218700E-3	6.206776470E-3
6.190730640E-3	6.129142250E-3	6.230833930E-3	6.197758480E-3	6.237092050E-3	6.212321720E-3	6.128829900E-3	6.129030700E-3	6.224112870E-3	6.221535990E-3	6.195153720E-3	6.130263360E-3	6.132131870E-3	6.224638550E-3	6.238320510E-3	6.216344590E-3	6.282752030E-3	6.217237010E-3	6.216974860E-3	6.222268050E-3	6.224616240E-3	6.227968400E-3	6.222173230E-3	6.218112700E-3	6.223746130E-3	6.222056100E-3	6.224298310E-3	6.221464870E-3	6.226992310E-3	6.229307040E-3
6.214639340E-3	6.144567120E-3	6.215626590E-3	6.225024950E-3	6.229609790E-3	6.143736050E-3	6.236353190E-3	6.202418670E-3	6.236509370E-3	6.229347640E-3	6.145292220E-3	6.242979460E-3	6.144008890E-3	6.234534480E-3	6.210187950E-3	6.286892070E-3	6.238589440E-3	6.213127380E-3	6.230970350E-3	6.237217340E-3	6.236531280E-3	6.243146400E-3	6.236090650E-3	6.233128900E-3	6.241272300E-3	6.239258760E-3	6.237886660E-3	6.240073100E-3	6.240976690E-3	6.241422900E-3
6.240988010E-3	6.164797230E-3	6.183733380E-3	6.246688380E-3	6.239721880E-3	6.209959510E-3	6.250163260E-3	6.245048540E-3	6.188189920E-3	6.252444520E-3	6.310987590E-3	6.233268540E-3	6.250843730E-3	6.247745040E-3	6.249864550E-3	6.229751510E-3	6.256172880E-3	6.243974540E-3	6.254164920E-3	6.252023100E-3	6.256005550E-3	6.256925860E-3	6.248481290E-3	6.250243830E-3	6.252937840E-3	6.251894820E-3	6.246601620E-3	6.246690860E-3	6.245547440E-3	6.249858970E-3
6.235622780E-3	6.166130890E-3	6.266790670E-3	6.260242510E-3	6.234774980E-3	6.269055190E-3	6.236721580E-3	6.318846840E-3	6.263315800E-3	6.266483900E-3	6.262267200E-3	6.325936030E-3	6.333906490E-3	6.268876710E-3	6.329656320E-3	6.263120580E-3	6.264245810E-3	6.265132660E-3	6.267564520E-3	6.266220300E-3	6.268892000E-3	6.266711140E-3	6.270542990E-3	6.278312660E-3	6.270219480E-3	6.263041040E-3	6.269723070E-3	6.264608360E-3	6.270922270E-3	6.266488030E-3
6.247292130E-3	6.272425050E-3	6.278142150E-3	6.277188370E-3	6.262909570E-3	6.258492070E-3	6.288120580E-3	6.277138170E-3	6.341944970E-3	6.253645350E-3	6.281656400E-3	6.243778460E-3	6.262664440E-3	6.275303430E-3	6.278516170E-3	6.188353180E-3	6.285030880E-3	6.192765110E-3	6.286057170E-3	6.289002180E-3	6.280172740E-3	6.285359970E-3	6.284121720E-3	6.282643640E-3	6.276262790E-3	6.283497030E-3	6.282950410E-3	6.280803010E-3	6.289169510E-3	6.284038060E-3
6.266634700E-3	6.298566750E-3	6.294645670E-3	6.297629710E-3	6.264476150E-3	6.291087120E-3	6.358519950E-3	6.353622770E-3	6.288447870E-3	6.299235050E-3	6.267057560E-3	6.291811190E-3	6.279261470E-3	6.296741840E-3	6.259622540E-3	6.296580090E-3	6.300556960E-3	6.300105170E-3	6.294516360E-3	6.293266960E-3	6.293055010E-3	6.303401560E-3	6.302458940E-3	6.305565690E-3	6.294505200E-3	6.298989640E-3	6.297020720E-3	6.292575330E-3	6.297416740E-3	6.289914790E-3
6.294410400E-3	6.306904370E-3	6.316224650E-3	6.315053340E-3	6.292614400E-3	6.308354570E-3	6.379934420E-3	6.311418490E-3	6.305216130E-3	6.312389000E-3	6.302533280E-3	6.315222450E-3	6.312712500E-3	6.315506910E-3	6.217741740E-3	6.316650330E-3	6.312779430E-3	6.321514040E-3	6.316984990E-3	6.318251120E-3	6.315244760E-3	6.310860720E-3	6.317464670E-3	6.319472620E-3	6.305673500E-3	6.312266290E-3	6.306320510E-3	6.316962680E-3	6.316042360E-3	6.309471880E-3
6.329915850E-3	6.318727050E-3	6.333842530E-3	6.324310300E-3	6.392636740E-3	6.330479200E-3	6.315754150E-3	6.303868140E-3	6.242987890E-3	6.326173240E-3	6.234336930E-3	6.343977160E-3	6.328800320E-3	6.329977210E-3	6.298853810E-3	6.332754850E-3	6.331516600E-3	6.336369170E-3	6.329201870E-3	6.328387530E-3	6.322447320E-3	6.333396280E-3	6.330992300E-3	6.330428960E-3	6.332559630E-3	6.330663220E-3	6.332726960E-3	6.337646460E-3	6.333781140E-3	6.335878340E-3
6.345963780E-3	6.256391910E-3	6.258282740E-3	6.344725540E-3	6.260820580E-3	6.356890440E-3	6.321332770E-3	6.325622000E-3	6.341947860E-3	6.338127150E-3	6.262209430E-3	6.351625120E-3	6.256475580E-3	6.356176500E-3	6.335176560E-3	6.352718340E-3	6.335179900E-3	6.392239530E-3	6.355293000E-3	6.345041230E-3	6.351968700E-3	6.357328850E-3	6.348878670E-3	6.356073870E-3	6.352269900E-3	6.349949580E-3	6.354896980E-3	6.350172690E-3	6.347099390E-3	6.351065120E-3
6.351517740E-3	6.364720070E-3	6.419375590E-3	6.369550330E-3	6.355767920E-3	6.371591750E-3	6.364976640E-3	6.373521620E-3	6.272794600E-3	6.357485840E-3	6.362974260E-3	6.344406220E-3	6.365378230E-3	6.361634020E-3	6.354081870E-3	6.364545550E-3	6.367010880E-3	6.369816440E-3	6.373665020E-3	6.370976590E-3	6.362955920E-3	6.364445160E-3	6.370976590E-3	6.374105660E-3	6.369152700E-3	6.360925650E-3	6.366787770E-3	6.368706490E-3	6.368963060E-3	6.359107340E-3
6.356757840E-3	6.294756670E-3	6.397324090E-3	6.363962380E-3	6.399865740E-3	6.406201960E-3	6.457159410E-3	6.459156210E-3	6.391471370E-3	6.388108050E-3	6.397762970E-3	6.459072540E-3	6.399575710E-3	6.453405650E-3	6.394461000E-3	6.384900900E-3	6.392503240E-3	6.395370150E-3	6.394466570E-3	6.390261020E-3	6.389100870E-3	6.401427490E-3	6.397406000E-3	6.388660240E-3	6.397841050E-3	6.389837120E-3	6.392854630E-3	6.396045050E-3	6.393707710E-3	6.397656700E-3
6.396697320E-3	6.323027470E-3	6.344746910E-3	6.418227120E-3	6.475007780E-3	6.420062170E-3	6.398772210E-3	6.473758380E-3	6.423358570E-3	6.422499610E-3	6.422795230E-3	6.472581500E-3	6.415031110E-3	6.409648660E-3	6.486168700E-3	6.418048630E-3	6.449121820E-3	6.392544690E-3	6.427388430E-3	6.425012340E-3	6.419429090E-3	6.424454570E-3	6.419914350E-3	6.422831470E-3	6.422586050E-3	6.423461750E-3	6.417856180E-3	6.422268130E-3	6.422050600E-3	6.422123110E-3
6.406516790E-3	6.436608350E-3	6.439012330E-3	6.443926270E-3	6.406472170E-3	6.434996410E-3	6.511912550E-3	6.430640240E-3	6.496557210E-3	6.436095210E-3	6.501487880E-3	6.435448200E-3	6.482010630E-3	6.434940630E-3	6.444026410E-3	6.441639170E-3	6.440138780E-3	6.440774630E-3	6.443596930E-3	6.437829630E-3	6.445471020E-3	6.434148380E-3	6.435498170E-3	6.440958700E-3	6.436552350E-3	6.439196160E-3	6.440490170E-3	6.437349950E-3	6.439168270E-3	6.441856700E-3
6.434425660E-3	6.456105980E-3	6.469313860E-3	6.444298100E-3	6.444325990E-3	6.456886850E-3	6.529507860E-3	6.532307840E-3	6.461454950E-3	6.458091630E-3	6.433968290E-3	6.462341800E-3	6.465638340E-3	6.447103780E-3	6.461923620E-3	6.529865090E-3	6.461951510E-3	6.462275010E-3	6.460914060E-3	6.464494920E-3	6.453122070E-3	6.453423260E-3	6.462085370E-3	6.460947530E-3	6.463764250E-3	6.464522810E-3	6.468254260E-3	6.467914020E-3	6.478355400E-3	6.470345880E-3
6.452050110E-3	6.413218390E-3	6.489130450E-3	6.456144120E-3	6.486391820E-3	6.553993160E-3	6.496978230E-3	6.552827430E-3	6.484618120E-3	6.482900200E-3	6.484395010E-3	6.510990670E-3	6.482059320E-3	6.494045720E-3	6.496823400E-3	6.485768460E-3	6.558752210E-3	6.494648110E-3	6.497838530E-3	6.491022630E-3	6.492260870E-3	6.492913450E-3	6.490793940E-3	6.494291140E-3	6.487123840E-3	6.489182000E-3	6.483370070E-3	6.481099960E-3	6.487748540E-3	6.487770850E-3
6.483201540E-3	6.500380700E-3	6.510108120E-3	6.478064530E-3	6.504937640E-3	6.492867610E-3	6.414691270E-3	6.489594400E-3	6.519088970E-3	6.508223720E-3	6.505183910E-3	6.575467760E-3	6.551199440E-3	6.513081850E-3	6.498189550E-3	6.497113060E-3	6.506059600E-3	6.504246860E-3	6.507732890E-3	6.504760010E-3	6.508446830E-3	6.501530550E-3	6.511743210E-3	6.511581460E-3	6.505618960E-3	6.509456380E-3	6.503616590E-3	6.506450030E-3	6.506048440E-3	6.501151270E-3
6.496435360E-3	6.522929160E-3	6.527011990E-3	6.527357810E-3	6.508036850E-3	6.524384920E-3	6.560539210E-3	6.578309580E-3	6.520636750E-3	6.521133160E-3	6.527525140E-3	6.589018650E-3	6.531568930E-3	6.497762830E-3	6.522209640E-3	6.552646840E-3	6.526208810E-3	6.532366530E-3	6.535467700E-3	6.527145860E-3	6.519543530E-3	6.529036680E-3	6.530910770E-3	6.531339110E-3	6.528076190E-3	6.525220440E-3	6.530279360E-3	6.537558190E-3	6.532287310E-3	6.521567080E-3
6.552833630E-3	6.469916140E-3	6.566298100E-3	6.539837680E-3	6.568400880E-3	6.553525260E-3	6.462687500E-3	6.464260400E-3	6.560413670E-3	6.561216850E-3	6.559543550E-3	6.626218900E-3	6.560553110E-3	6.567396880E-3	6.555968250E-3	6.528911000E-3	6.561384160E-3	6.623056390E-3	6.563414430E-3	6.557708480E-3	6.558171420E-3	6.556955490E-3	6.558333180E-3	6.562940330E-3	6.549883020E-3	6.560006480E-3	6.556263860E-3	6.562555470E-3	6.558221620E-3	6.555962670E-3
6.556265550E-3	6.581498820E-3	6.585386440E-3	6.592241370E-3	6.568274220E-3	6.572903670E-3	6.587918700E-3	6.596424610E-3	6.577778530E-3	6.595108280E-3	6.665804950E-3	6.589424660E-3	6.629170970E-3	6.505755810E-3	6.581578480E-3	6.585744990E-3	6.585817500E-3	6.590854130E-3	6.586274870E-3	6.589158520E-3	6.591328230E-3	6.592700330E-3	6.587563310E-3	6.593999930E-3	6.591579220E-3	6.596403900E-3	6.598322610E-3	6.588829440E-3	6.592058900E-3	6.592120260E-3
6.603504550E-3	6.514842110E-3	6.571215490E-3	6.605735620E-3	6.674920880E-3	6.617136350E-3	6.582348500E-3	6.601397780E-3	6.519880290E-3	6.614639140E-3	6.682937580E-3	6.616106070E-3	6.661307420E-3	6.613373010E-3	6.608369850E-3	6.612491740E-3	6.608035190E-3	6.598452780E-3	6.619140310E-3	6.614583370E-3	6.619257440E-3	6.615832760E-3	6.606958710E-3	6.611075020E-3	6.618744300E-3	6.620551460E-3	6.617673390E-3	6.621505240E-3	6.609741960E-3	6.617667810E-3
6.609487800E-3	6.541273010E-3	6.594620860E-3	6.634791330E-3	6.710569730E-3	6.640765030E-3	6.625437560E-3	6.705683680E-3	6.642293320E-3	6.643213640E-3	6.639471010E-3	6.666143490E-3	6.712203990E-3	6.640067820E-3	6.707607980E-3	6.637318020E-3	6.702047030E-3	6.613272640E-3	6.631868630E-3	6.641696510E-3	6.632465440E-3	6.641133160E-3	6.639337150E-3	6.636492530E-3	6.635075800E-3	6.639655070E-3	6.641824790E-3	6.648867410E-3	6.643730370E-3	6.639318420E-3
6.654883390E-3	6.665319210E-3	6.663417230E-3	6.659986960E-3	6.637358350E-3	6.677757410E-3	6.739630500E-3	6.741197830E-3	6.671700070E-3	6.667466610E-3	6.670450670E-3	6.740495040E-3	6.670645890E-3	6.640889020E-3	6.667700880E-3	6.670673770E-3	6.671354250E-3	6.673239500E-3	6.674902800E-3	6.670312380E-3	6.668164980E-3	6.673820730E-3	6.676531480E-3	6.669386490E-3	6.671227120E-3	6.670267760E-3	6.679878070E-3	6.677970510E-3	6.673564160E-3	6.671801620E-3
6.663067510E-3	6.591796030E-3	6.664668300E-3	6.688964630E-3	6.593302000E-3	6.688250690E-3	6.668745570E-3	6.601099580E-3	6.691653070E-3	6.684764650E-3	6.693811630E-3	6.762796260E-3	6.681362270E-3	6.691184540E-3	6.679666650E-3	6.692355860E-3	6.682628400E-3	6.690008120E-3	6.701916430E-3	6.693839980E-3	6.697443150E-3	6.695708490E-3	6.693678230E-3	6.693081420E-3	6.694654320E-3	6.695083800E-3	6.691179430E-3	6.700672610E-3	6.697147530E-3	6.695072640E-3
6.707630340E-3	6.722070920E-3	6.720871720E-3	6.717887670E-3	6.707340300E-3	6.706944280E-3	6.725847000E-3	6.719533080E-3	6.708142240E-3	6.727714280E-3	6.740085550E-3	6.726855320E-3	6.794540310E-3	6.621928230E-3	6.728149340E-3	6.714567720E-3	6.729448930E-3	6.722928640E-3	6.716609140E-3	6.726386790E-3	6.725561300E-3	6.728539770E-3	6.723614690E-3	6.722527050E-3	6.722872860E-3	6.728456110E-3	6.723860110E-3	6.723960510E-3	6.723023460E-3	6.729354110E-3
6.754477170E-3	6.656483190E-3	6.726488460E-3	6.754611040E-3	6.654755450E-3	6.764936470E-3	6.748142140E-3	6.817477980E-3	6.759593070E-3	6.756056840E-3	6.753122990E-3	6.740634620E-3	6.742676040E-3	6.759961200E-3	6.760937290E-3	6.757116590E-3	6.745766060E-3	6.762560380E-3	6.758265590E-3	6.760652830E-3	6.755253650E-3	6.757311810E-3	6.759994660E-3	6.757334120E-3	6.761589870E-3	6.761578720E-3	6.763413770E-3	6.766553990E-3	6.761210590E-3	6.768065330E-3
6.779427450E-3	6.782322250E-3	6.795479960E-3	6.792122200E-3	6.759113610E-3	6.781463290E-3	6.793923790E-3	6.766108000E-3	6.792116630E-3	6.766849820E-3	6.788262460E-3	6.760736710E-3	6.790125400E-3	6.685533110E-3	6.792808260E-3	6.783527030E-3	6.795903860E-3	6.799417780E-3	6.795429760E-3	6.791871210E-3	6.795887130E-3	6.797744490E-3	6.793265620E-3	6.791182680E-3	6.796107750E-3	6.797563520E-3	6.793787440E-3	6.787540470E-3	6.799889400E-3	6.797122880E-3
6.813966010E-3	6.723579770E-3	6.823459210E-3	6.817619380E-3	6.788699130E-3	6.799358070E-3	6.822996260E-3	6.789998730E-3	6.824965180E-3	6.796535770E-3	6.726318410E-3	6.836555590E-3	6.789641760E-3	6.817664000E-3	6.895321980E-3	6.822243280E-3	6.830637680E-3	6.824122950E-3	6.828890580E-3	6.833709680E-3	6.828712100E-3	6.823491410E-3	6.820758350E-3	6.817707370E-3	6.831768660E-3	6.827886600E-3	6.829716080E-3	6.824132840E-3	6.827524060E-3	6.823229260E-3
6.926890520E-3	6.854091120E-3	6.923175810E-3	6.852551690E-3	6.922980590E-3	6.855122980E-3	6.850085450E-3	6.820479280E-3	6.749118800E-3	6.858161890E-3	6.855495780E-3	6.830474430E-3	6.831891150E-3	6.851067120E-3	6.853270290E-3	6.839989910E-3	6.861151520E-3	6.858808900E-3	6.859500530E-3	6.860247940E-3	6.861385780E-3	6.864375400E-3	6.859193760E-3	6.859388980E-3	6.861463860E-3	6.859679020E-3	6.857074250E-3	6.855540400E-3	6.858463090E-3	6.857671060E-3
6.847608280E-3	6.824332670E-3	6.779516090E-3	6.884766710E-3	6.920218380E-3	6.879428890E-3	6.853001890E-3	6.859020190E-3	6.871118160E-3	6.892324460E-3	6.781574250E-3	6.879953190E-3	6.775528060E-3	6.884816910E-3	6.865378740E-3	6.878408170E-3	6.880867920E-3	6.893836010E-3	6.892954730E-3	6.882145210E-3	6.888777060E-3	6.887981080E-3	6.892052780E-3	6.885091850E-3	6.886837660E-3	6.888098210E-3	6.884997030E-3	6.888444030E-3	6.886848820E-3	6.882448040E-3
6.905366590E-3	6.892337140E-3	6.898556250E-3	6.902962610E-3	6.869502140E-3	6.883886960E-3	6.972371200E-3	6.891745900E-3	6.894584940E-3	6.900781740E-3	6.904251050E-3	6.970168020E-3	6.908473350E-3	6.896486930E-3	6.976085930E-3	6.873211290E-3	6.885097320E-3	6.907625540E-3	6.909388360E-3	6.897563700E-3	6.902059300E-3	6.900313490E-3	6.902555720E-3	6.904574830E-3	6.906147730E-3	6.897284820E-3	6.902940570E-3	6.911597110E-3	6.899856120E-3	6.907553300E-3
6.894291490E-3	6.909300990E-3	6.918967080E-3	6.885054880E-3	6.927433970E-3	6.900583100E-3	6.814636890E-3	6.814218560E-3	6.920802130E-3	6.910182260E-3	6.908776690E-3	6.895518580E-3	6.966812270E-3	6.917990990E-3	6.910787460E-3	6.894679150E-3	6.923432030E-3	6.982287610E-3	6.918339620E-3	6.914312540E-3	6.907301410E-3	6.915790630E-3	6.920470290E-3	6.920565110E-3	6.917659150E-3	6.917084650E-3	6.916526880E-3	6.922004150E-3	6.920961130E-3	6.917307750E-3
6.890386700E-3	6.850283240E-3	6.810625990E-3	6.905720350E-3	6.975786960E-3	6.902797650E-3	6.871378680E-3	6.899038310E-3	6.893031160E-3	6.907666950E-3	6.905698040E-3	6.972618850E-3	6.907142650E-3	6.869393030E-3	6.900666990E-3	6.901542680E-3	6.904928320E-3	6.908698820E-3	6.912218330E-3	6.904236690E-3	6.900354640E-3	6.901152240E-3	6.909764160E-3	6.907371340E-3	6.905882100E-3	6.905965770E-3	6.905084500E-3	6.907572130E-3	6.913106760E-3	6.899954620E-3
6.871892010E-3	6.880301660E-3	6.884841880E-3	6.883458620E-3	6.850656360E-3	6.872175000E-3	6.931471170E-3	6.942559570E-3	6.881210820E-3	6.880245880E-3	6.875610840E-3	6.907386810E-3	6.873865030E-3	6.874339130E-3	6.874690520E-3	6.850751180E-3	6.860657110E-3	6.878143100E-3	6.883865790E-3	6.886927920E-3	6.879269790E-3	6.886905610E-3	6.878092900E-3	6.872905670E-3	6.885756610E-3	6.878628360E-3	6.884115790E-3	6.882916600E-3	6.879380360E-3	6.884690290E-3
6.847187740E-3	6.913885440E-3	6.847098500E-3	6.856574950E-3	6.839669050E-3	6.849653070E-3	6.794735400E-3	6.848431560E-3	6.743677470E-3	6.849162240E-3	6.849931950E-3	6.844906480E-3	6.805377580E-3	6.846206070E-3	6.912898190E-3	6.846139140E-3	6.847533560E-3	6.849664230E-3	6.848548690E-3	6.851348680E-3	6.843032380E-3	6.838481010E-3	6.845436380E-3	6.846022040E-3	6.841108120E-3	6.847154300E-3	6.843283410E-3	6.840684220E-3	6.847834770E-3	6.831815740E-3
6.789693320E-3	6.716877160E-3	6.799130690E-3	6.812539350E-3	6.887558670E-3	6.813063650E-3	6.794467780E-3	6.803637430E-3	6.793240700E-3	6.800173710E-3	6.709285990E-3	6.813420620E-3	6.804100370E-3	6.807062100E-3	6.709587180E-3	6.812756880E-3	6.835931990E-3	6.819645270E-3	6.817994280E-3	6.813297070E-3	6.812560820E-3	6.819081090E-3	6.818434080E-3	6.823426080E-3	6.818082690E-3	6.816610190E-3	6.817352020E-3	6.822243620E-3	6.814423750E-3	6.820536860E-3
6.744077460E-3	6.692132690E-3	6.771302020E-3	6.752031200E-3	6.772294850E-3	6.781843800E-3	6.671590170E-3	6.676827590E-3	6.781013770E-3	6.774348460E-3	6.771269590E-3	6.802432010E-3	6.775062400E-3	6.756594740E-3	6.777600240E-3	6.760638550E-3	6.776691080E-3	6.775207420E-3	6.783958780E-3	6.772346080E-3	6.774521370E-3	6.774554830E-3	6.771559620E-3	6.774850450E-3	6.771565200E-3	6.778174740E-3	6.774839290E-3	6.776032910E-3	6.768709440E-3	6.775330130E-3
6.725288000E-3	6.644412090E-3	6.737045690E-3	6.616217070E-3	6.730478330E-3	6.735213750E-3	6.640338050E-3	6.634983510E-3	6.746765050E-3	6.736552380E-3	6.737684640E-3	6.806021920E-3	6.771803080E-3	6.741137200E-3	6.745822420E-3	6.710064160E-3	6.747116440E-3	6.805084880E-3	6.740172270E-3	6.739486220E-3	6.736245610E-3	6.735096620E-3	6.739134830E-3	6.741064700E-3	6.728403450E-3	6.734421720E-3	6.736457560E-3	6.735955570E-3	6.738805750E-3	6.736989160E-3
6.676110040E-3	6.605814800E-3	6.698219870E-3	6.664558700E-3	6.716670770E-3	6.689641430E-3	6.602621160E-3	6.602130330E-3	6.692343560E-3	6.708011240E-3	6.702935560E-3	6.722753020E-3	6.773771970E-3	6.708323590E-3	6.702874200E-3	6.680786630E-3	6.704820810E-3	6.771044490E-3	6.706711640E-3	6.712267000E-3	6.709427970E-3	6.704363440E-3	6.689749950E-3	6.702801690E-3	6.699633580E-3	6.706114830E-3	6.708624780E-3	6.702093330E-3	6.703755480E-3	6.709918800E-3
6.635501840E-3	6.674841050E-3	6.671884900E-3	6.673128710E-3	6.640923330E-3	6.673519150E-3	6.735353050E-3	6.743329090E-3	6.673736680E-3	6.670150240E-3	6.669759810E-3	6.655921640E-3	6.664488920E-3	6.677328690E-3	6.733947480E-3	6.672057800E-3	6.671700830E-3	6.677892030E-3	6.676425110E-3	6.672370150E-3	6.674606790E-3	6.669592480E-3	6.674167680E-3	6.675177230E-3	6.674184410E-3	6.665360550E-3	6.665176490E-3	6.672750950E-3	6.673509510E-3	6.673001950E-3
6.631691170E-3	6.639432960E-3	6.695996010E-3	6.640146900E-3	6.639555670E-3	6.614534290E-3	6.636510270E-3	6.712589550E-3	6.638986750E-3	6.641401870E-3	6.641150880E-3	6.642695890E-3	6.709906690E-3	6.641792310E-3	6.642773980E-3	6.642322190E-3	6.640503870E-3	6.640068810E-3	6.647079930E-3	6.644674200E-3	6.642978590E-3	6.645198500E-3	6.642777800E-3	6.643765040E-3	6.639012880E-3	6.636514100E-3	6.642777800E-3	6.642682980E-3	6.644718820E-3	6.637596160E-3
6.600142790E-3	6.598675860E-3	6.609518840E-3	6.519394950E-3	6.606283790E-3	6.685447580E-3	6.609992940E-3	6.510498580E-3	6.614053480E-3	6.601804930E-3	6.607984980E-3	6.675870730E-3	6.604365080E-3	6.602564110E-3	6.612687570E-3	6.672608360E-3	6.605843780E-3	6.579165830E-3	6.611454900E-3	6.608521050E-3	6.612336170E-3	6.618198290E-3	6.611544150E-3	6.607745760E-3	6.614862850E-3	6.605687600E-3	6.610361680E-3	6.609569650E-3	6.611421440E-3	6.613189560E-3
6.577873590E-3	6.486065060E-3	6.563538970E-3	6.582112630E-3	6.647086970E-3	6.583005060E-3	6.550838600E-3	6.557236200E-3	6.483025230E-3	6.591303960E-3	6.648982740E-3	6.578051390E-3	6.573767730E-3	6.582100780E-3	6.576534260E-3	6.580031470E-3	6.563566160E-3	6.553063390E-3	6.585759740E-3	6.575658560E-3	6.582993210E-3	6.579222700E-3	6.585954960E-3	6.582089630E-3	6.580667320E-3	6.576606770E-3	6.586116710E-3	6.582753370E-3	6.576818720E-3	6.576930280E-3
6.536474260E-3	6.542273210E-3	6.624248260E-3	6.459221670E-3	6.562235700E-3	6.541760070E-3	6.554064410E-3	6.455161130E-3	6.557466790E-3	6.549457250E-3	6.530320260E-3	6.550773580E-3	6.547387940E-3	6.558359220E-3	6.535557690E-3	6.461581030E-3	6.557500260E-3	6.528529830E-3	6.558654830E-3	6.563278720E-3	6.559636500E-3	6.559563990E-3	6.559179140E-3	6.560846860E-3	6.560026940E-3	6.564054020E-3	6.563147290E-3	6.557625390E-3	6.562031750E-3	6.557128980E-3
6.499771220E-3	6.539339190E-3	6.528630070E-3	6.528808550E-3	6.501243760E-3	6.508104300E-3	6.529042900E-3	6.497216670E-3	6.436860630E-3	6.525891510E-3	6.594491360E-3	6.531993490E-3	6.518595910E-3	6.433140320E-3	6.532880340E-3	6.504919440E-3	6.529667600E-3	6.524184740E-3	6.521563230E-3	6.528853260E-3	6.527157640E-3	6.527765610E-3	6.524837330E-3	6.526744890E-3	6.529717800E-3	6.533270780E-3	6.527397480E-3	6.521117020E-3	6.527860430E-3	6.523623440E-3
6.472011710E-3	6.395586450E-3	6.492308860E-3	6.475129630E-3	6.504267390E-3	6.397287640E-3	6.483747140E-3	6.475062700E-3	6.487283380E-3	6.468626070E-3	6.395313140E-3	6.489798910E-3	6.476250750E-3	6.495571800E-3	6.397901180E-3	6.498131950E-3	6.496252280E-3	6.492610060E-3	6.495535400E-3	6.496466870E-3	6.495641380E-3	6.497325830E-3	6.494163300E-3	6.493995970E-3	6.503115440E-3	6.495858910E-3	6.488858950E-3	6.496734600E-3	6.497582400E-3	6.500293140E-3
6.466048140E-3	6.454357320E-3	6.493350890E-3	6.368795690E-3	6.462857700E-3	6.452366090E-3	6.470711080E-3	6.536466360E-3	6.441283230E-3	6.464681610E-3	6.441143790E-3	6.370234730E-3	6.369041110E-3	6.472635380E-3	6.472785980E-3	6.440150960E-3	6.468155940E-3	6.372643740E-3	6.471770280E-3	6.469282640E-3	6.471379840E-3	6.468602160E-3	6.467793390E-3	6.469929650E-3	6.468624470E-3	6.469873870E-3	6.468959130E-3	6.466778260E-3	6.472500960E-3	6.470136020E-3
6.424086830E-3	6.452270700E-3	6.449989440E-3	6.452120100E-3	6.486573260E-3	6.452644400E-3	6.424644590E-3	6.443597450E-3	6.359402800E-3	6.449046820E-3	6.517071860E-3	6.450424500E-3	6.439815800E-3	6.452384880E-3	6.447236690E-3	6.425126790E-3	6.457349010E-3	6.453740260E-3	6.458414350E-3	6.450298830E-3	6.446890880E-3	6.455580890E-3	6.453846230E-3	6.452680500E-3	6.453645440E-3	6.451715560E-3	6.448843060E-3	6.447041470E-3	6.458419930E-3	6.449707600E-3
6.487516730E-3	6.391638460E-3	6.383383540E-3	6.320389510E-3	6.424674910E-3	6.484417160E-3	6.404924440E-3	6.400083030E-3	6.399391400E-3	6.417379340E-3	6.414584930E-3	6.327132900E-3	6.325426130E-3	6.416001660E-3	6.421144250E-3	6.422449420E-3	6.477718400E-3	6.406647930E-3	6.425545020E-3	6.427257360E-3	6.425254980E-3	6.422817550E-3	6.421707600E-3	6.419571350E-3	6.424992830E-3	6.424206380E-3	6.424247940E-3	6.425385790E-3	6.424839180E-3	6.417621690E-3
6.382281130E-3	6.301416200E-3	6.404496950E-3	6.361509920E-3	6.402488990E-3	6.377339320E-3	6.387195040E-3	6.371226200E-3	6.305599450E-3	6.410883370E-3	6.463648040E-3	6.397206940E-3	6.374935350E-3	6.363701940E-3	6.398434030E-3	6.387641260E-3	6.391222110E-3	6.399103350E-3	6.396136030E-3	6.395014920E-3	6.397078660E-3	6.392599800E-3	6.394273670E-3	6.396476850E-3	6.395824260E-3	6.395110320E-3	6.395919080E-3	6.394926260E-3	6.396699960E-3	6.393883230E-3
6.342191830E-3	6.368853110E-3	6.377325600E-3	6.280960140E-3	6.368406900E-3	6.364396550E-3	6.373080990E-3	6.439204300E-3	6.372785370E-3	6.370922430E-3	6.354724870E-3	6.374375010E-3	6.373553450E-3	6.369303270E-3	6.369414820E-3	6.372092100E-3	6.371378160E-3	6.372872970E-3	6.373335920E-3	6.372549470E-3	6.372978950E-3	6.372605250E-3	6.378645860E-3	6.374540700E-3	6.371026770E-3	6.372192500E-3	6.366335950E-3	6.370496890E-3	6.372772580E-3	6.369939120E-3
6.347739690E-3	6.358738850E-3	6.414984040E-3	6.252400640E-3	6.343601060E-3	6.309705580E-3	6.341079960E-3	6.413876680E-3	6.335638790E-3	6.327545600E-3	6.248019270E-3	6.343765440E-3	6.247851940E-3	6.349276180E-3	6.406447230E-3	6.342142340E-3	6.346057860E-3	6.349019600E-3	6.343687360E-3	6.349666610E-3	6.347474590E-3	6.348026780E-3	6.347558260E-3	6.344167040E-3	6.345946310E-3	6.347251480E-3	6.338092960E-3	6.341740750E-3	6.348076980E-3	6.345455480E-3
6.305307400E-3	6.320500970E-3	6.321482640E-3	6.299816680E-3	6.325897900E-3	6.392434000E-3	6.237335550E-3	6.325786340E-3	6.236526790E-3	6.328508250E-3	6.393990170E-3	6.329177570E-3	6.387051540E-3	6.229097320E-3	6.319561650E-3	6.317191140E-3	6.317888350E-3	6.324899490E-3	6.325273200E-3	6.325663630E-3	6.324246900E-3	6.327666020E-3	6.325317820E-3	6.326037340E-3	6.320855680E-3	6.328547290E-3	6.326801480E-3	6.330968000E-3	6.323386240E-3	6.327597370E-3
6.276386890E-3	6.297392360E-3	6.299807480E-3	6.286415520E-3	6.315659190E-3	6.305245700E-3	6.210094700E-3	6.204567250E-3	6.300067800E-3	6.297931560E-3	6.299906050E-3	6.321374430E-3	6.371344620E-3	6.309198420E-3	6.310726700E-3	6.290200940E-3	6.312377680E-3	6.370095220E-3	6.303754630E-3	6.308177710E-3	6.305846250E-3	6.307798430E-3	6.306532300E-3	6.306632700E-3	6.306772140E-3	6.306582500E-3	6.299097290E-3	6.308400820E-3	6.305115580E-3	6.304479730E-3
6.257551910E-3	6.281212310E-3	6.283989990E-3	6.281424770E-3	6.260095800E-3	6.288279710E-3	6.289517950E-3	6.349946310E-3	6.285273350E-3	6.284414390E-3	6.286935490E-3	6.275629580E-3	6.275657470E-3	6.289913960E-3	6.288809590E-3	6.262672670E-3	6.284135510E-3	6.286879720E-3	6.283059020E-3	6.288207200E-3	6.289339460E-3	6.284916380E-3	6.280169790E-3	6.288441460E-3	6.290103600E-3	6.289930700E-3	6.289551420E-3	6.283025550E-3	6.284658340E-3	6.286102950E-3
6.254769380E-3	6.206968710E-3	6.178790300E-3	6.210019700E-3	6.271965360E-3	6.265484100E-3	6.273231490E-3	6.170501880E-3	6.260486500E-3	6.266722340E-3	6.273566150E-3	6.332299060E-3	6.268925520E-3	6.312961260E-3	6.242085750E-3	6.248427570E-3	6.266917560E-3	6.327083940E-3	6.269215560E-3	6.272456190E-3	6.274196430E-3	6.266911980E-3	6.266867360E-3	6.272852210E-3	6.270369900E-3	6.271747580E-3	6.276293370E-3	6.272020890E-3	6.270710140E-3	6.267296620E-3
6.306739170E-3	6.217005980E-3	6.209621180E-3	6.238446460E-3	6.212739080E-3	6.147224030E-3	6.248380250E-3	6.211132720E-3	6.149789750E-3	6.248056740E-3	6.238619360E-3	6.246522890E-3	6.231781170E-3	6.242674310E-3	6.307798920E-3	6.215884870E-3	6.215600410E-3	6.242769130E-3	6.241084680E-3	6.239589870E-3	6.242830490E-3	6.243764360E-3	6.240869560E-3	6.246380270E-3	6.244762760E-3	6.244221720E-3	6.251132430E-3	6.245582670E-3	6.238275950E-3	6.248237630E-3
6.215519750E-3	6.142234870E-3	6.231204130E-3	6.203338140E-3	6.225342010E-3	6.212463190E-3	6.225760330E-3	6.223780260E-3	6.268624650E-3	6.207621780E-3	6.216060780E-3	6.207064010E-3	6.220812950E-3	6.226686220E-3	6.210410610E-3	6.228922860E-3	6.228459920E-3	6.230050170E-3	6.230200770E-3	6.224215930E-3	6.226541810E-3	6.228282050E-3	6.227863720E-3	6.227445400E-3	6.229877260E-3	6.238249350E-3	6.229799170E-3	6.223033460E-3	6.231048570E-3	6.227746590E-3
6.203364520E-3	6.227008280E-3	6.199504770E-3	6.195204380E-3	6.215300740E-3	6.203029860E-3	6.207519890E-3	6.114138470E-3	6.201164580E-3	6.207272130E-3	6.212431480E-3	6.274064750E-3	6.194739100E-3	6.208460170E-3	6.202932700E-3	6.179004490E-3	6.204544650E-3	6.207288860E-3	6.206084090E-3	6.206602810E-3	6.209274510E-3	6.213764540E-3	6.204527910E-3	6.198543070E-3	6.201806010E-3	6.206279300E-3	6.206178910E-3	6.203462580E-3	6.204098430E-3	6.207478500E-3
6.195807590E-3	6.184657820E-3	6.259666390E-3	6.103827900E-3	6.205754170E-3	6.192970160E-3	6.200315950E-3	6.261714890E-3	6.194286490E-3	6.197069750E-3	6.197181300E-3	6.255283840E-3	6.193778920E-3	6.163899370E-3	6.197158990E-3	6.185061030E-3	6.197432290E-3	6.195853810E-3	6.193366180E-3	6.196718350E-3	6.195061790E-3	6.193516770E-3	6.192484900E-3	6.194755010E-3	6.199384480E-3	6.196690460E-3	6.190923160E-3	6.192841870E-3	6.194313030E-3	6.196822980E-3
6.170807260E-3	6.179443440E-3	6.178523120E-3	6.148760730E-3	6.182834650E-3	6.222012140E-3	6.085231180E-3	6.088265430E-3	6.192506320E-3	6.178099220E-3	6.180090450E-3	6.186538220E-3	6.195077620E-3	6.183001980E-3	6.173207610E-3	6.152218880E-3	6.183548600E-3	6.238036760E-3	6.172298450E-3	6.181373310E-3	6.182327090E-3	6.183135850E-3	6.178606790E-3	6.177758980E-3	6.181256180E-3	6.180921520E-3	6.176745450E-3	6.181503190E-3	6.178859380E-3	6.184180460E-3
6.139234600E-3	6.065313870E-3	6.156954830E-3	6.132256950E-3	6.167055970E-3	6.068917030E-3	6.150657650E-3	6.135648170E-3	6.069101100E-3	6.157546060E-3	6.223987150E-3	6.158884700E-3	6.141666460E-3	6.134906340E-3	6.161896640E-3	6.148008260E-3	6.160329310E-3	6.161606600E-3	6.152860830E-3	6.165198610E-3	6.159593060E-3	6.159821750E-3	6.160950630E-3	6.164302800E-3	6.160409590E-3	6.169094020E-3	6.162702010E-3	6.152361030E-3	6.157581720E-3	6.157721160E-3
6.124426290E-3	6.139524990E-3	6.144595070E-3	6.137991130E-3	6.123031870E-3	6.148315360E-3	6.202574750E-3	6.199083140E-3	6.127934630E-3	6.146982310E-3	6.124716320E-3	6.050405280E-3	6.053885740E-3	6.143267590E-3	6.140768800E-3	6.143440500E-3	6.131827830E-3	6.123650990E-3	6.147367050E-3	6.136719330E-3	6.144137590E-3	6.144734400E-3	6.145214080E-3	6.145755110E-3	6.148504890E-3	6.145247540E-3	6.149748700E-3	6.145632400E-3	6.136936860E-3	6.144265880E-3
6.099326180E-3	6.035194480E-3	6.096068840E-3	6.122490120E-3	6.038557800E-3	6.119706880E-3	6.100346890E-3	6.118908030E-3	6.032672000E-3	6.127653790E-3	6.142172410E-3	6.132651360E-3	6.132617890E-3	6.131045000E-3	6.131039420E-3	6.103842800E-3	6.128350990E-3	6.191718660E-3	6.126621920E-3	6.131831450E-3	6.124719940E-3	6.129076090E-3	6.128434660E-3	6.128345410E-3	6.126393240E-3	6.135289590E-3	6.129455370E-3	6.122427530E-3	6.128055380E-3	6.124513570E-3
6.088037110E-3	6.087953450E-3	6.090483550E-3	6.115493790E-3	6.173189140E-3	6.110825290E-3	6.092028560E-3	6.017756390E-3	6.109971910E-3	6.109124100E-3	6.114991800E-3	6.179285530E-3	6.098113790E-3	6.099402230E-3	6.092536130E-3	6.120078630E-3	6.115164710E-3	6.175838530E-3	6.116960720E-3	6.113061930E-3	6.116882630E-3	6.116754350E-3	6.109838040E-3	6.113742410E-3	6.111009350E-3	6.112755160E-3	6.118957520E-3	6.115807440E-3	6.109632960E-3	6.114318200E-3
6.070457520E-3	6.086337120E-3	6.093688480E-3	6.059720520E-3	6.096683680E-3	6.082622400E-3	5.997390150E-3	6.004328760E-3	6.097074120E-3	6.096694840E-3	6.096823120E-3	6.165283340E-3	6.140395810E-3	6.092026330E-3	6.093404020E-3	6.155366260E-3	6.088534720E-3	6.155845940E-3	6.096555390E-3	6.095495640E-3	6.091658210E-3	6.096505200E-3	6.097804370E-3	6.098066520E-3	6.092076110E-3	6.093225110E-3	6.096036250E-3	6.092282480E-3	6.099382850E-3	6.091172530E-3
6.086197830E-3	6.077580360E-3	6.084675130E-3	6.057288860E-3	6.064584430E-3	6.084340470E-3	6.148723300E-3	6.147646820E-3	6.055531900E-3	6.090838440E-3	6.057980490E-3	6.145767150E-3	6.086376320E-3	6.137066010E-3	6.077128570E-3	6.057991650E-3	6.081646470E-3	6.128041370E-3	6.052642680E-3	6.083922150E-3	6.085645640E-3	6.084401830E-3	6.082695070E-3	6.085623330E-3	6.077538080E-3	6.087622510E-3	6.087126100E-3	6.079607400E-3	6.081224920E-3	6.085893430E-3
6.066814450E-3	5.983183310E-3	6.058308550E-3	6.070021590E-3	6.128257730E-3	6.072793680E-3	6.058018510E-3	6.119762990E-3	6.066870230E-3	6.073741880E-3	6.069519600E-3	6.128056940E-3	6.071583330E-3	6.059033640E-3	6.069547490E-3	6.117844280E-3	6.072553840E-3	6.073295670E-3	6.073295670E-3	6.070172310E-3	6.072046400E-3	6.073965110E-3	6.071404970E-3	6.065554020E-3	6.076363500E-3	6.070624100E-3	6.072894200E-3	6.075855930E-3	6.075604940E-3	6.075744380E-3
6.047834950E-3	5.962541030E-3	6.050238930E-3	6.019054110E-3	6.047349690E-3	6.114990250E-3	6.114984670E-3	6.120194230E-3	6.026372030E-3	6.060741710E-3	6.040332970E-3	5.969027880E-3	5.966540230E-3	6.055883550E-3	6.118677100E-3	6.053446100E-3	6.044058860E-3	6.028998530E-3	5.957950150E-3	6.050048660E-3	6.055866170E-3	6.057991260E-3	6.056881310E-3	6.052882120E-3	6.052095660E-3	6.046668590E-3	6.054086890E-3	6.053573750E-3	6.049697270E-3	6.053339490E-3
6.016074440E-3	6.046801800E-3	6.044197030E-3	6.041536490E-3	6.027703880E-3	6.032210630E-3	6.107693180E-3	6.033041700E-3	6.033878480E-3	6.039545380E-3	6.100336310E-3	6.040633030E-3	6.030292040E-3	5.958831050E-3	6.044096750E-3	6.035802770E-3	6.044358900E-3	6.045273640E-3	6.036840220E-3	6.044727030E-3	6.040582830E-3	6.043327040E-3	6.041068080E-3	6.041536610E-3	6.041419480E-3	6.039924660E-3	6.038379650E-3	6.038089610E-3	6.038664110E-3	6.039852150E-3
6.000756830E-3	6.025627590E-3	6.027334360E-3	6.000109830E-3	6.036398050E-3	6.012748790E-3	5.941717360E-3	6.024467440E-3	5.938554830E-3	6.033146270E-3	6.091125990E-3	6.029359050E-3	6.089118030E-3	5.942381110E-3	6.027769410E-3	6.091276590E-3	6.033436310E-3	6.025426800E-3	6.032002850E-3	6.030011630E-3	6.030307250E-3	6.030234740E-3	6.032750260E-3	6.031888790E-3	6.028330240E-3	6.029083230E-3	6.031169270E-3	6.028670480E-3	6.025714320E-3	6.030974050E-3
5.992721490E-3	6.009800230E-3	6.006860810E-3	5.928355520E-3	6.031240680E-3	5.989770920E-3	6.020498140E-3	6.087440980E-3	6.021055910E-3	6.020710090E-3	6.018384220E-3	6.081696010E-3	6.006475950E-3	6.016934030E-3	6.016443200E-3	6.017781830E-3	6.009236890E-3	5.992041020E-3	6.018094180E-3	6.019460700E-3	6.027509240E-3	6.019499740E-3	6.012170970E-3	6.017296830E-3	6.018228290E-3	6.020342220E-3	6.021920700E-3	6.018088850E-3	6.018624310E-3	6.024876850E-3
5.979922460E-3	6.007174950E-3	6.008084110E-3	6.011614770E-3	5.983430820E-3	6.008268170E-3	6.035816280E-3	6.013355010E-3	6.003259430E-3	6.008943070E-3	6.017850610E-3	6.006025950E-3	6.007771760E-3	5.923688410E-3	6.007442680E-3	5.993453890E-3	6.010125540E-3	6.009171760E-3	6.010477630E-3	6.006885610E-3	6.010873650E-3	6.011208310E-3	6.012836990E-3	6.006952540E-3	6.008687200E-3	6.007448950E-3	6.006930230E-3	6.008157320E-3	6.013015480E-3	6.011821850E-3
5.973043840E-3	5.990089100E-3	5.998896180E-3	5.972904400E-3	6.001551140E-3	5.917033230E-3	5.994701800E-3	5.974477290E-3	6.003529100E-3	5.996791310E-3	5.979076710E-3	5.910354560E-3	5.909038240E-3	6.001621550E-3	6.057794000E-3	5.999964990E-3	5.989908500E-3	5.975724550E-3	6.000829520E-3	6.002898830E-3	6.001839080E-3	6.001337090E-3	5.995753870E-3	5.997170590E-3	5.999228740E-3	6.009764910E-3	5.998765800E-3	5.997254250E-3	6.002965760E-3	6.001694060E-3
5.958301830E-3	5.989285800E-3	5.986781420E-3	5.993239500E-3	5.972657920E-3	5.992408430E-3	6.029979590E-3	6.034564430E-3	5.961095420E-3	5.986049890E-3	5.972496160E-3	5.904404020E-3	5.902044670E-3	5.993819580E-3	6.051687870E-3	5.992084930E-3	5.977393360E-3	5.965005360E-3	5.990450670E-3	5.993981330E-3	5.987963030E-3	5.987695300E-3	5.992397280E-3	5.989965410E-3	5.991672180E-3	5.994594880E-3	5.990947080E-3	5.987171000E-3	5.990423920E-3	5.984215990E-3
5.949227030E-3	5.977533640E-3	5.973724100E-3	5.971974580E-3	5.950411290E-3	5.939283840E-3	5.980720370E-3	6.035850100E-3	5.972086130E-3	5.973647880E-3	5.975778550E-3	5.963507670E-3	5.968929170E-3	5.953200130E-3	5.978918780E-3	5.984987290E-3	5.978662210E-3	5.977853450E-3	5.979649460E-3	5.982360210E-3	5.977184130E-3	5.982644670E-3	5.973575370E-3	5.970764230E-3	5.977357040E-3	5.976096480E-3	5.978121180E-3	5.977702850E-3	5.980138090E-3	5.981499040E-3
5.965700530E-3	5.954690220E-3	6.028332120E-3	5.963269030E-3	5.946056350E-3	5.948733630E-3	5.971724760E-3	6.024840860E-3	5.965918420E-3	5.966013240E-3	5.937756790E-3	5.878689320E-3	5.871215250E-3	5.962761460E-3	5.966470610E-3	5.965394120E-3	5.947461930E-3	5.928932920E-3	5.963743130E-3	5.959448330E-3	5.967675380E-3	5.968110440E-3	5.968584540E-3	5.968495300E-3	5.964847500E-3	5.970704050E-3	5.976856220E-3	5.966950280E-3	5.964306520E-3	5.964657910E-3
5.935130480E-3	5.871511580E-3	5.906355280E-3	5.956303320E-3	5.951852340E-3	5.963632380E-3	5.929552810E-3	5.949911310E-3	5.956872240E-3	5.959292950E-3	5.962438760E-3	5.963197320E-3	5.945583040E-3	5.964513650E-3	5.953698550E-3	5.874300410E-3	5.965947110E-3	5.962449910E-3	5.962488960E-3	5.962617240E-3	5.965478590E-3	5.963632380E-3	5.963180590E-3	5.954717420E-3	5.963892680E-3	5.963864790E-3	5.961912610E-3	5.959860030E-3	5.956954060E-3	5.956619400E-3
5.937944570E-3	5.858563280E-3	5.927330280E-3	5.940510300E-3	5.923292050E-3	5.945134180E-3	5.939684800E-3	5.854954530E-3	5.948341330E-3	5.945189960E-3	5.946311070E-3	6.009238250E-3	5.945000310E-3	5.947666440E-3	6.013951380E-3	5.946238560E-3	5.942111090E-3	5.944961270E-3	5.947962050E-3	5.949774790E-3	5.947878390E-3	5.951665620E-3	5.950483160E-3	5.950690510E-3	5.954065000E-3	5.947756660E-3	5.945090540E-3	5.944727990E-3	5.945698500E-3	5.946323200E-3
5.921539360E-3	5.936983920E-3	5.936827740E-3	5.938885900E-3	5.919168850E-3	5.940168760E-3	5.998907170E-3	5.999849800E-3	5.937290690E-3	5.934200660E-3	5.937731320E-3	5.940799040E-3	5.937976740E-3	5.938199850E-3	5.998935060E-3	5.917434200E-3	5.925928980E-3	5.936548860E-3	5.940999840E-3	5.938952830E-3	5.937246070E-3	5.944697830E-3	5.938506620E-3	5.939201910E-3	5.941399520E-3	5.934293550E-3	5.942063260E-3	5.943162060E-3	5.943256880E-3	5.943876010E-3
5.840898470E-3	5.936555470E-3	5.845410800E-3	5.932595320E-3	5.930247120E-3	5.911511740E-3	5.936086940E-3	5.993152060E-3	5.933264640E-3	5.915466310E-3	5.932651100E-3	5.914992200E-3	5.995427750E-3	5.987764030E-3	5.914261530E-3	5.995522570E-3	5.933911650E-3	5.930325210E-3	5.931624810E-3	5.930074220E-3	5.922890180E-3	5.931953890E-3	5.931600470E-3	5.930256250E-3	5.933485720E-3	5.929687330E-3	5.929263430E-3	5.933089710E-3	5.931037130E-3	5.938143070E-3
5.905429690E-3	5.840684220E-3	5.835747990E-3	5.832373500E-3	5.934383330E-3	5.923166650E-3	5.919992960E-3	5.831213350E-3	5.917767480E-3	5.925090940E-3	5.927924400E-3	5.979021340E-3	5.923663060E-3	5.897297470E-3	5.927550690E-3	5.919000140E-3	5.927584160E-3	5.918860700E-3	5.924644730E-3	5.920519030E-3	5.925884740E-3	5.927351660E-3	5.916436190E-3	5.917774820E-3	5.924111040E-3	5.927301460E-3	5.922649700E-3	5.920842540E-3	5.917936580E-3	5.924858450E-3
5.909836140E-3	5.825406940E-3	5.915045680E-3	5.911732550E-3	5.906166030E-3	5.912519000E-3	5.887146180E-3	5.895864080E-3	5.821881850E-3	5.918866390E-3	5.980337900E-3	5.911989120E-3	5.918771570E-3	5.909588100E-3	5.916816750E-3	5.888521270E-3	5.915282900E-3	5.910223960E-3	5.909822360E-3	5.913397650E-3	5.916755400E-3	5.915082100E-3	5.908684520E-3	5.914803220E-3	5.914184100E-3	5.911339490E-3	5.911205630E-3	5.909922760E-3	5.914920350E-3	5.914942660E-3
5.872674270E-3	5.898320430E-3	5.896050320E-3	5.871486220E-3	5.908237540E-3	5.907679780E-3	5.816411940E-3	5.811118740E-3	5.885535900E-3	5.907997140E-3	5.966149850E-3	5.902759720E-3	5.889161380E-3	5.903066490E-3	5.902687210E-3	5.868797340E-3	5.903585210E-3	5.958157060E-3	5.909921440E-3	5.901566100E-3	5.906318270E-3	5.903841790E-3	5.901086420E-3	5.904851340E-3	5.898437030E-3	5.901515900E-3	5.907751730E-3	5.908075230E-3	5.901214710E-3	5.905102340E-3
5.813385300E-3	5.896888340E-3	5.807534340E-3	5.898299490E-3	5.958058460E-3	5.894897120E-3	5.956697520E-3	5.809430750E-3	5.906030120E-3	5.891394360E-3	5.891411090E-3	5.953133400E-3	5.954762070E-3	5.895850900E-3	5.898974390E-3	5.865519620E-3	5.842461610E-3	5.895806280E-3	5.895728190E-3	5.898254870E-3	5.895577600E-3	5.896347310E-3	5.898290210E-3	5.899640000E-3	5.903455110E-3	5.893833680E-3	5.891457600E-3	5.898161930E-3	5.898156350E-3	5.900130840E-3
5.863274440E-3	5.801161790E-3	5.858527860E-3	5.863631410E-3	5.894051880E-3	5.877519740E-3	5.894514830E-3	5.800866170E-3	5.890381790E-3	5.863531010E-3	5.890660670E-3	5.889110090E-3	5.952896030E-3	5.884865500E-3	5.954803590E-3	5.889327620E-3	5.950754220E-3	5.948963790E-3	5.798964190E-3	5.892840550E-3	5.891959280E-3	5.884529840E-3	5.883347370E-3	5.888562480E-3	5.889783990E-3	5.882906740E-3	5.889962480E-3	5.886504330E-3	5.891011080E-3	5.890453310E-3
5.864534000E-3	5.881222410E-3	5.884820010E-3	5.881601690E-3	5.862732410E-3	5.881584960E-3	5.937534620E-3	5.949309100E-3	5.794695930E-3	5.880809660E-3	5.867083000E-3	5.883447900E-3	5.892316410E-3	5.882973800E-3	5.883063040E-3	5.863557910E-3	5.884747500E-3	5.885817600E-3	5.885371390E-3	5.884685340E-3	5.884640710E-3	5.885895690E-3	5.882933940E-3	5.878845500E-3	5.882097290E-3	5.882867010E-3	5.886749080E-3	5.884796890E-3	5.884534740E-3	5.888305250E-3
5.866110570E-3	5.860198240E-3	5.857526540E-3	5.779645550E-3	5.876892210E-3	5.867560770E-3	5.873422900E-3	5.933109530E-3	5.873126480E-3	5.877543970E-3	5.877767080E-3	5.938451870E-3	5.873349580E-3	5.848679650E-3	5.873600580E-3	5.880567060E-3	5.880427620E-3	5.881342350E-3	5.877432420E-3	5.884265040E-3	5.881944740E-3	5.876238800E-3	5.872847590E-3	5.872585440E-3	5.875915300E-3	5.879970250E-3	5.876573460E-3	5.866003820E-3	5.874063520E-3	5.876595770E-3
5.829632200E-3	5.857743650E-3	5.859706900E-3	5.860844740E-3	5.923091400E-3	5.858948340E-3	5.862685370E-3	5.775673910E-3	5.864341930E-3	5.863806480E-3	5.861268640E-3	5.905750460E-3	5.867465420E-3	5.838902240E-3	5.859913270E-3	5.862741140E-3	5.865697300E-3	5.875051030E-3	5.869501260E-3	5.864788140E-3	5.869902860E-3	5.864765830E-3	5.865111650E-3	5.868402470E-3	5.868508440E-3	5.871213600E-3	5.871682130E-3	5.870900070E-3	5.868178160E-3	5.873041890E-3
5.840021970E-3	5.768906860E-3	5.774423160E-3	5.764729190E-3	5.854099980E-3	5.848817940E-3	5.852577280E-3	5.765688550E-3	5.855332640E-3	5.912726720E-3	5.913753010E-3	5.856816300E-3	5.914004010E-3	5.860854520E-3	5.854272890E-3	5.857848160E-3	5.857084020E-3	5.855561320E-3	5.853873500E-3	5.864030410E-3	5.855624880E-3	5.859819280E-3	5.858357930E-3	5.858698170E-3	5.862279020E-3	5.854804970E-3	5.855418510E-3	5.851296630E-3	5.853008970E-3	5.854643220E-3
5.822836900E-3	5.769497580E-3	5.858879850E-3	5.826841680E-3	5.863961120E-3	5.912085320E-3	5.917462200E-3	5.914020770E-3	5.854936440E-3	5.855890220E-3	5.847378680E-3	5.911957030E-3	5.914282920E-3	5.848271110E-3	5.910880540E-3	5.853586640E-3	5.853574380E-3	5.850846910E-3	5.856156840E-3	5.852397500E-3	5.854979950E-3	5.857752050E-3	5.855191900E-3	5.858644470E-3	5.860301040E-3	5.860540880E-3	5.854879560E-3	5.861427720E-3	5.855476360E-3	5.855325770E-3
5.909442060E-3	5.833212080E-3	5.821471090E-3	5.837802500E-3	5.849236720E-3	5.766118330E-3	5.841354300E-3	5.821124140E-3	5.761108570E-3	5.857635480E-3	5.846641920E-3	5.848320790E-3	5.836864290E-3	5.841175810E-3	5.866191600E-3	5.757064770E-3	5.848443500E-3	5.850429140E-3	5.844628380E-3	5.849631540E-3	5.845286550E-3	5.849140710E-3	5.847645890E-3	5.848220390E-3	5.845598890E-3	5.850646670E-3	5.849129550E-3	5.849447480E-3	5.851762200E-3	5.848560630E-3
5.809122180E-3	5.811620980E-3	5.795320120E-3	5.838050690E-3	5.897425040E-3	5.837386940E-3	5.838731160E-3	5.829321630E-3	5.750179990E-3	5.832099310E-3	5.905674420E-3	5.838524790E-3	5.826281790E-3	5.839634750E-3	5.835579780E-3	5.818077030E-3	5.831167840E-3	5.840382160E-3	5.836639540E-3	5.842998090E-3	5.841536730E-3	5.839885740E-3	5.837241920E-3	5.843260240E-3	5.836834750E-3	5.836673000E-3	5.838558260E-3	5.837288660E-3	5.838309370E-3	5.840891830E-3
5.804649880E-3	5.743490690E-3	5.830474510E-3	5.804822790E-3	5.830468930E-3	5.816530320E-3	5.828282480E-3	5.805715210E-3	5.826241050E-3	5.833508760E-3	5.751327320E-3	5.835204370E-3	5.742336110E-3	5.834998000E-3	5.808849870E-3	5.777715290E-3	5.828929490E-3	5.832493620E-3	5.838768510E-3	5.828276900E-3	5.828148620E-3	5.833631470E-3	5.837725480E-3	5.834014780E-3	5.829112010E-3	5.830166190E-3	5.829736710E-3	5.836452220E-3	5.830824350E-3	5.831086500E-3
5.796035500E-3	5.809366130E-3	5.881714110E-3	5.770439570E-3	5.815546190E-3	5.804357390E-3	5.815997990E-3	5.730865990E-3	5.819924670E-3	5.817308740E-3	5.813292810E-3	5.825212300E-3	5.803721530E-3	5.820253750E-3	5.818530250E-3	5.821190800E-3	5.820593990E-3	5.793536700E-3	5.821207530E-3	5.822713500E-3	5.822674460E-3	5.817980510E-3	5.820334270E-3	5.826006750E-3	5.818923130E-3	5.824963730E-3	5.822626690E-3	5.828327050E-3	5.824573290E-3	5.822442630E-3
5.790812740E-3	5.726301480E-3	5.809442140E-3	5.795369690E-3	5.816720990E-3	5.803831010E-3	5.725364440E-3	5.725899890E-3	5.813379970E-3	5.813391130E-3	5.787142640E-3	5.807015860E-3	5.787956980E-3	5.809113890E-3	5.789993730E-3	5.718789530E-3	5.810575230E-3	5.816978370E-3	5.805287620E-3	5.810921040E-3	5.805912320E-3	5.812979190E-3	5.812505100E-3	5.809470860E-3	5.818422970E-3	5.812466050E-3	5.808227040E-3	5.815003880E-3	5.814529780E-3	5.814474000E-3
5.869545260E-3	5.805318420E-3	5.868307020E-3	5.807822800E-3	5.815659420E-3	5.821488080E-3	5.810310440E-3	5.784422180E-3	5.722867070E-3	5.803135250E-3	5.868773210E-3	5.754380880E-3	5.805600580E-3	5.719888600E-3	5.807368700E-3	5.791433310E-3	5.806191810E-3	5.806994990E-3	5.804713730E-3	5.811524060E-3	5.809728050E-3	5.809393390E-3	5.810743180E-3	5.808300170E-3	5.812210110E-3	5.810514500E-3	5.817386180E-3	5.806147190E-3	5.807658740E-3	5.814268270E-3
5.772797320E-3	5.775257070E-3	5.768022830E-3	5.778308050E-3	5.802386820E-3	5.716942590E-3	5.803781240E-3	5.794243430E-3	5.718560110E-3	5.803725460E-3	5.868755450E-3	5.785371570E-3	5.777356500E-3	5.798551530E-3	5.863910310E-3	5.801998510E-3	5.864278430E-3	5.808212000E-3	5.805964210E-3	5.800291750E-3	5.798060700E-3	5.804324390E-3	5.812317140E-3	5.803493320E-3	5.807905230E-3	5.802718030E-3	5.798975430E-3	5.804625580E-3	5.805406450E-3	5.803800090E-3
5.856842850E-3	5.794267080E-3	5.787356360E-3	5.794763490E-3	5.853027730E-3	5.794897360E-3	5.786040030E-3	5.716436410E-3	5.799855900E-3	5.792845880E-3	5.794061810E-3	5.853291000E-3	5.854239200E-3	5.795344670E-3	5.858455910E-3	5.781021240E-3	5.798116770E-3	5.801418750E-3	5.793381340E-3	5.799974130E-3	5.794056230E-3	5.798100040E-3	5.796705620E-3	5.798741470E-3	5.800381300E-3	5.799394060E-3	5.795221970E-3	5.799533500E-3	5.797190880E-3	5.800225130E-3
5.757502240E-3	5.778535650E-3	5.789529240E-3	5.787833630E-3	5.781542010E-3	5.773142040E-3	5.854831670E-3	5.850575910E-3	5.790286960E-3	5.785038380E-3	5.789271820E-3	5.843068380E-3	5.798385720E-3	5.790722020E-3	5.789338760E-3	5.783638380E-3	5.790515640E-3	5.794899680E-3	5.802022360E-3	5.790326000E-3	5.791452690E-3	5.792835950E-3	5.794347500E-3	5.793494110E-3	5.790638350E-3	5.791826390E-3	5.788100510E-3	5.792902880E-3	5.799908430E-3	5.791179380E-3
5.768984230E-3	5.783313300E-3	5.793012890E-3	5.709715780E-3	5.786832820E-3	5.785343580E-3	5.764427270E-3	5.832240730E-3	5.789409710E-3	5.784741190E-3	5.693808230E-3	5.771533230E-3	5.698370770E-3	5.786972260E-3	5.783508520E-3	5.783402540E-3	5.784244770E-3	5.785873460E-3	5.788115680E-3	5.781746470E-3	5.779554450E-3	5.780469180E-3	5.785221360E-3	5.792767940E-3	5.781902640E-3	5.784613390E-3	5.782627740E-3	5.781010220E-3	5.784206220E-3	5.781222170E-3
5.758621560E-3	5.783520290E-3	5.781227860E-3	5.779922690E-3	5.752502850E-3	5.778840620E-3	5.773084460E-3	5.839486650E-3	5.779398390E-3	5.778355360E-3	5.840490630E-3	5.788484410E-3	5.837952790E-3	5.774707560E-3	5.760116370E-3	5.754181730E-3	5.770156180E-3	5.778176880E-3	5.780407940E-3	5.783015680E-3	5.783188590E-3	5.782563890E-3	5.777934430E-3	5.782357520E-3	5.779936810E-3	5.784532810E-3	5.780667490E-3	5.780678640E-3	5.778034830E-3	5.784008510E-3
5.748867840E-3	5.682170010E-3	5.689192300E-3	5.773325940E-3	5.690715010E-3	5.777960980E-3	5.765968980E-3	5.759515610E-3	5.774474940E-3	5.776616760E-3	5.775138680E-3	5.838986310E-3	5.832928960E-3	5.783399210E-3	5.775768960E-3	5.764613610E-3	5.775629510E-3	5.773106000E-3	5.776536270E-3	5.768108410E-3	5.770830310E-3	5.776447020E-3	5.774968940E-3	5.776999210E-3	5.777579290E-3	5.778705980E-3	5.780390430E-3	5.775593640E-3	5.777077300E-3	5.780591230E-3
5.756080730E-3	5.684681190E-3	5.679527440E-3	5.737144600E-3	5.771134820E-3	5.777565850E-3	5.779049510E-3	5.683772040E-3	5.773945960E-3	5.775106110E-3	5.774336390E-3	5.828947190E-3	5.767616900E-3	5.770467080E-3	5.765235240E-3	5.690617380E-3	5.779859850E-3	5.686356050E-3	5.765753970E-3	5.772960290E-3	5.774884590E-3	5.771220070E-3	5.774020050E-3	5.772486190E-3	5.777327600E-3	5.773718860E-3	5.778075000E-3	5.771883810E-3	5.767923670E-3	5.773891760E-3
5.770781320E-3	5.762420390E-3	5.831209770E-3	5.686452570E-3	5.771261000E-3	5.744683410E-3	5.770017180E-3	5.832894220E-3	5.771690480E-3	5.770184510E-3	5.770223550E-3	5.830797020E-3	5.775550220E-3	5.748386980E-3	5.767016390E-3	5.757740730E-3	5.770853830E-3	5.773949430E-3	5.770803630E-3	5.767713020E-3	5.771862800E-3	5.769932930E-3	5.774997450E-3	5.779437280E-3	5.771712210E-3	5.773681120E-3	5.773212600E-3	5.770708230E-3	5.773340890E-3	5.772342480E-3
5.733887580E-3	5.759706610E-3	5.757614980E-3	5.760682700E-3	5.740045320E-3	5.763030900E-3	5.750793490E-3	5.821049820E-3	5.746208650E-3	5.766388660E-3	5.746331360E-3	5.711208770E-3	5.761257200E-3	5.745009450E-3	5.771587050E-3	5.794522430E-3	5.771587050E-3	5.681574610E-3	5.771854780E-3	5.766935850E-3	5.771001970E-3	5.767934250E-3	5.769786040E-3	5.768703970E-3	5.769033050E-3	5.765926290E-3	5.758407600E-3	5.768843410E-3	5.768748590E-3	5.765848200E-3
5.814027120E-3	5.762506240E-3	5.757664830E-3	5.767118970E-3	5.759544500E-3	5.742348560E-3	5.762344490E-3	5.739464910E-3	5.734372500E-3	5.759271200E-3	5.758624190E-3	5.761463220E-3	5.819283920E-3	5.752736780E-3	5.742736030E-3	5.756317650E-3	5.762709650E-3	5.762135150E-3	5.763719210E-3	5.760026790E-3	5.761661050E-3	5.764455460E-3	5.765916810E-3	5.767829950E-3	5.757338360E-3	5.764751080E-3	5.762943910E-3	5.760110460E-3	5.764232350E-3	5.761688940E-3
5.737733650E-3	5.669206490E-3	5.675340110E-3	5.764080770E-3	5.751240990E-3	5.763835360E-3	5.734257000E-3	5.742829870E-3	5.675401470E-3	5.755323840E-3	5.732394050E-3	5.675769590E-3	5.764303880E-3	5.747007540E-3	5.758408290E-3	5.671932160E-3	5.762652890E-3	5.754654520E-3	5.760265650E-3	5.758335780E-3	5.757978810E-3	5.760494330E-3	5.759579600E-3	5.762753290E-3	5.763350100E-3	5.759691150E-3	5.757075220E-3	5.761934860E-3	5.758231280E-3	5.760607370E-3
5.726698560E-3	5.750208550E-3	5.751240420E-3	5.741289880E-3	5.757972650E-3	5.747587050E-3	5.665846530E-3	5.665400320E-3	5.749076290E-3	5.752941600E-3	5.751195800E-3	5.755133620E-3	5.740977530E-3	5.756081820E-3	5.814435240E-3	5.753979050E-3	5.742846050E-3	5.743476320E-3	5.751508150E-3	5.749611740E-3	5.755005330E-3	5.752434040E-3	5.753694590E-3	5.754536810E-3	5.752132840E-3	5.751725670E-3	5.761622320E-3	5.752452650E-3	5.746043920E-3	5.756440680E-3
5.720832210E-3	5.739623350E-3	5.733994400E-3	5.664820130E-3	5.752383980E-3	5.739248560E-3	5.748819850E-3	5.807340770E-3	5.751039760E-3	5.750342550E-3	5.751636570E-3	5.809861870E-3	5.753510670E-3	5.730564130E-3	5.746995950E-3	5.732549780E-3	5.750292350E-3	5.745478820E-3	5.745183210E-3	5.746443760E-3	5.742505920E-3	5.745941770E-3	5.748317860E-3	5.746956910E-3	5.744831810E-3	5.744212690E-3	5.745121850E-3	5.750394460E-3	5.749083710E-3	5.743751460E-3
5.739594150E-3	5.784109540E-3	5.754123990E-3	5.665394410E-3	5.744324020E-3	5.736007710E-3	5.740264070E-3	5.655622910E-3	5.744787560E-3	5.739650530E-3	5.723486440E-3	5.740269650E-3	5.740180410E-3	5.743856090E-3	5.709425130E-3	5.738674430E-3	5.747643330E-3	5.748803480E-3	5.748820220E-3	5.745752500E-3	5.744999510E-3	5.746477600E-3	5.746036960E-3	5.753583550E-3	5.747280780E-3	5.746639350E-3	5.744960470E-3	5.742617850E-3	5.748301490E-3	5.746672810E-3
5.732561750E-3	5.793994160E-3	5.737046190E-3	5.736315520E-3	5.710513240E-3	5.736566510E-3	5.797273830E-3	5.793921650E-3	5.736309940E-3	5.734647800E-3	5.735506760E-3	5.795974230E-3	5.730157770E-3	5.737631850E-3	5.736365720E-3	5.797591760E-3	5.738195190E-3	5.738842200E-3	5.738775270E-3	5.737548180E-3	5.735495600E-3	5.742612700E-3	5.748313080E-3	5.743287600E-3	5.740676980E-3	5.738981370E-3	5.730860290E-3	5.738423600E-3	5.738992520E-3	5.740264230E-3
5.715609180E-3	5.652849550E-3	5.649207350E-3	5.732436930E-3	5.794995760E-3	5.732860830E-3	5.719357360E-3	5.717689640E-3	5.650412120E-3	5.729798700E-3	5.722709520E-3	5.649826470E-3	5.650964310E-3	5.738299030E-3	5.756945090E-3	5.734662410E-3	5.794198160E-3	5.739414560E-3	5.733397880E-3	5.732393900E-3	5.734340500E-3	5.740782680E-3	5.742115740E-3	5.731150080E-3	5.737625730E-3	5.736091880E-3	5.729867220E-3	5.738512580E-3	5.735673560E-3	5.739823330E-3
5.774608890E-3	5.731850530E-3	5.796824720E-3	5.729084010E-3	5.733155700E-3	5.792641480E-3	5.702082540E-3	5.647493950E-3	5.732575620E-3	5.735860870E-3	5.732653710E-3	5.788223970E-3	5.740975580E-3	5.730913480E-3	5.730807500E-3	5.706968570E-3	5.734635740E-3	5.732454870E-3	5.733988730E-3	5.727976020E-3	5.734206260E-3	5.731640540E-3	5.729052510E-3	5.732572010E-3	5.729944930E-3	5.727407100E-3	5.734680360E-3	5.730474810E-3	5.737709020E-3	5.738160810E-3
5.709382930E-3	5.643449310E-3	5.726439430E-3	5.698506470E-3	5.719188470E-3	5.725212350E-3	5.724241830E-3	5.636951330E-3	5.636343370E-3	5.721274510E-3	5.757869590E-3	5.702500080E-3	5.696280980E-3	5.721202000E-3	5.697885680E-3	5.638739990E-3	5.727073670E-3	5.723793990E-3	5.719504760E-3	5.727174070E-3	5.725104750E-3	5.728618680E-3	5.730994770E-3	5.728267290E-3	5.730916690E-3	5.729243380E-3	5.728691190E-3	5.723788420E-3	5.722327060E-3	5.727330240E-3
5.700302610E-3	5.676569660E-3	5.683352090E-3	5.725379780E-3	5.639221630E-3	5.729111240E-3	5.702952000E-3	5.709661930E-3	5.639065450E-3	5.726389660E-3	5.789673820E-3	5.725915560E-3	5.721141080E-3	5.727661370E-3	5.736864510E-3	5.728079690E-3	5.784246760E-3	5.699577840E-3	5.728118740E-3	5.730723500E-3	5.726897230E-3	5.725592060E-3	5.727109180E-3	5.723595250E-3	5.722239880E-3	5.728001610E-3	5.725949030E-3	5.718514000E-3	5.734482850E-3	5.728085270E-3
5.713299980E-3	5.693276130E-3	5.720478450E-3	5.638575870E-3	5.721220280E-3	5.699060180E-3	5.721571680E-3	5.765345270E-3	5.696052370E-3	5.703961500E-3	5.689766340E-3	5.630118760E-3	5.632104410E-3	5.720053070E-3	5.775093500E-3	5.717029980E-3	5.777307840E-3	5.707285790E-3	5.633967350E-3	5.722077770E-3	5.722295300E-3	5.717582170E-3	5.722066610E-3	5.716979780E-3	5.716594920E-3	5.722406850E-3	5.725558230E-3	5.726740700E-3	5.728525550E-3	5.719350290E-3
5.704765130E-3	5.716734780E-3	5.717995330E-3	5.720845520E-3	5.700040860E-3	5.709098970E-3	5.721436750E-3	5.719757870E-3	5.740227880E-3	5.717431990E-3	5.726428750E-3	5.768422940E-3	5.771323320E-3	5.719651900E-3	5.771150410E-3	5.722340330E-3	5.721799300E-3	5.721949890E-3	5.722557860E-3	5.723678970E-3	5.718346730E-3	5.718408080E-3	5.720605680E-3	5.721687740E-3	5.723079780E-3	5.721997720E-3	5.723938740E-3	5.730196880E-3	5.728267010E-3	5.727603270E-3
5.682009780E-3	5.708637610E-3	5.714655920E-3	5.716965070E-3	5.693070310E-3	5.715553920E-3	5.770287650E-3	5.766338660E-3	5.716903720E-3	5.712530820E-3	5.713958710E-3	5.774019120E-3	5.780517110E-3	5.715297350E-3	5.714170660E-3	5.769261360E-3	5.713557120E-3	5.717160290E-3	5.711130830E-3	5.714187390E-3	5.713757910E-3	5.712268670E-3	5.718286980E-3	5.719062280E-3	5.718167870E-3	5.714559110E-3	5.712043570E-3	5.718396550E-3	5.720521650E-3	5.715496160E-3
5.767499080E-3	5.707868200E-3	5.707143110E-3	5.718677730E-3	5.712308030E-3	5.770912610E-3	5.704616420E-3	5.707901670E-3	5.633456510E-3	5.713100060E-3	5.707963030E-3	5.708766210E-3	5.770884720E-3	5.711538310E-3	5.712614800E-3	5.710590110E-3	5.712185490E-3	5.716418950E-3	5.717601410E-3	5.717869140E-3	5.714840470E-3	5.709742480E-3	5.719927300E-3	5.719101810E-3	5.717105000E-3	5.718583080E-3	5.714433300E-3	5.717540060E-3	5.720485070E-3	5.709881920E-3
5.688750600E-3	5.633944500E-3	5.695884430E-3	5.714848480E-3	5.704301120E-3	5.728497020E-3	5.718674760E-3	5.631468020E-3	5.714340910E-3	5.685894840E-3	5.700921060E-3	5.711434950E-3	5.682933100E-3	5.714600070E-3	5.686946040E-3	5.691714940E-3	5.716273370E-3	5.701308510E-3	5.706506890E-3	5.715710020E-3	5.706808080E-3	5.712357850E-3	5.710656670E-3	5.712564230E-3	5.715503650E-3	5.712893310E-3	5.715788110E-3	5.719569760E-3	5.712692510E-3	5.718102840E-3
5.684698610E-3	5.700360700E-3	5.711075390E-3	5.708465040E-3	5.687046810E-3	5.716100870E-3	5.698943970E-3	5.767119770E-3	5.623745890E-3	5.708610060E-3	5.770533300E-3	5.713457050E-3	5.750983580E-3	5.705832380E-3	5.713161440E-3	5.702669850E-3	5.709496910E-3	5.702211460E-3	5.708793110E-3	5.710996280E-3	5.712898270E-3	5.712106240E-3	5.707922990E-3	5.706991520E-3	5.712100660E-3	5.705585950E-3	5.710929350E-3	5.709640910E-3	5.708547690E-3	5.717589080E-3
