#Flip Current
159.727678000E-6	161.411153000E-6	159.806430000E-6	160.160814000E-6	160.349819000E-6	160.375262000E-6	160.394041000E-6	160.407368000E-6	160.548516000E-6	160.377685000E-6	160.355877000E-6	160.292875000E-6	160.430388000E-6	160.548516000E-6	160.491572000E-6	160.511563000E-6	160.494601000E-6	160.475216000E-6	160.417667000E-6	160.576988000E-6	160.641201000E-6	160.497630000E-6	160.564267000E-6	160.430388000E-6	160.406763000E-6	160.607277000E-6	160.427965000E-6	160.359511000E-6	160.418273000E-6	160.587286000E-6
160.389055000E-6	160.358766000E-6	160.391478000E-6	160.372699000E-6	160.408440000E-6	160.283043000E-6	160.467201000E-6	160.526568000E-6	160.509606000E-6	160.528385000E-6	160.484163000E-6	160.471442000E-6	160.519299000E-6	160.507183000E-6	160.552617000E-6	160.492644000E-6	160.410863000E-6	160.359372000E-6	160.381180000E-6	160.598656000E-6	160.538078000E-6	160.349679000E-6	160.373305000E-6	160.355131000E-6	160.370276000E-6	160.351496000E-6	160.362401000E-6	160.372699000E-6	160.323025000E-6	160.367853000E-6
160.413554000E-6	160.362063000E-6	160.399016000E-6	160.396592000E-6	160.332379000E-6	160.528653000E-6	160.545615000E-6	160.497758000E-6	160.550462000E-6	160.523807000E-6	160.548644000E-6	160.672224000E-6	160.640118000E-6	160.499576000E-6	160.511691000E-6	160.465046000E-6	160.423247000E-6	160.388111000E-6	160.406891000E-6	160.372361000E-6	160.486249000E-6	160.398410000E-6	160.354793000E-6	160.338437000E-6	160.388717000E-6	160.392352000E-6	160.356005000E-6	160.366909000E-6	160.357822000E-6	160.375390000E-6
160.413438000E-6	160.435246000E-6	160.243213000E-6	160.421313000E-6	160.497036000E-6	160.530355000E-6	160.560644000E-6	160.531566000E-6	160.535201000E-6	160.536412000E-6	160.667262000E-6	160.541865000E-6	160.499460000E-6	160.549740000E-6	160.420708000E-6	160.445545000E-6	160.383755000E-6	160.380120000E-6	160.457055000E-6	160.393447000E-6	160.428583000E-6	160.393447000E-6	160.443727000E-6	160.463113000E-6	160.452208000E-6	160.423737000E-6	160.370428000E-6	160.389813000E-6	160.417073000E-6	160.409804000E-6
160.549639000E-6	160.484214000E-6	160.518744000E-6	160.509051000E-6	160.406068000E-6	160.613852000E-6	160.550850000E-6	160.652016000E-6	160.666555000E-6	160.652622000E-6	160.610217000E-6	160.688969000E-6	160.639901000E-6	160.658074000E-6	160.606582000E-6	160.619910000E-6	160.675036000E-6	160.609611000E-6	160.604765000E-6	160.546111000E-6	160.519456000E-6	160.515216000E-6	160.508552000E-6	160.480686000E-6	160.528543000E-6	160.484926000E-6	160.520062000E-6	160.504312000E-6	160.495831000E-6	160.503100000E-6
160.580477000E-6	160.544736000E-6	160.626516000E-6	160.581083000E-6	160.656200000E-6	160.588958000E-6	160.553823000E-6	160.621670000E-6	160.618035000E-6	160.606525000E-6	160.613795000E-6	160.592593000E-6	160.825213000E-6	160.637420000E-6	160.661046000E-6	160.717383000E-6	160.810068000E-6	160.724047000E-6	160.691335000E-6	160.768269000E-6	160.678613000E-6	160.519293000E-6	160.608949000E-6	160.586535000E-6	160.564727000E-6	160.588352000E-6	160.603497000E-6	160.576842000E-6	160.542313000E-6	160.693152000E-6
160.644055000E-6	160.655565000E-6	160.605285000E-6	160.440512000E-6	160.670104000E-6	160.757943000E-6	160.791866000E-6	160.819733000E-6	160.805800000E-6	160.730077000E-6	160.926956000E-6	160.746433000E-6	160.736134000E-6	160.684643000E-6	160.808223000E-6	160.817309000E-6	160.698576000E-6	160.600439000E-6	160.608920000E-6	160.615583000E-6	160.699182000E-6	160.625276000E-6	160.561063000E-6	160.630122000E-6	160.612555000E-6	160.680402000E-6	160.619824000E-6	160.610131000E-6	160.600439000E-6	160.628911000E-6
160.782441000E-6	160.752152000E-6	160.801826000E-6	160.755787000E-6	160.781836000E-6	160.815154000E-6	160.632207000E-6	160.830904000E-6	160.852712000E-6	160.843626000E-6	160.836962000E-6	160.833327000E-6	160.848472000E-6	160.936311000E-6	160.946003000E-6	160.921772000E-6	160.956302000E-6	160.973264000E-6	160.946003000E-6	160.964783000E-6	160.889059000E-6	160.936311000E-6	160.870280000E-6	160.936311000E-6	160.813336000E-6	160.757604000E-6	160.753970000E-6	160.775172000E-6	160.757604000E-6	160.764268000E-6
160.824195000E-6	160.788454000E-6	160.618835000E-6	160.631556000E-6	160.885380000E-6	160.949593000E-6	160.965949000E-6	160.969584000E-6	160.936871000E-6	160.959891000E-6	160.887197000E-6	160.853879000E-6	160.993815000E-6	160.787243000E-6	160.799964000E-6	160.777550000E-6	160.806022000E-6	160.827830000E-6	160.867206000E-6	160.803599000E-6	160.827830000E-6	160.793300000E-6	160.786637000E-6	160.832071000E-6	160.831465000E-6	160.802387000E-6	160.808445000E-6	160.772704000E-6	160.836311000E-6	160.770886000E-6
160.891277000E-6	160.850689000E-6	160.887036000E-6	160.662896000E-6	160.754918000E-6	161.004501000E-6	161.013588000E-6	160.971183000E-6	161.079618000E-6	160.995414000E-6	160.910604000E-6	160.913633000E-6	160.931201000E-6	160.831852000E-6	160.856084000E-6	160.842757000E-6	160.851238000E-6	160.857901000E-6	160.876680000E-6	160.900306000E-6	160.820948000E-6	160.890008000E-6	160.845180000E-6	160.859113000E-6	160.851843000E-6	160.818525000E-6	160.853661000E-6	160.833670000E-6	160.840939000E-6	160.878498000E-6
160.924498000E-6	160.952970000E-6	160.920258000E-6	160.890574000E-6	160.909959000E-6	160.914805000E-6	160.928133000E-6	160.897844000E-6	160.911171000E-6	160.843587000E-6	160.967773000E-6	161.044102000E-6	161.048948000E-6	161.042285000E-6	161.097411000E-6	161.059247000E-6	161.059853000E-6	161.033198000E-6	160.947782000E-6	160.964744000E-6	161.016236000E-6	161.093171000E-6	161.156172000E-6	160.938696000E-6	160.935061000E-6	160.956869000E-6	160.929609000E-6	160.930820000E-6	160.937484000E-6	160.936272000E-6
161.002864000E-6	160.768426000E-6	160.850813000E-6	160.893218000E-6	160.841120000E-6	161.067078000E-6	160.909574000E-6	161.045269000E-6	161.002864000E-6	161.112511000E-6	161.099790000E-6	161.062231000E-6	161.092521000E-6	161.110088000E-6	161.189446000E-6	161.120992000E-6	161.054356000E-6	161.019826000E-6	161.156128000E-6	161.177936000E-6	161.053750000E-6	160.964094000E-6	161.006499000E-6	160.933199000E-6	160.959854000E-6	160.900487000E-6	160.966517000E-6	160.956219000E-6	160.940469000E-6	160.920892000E-6
161.055273000E-6	161.016503000E-6	161.034676000E-6	161.058908000E-6	160.875355000E-6	160.941991000E-6	161.146746000E-6	161.217623000E-6	161.171583000E-6	161.203690000E-6	161.201872000E-6	161.247306000E-6	161.150381000E-6	161.143111000E-6	161.032859000E-6	161.115851000E-6	160.967434000E-6	160.993483000E-6	161.038311000E-6	160.993483000E-6	161.032859000E-6	161.023772000E-6	160.985608000E-6	161.019532000E-6	161.000147000E-6	161.040128000E-6	161.052850000E-6	161.000752000E-6	161.003176000E-6	161.013474000E-6
161.076264000E-6	161.079293000E-6	160.900587000E-6	161.042340000E-6	160.888471000E-6	161.088986000E-6	161.141083000E-6	161.157439000E-6	161.181671000E-6	161.211960000E-6	161.179248000E-6	161.137449000E-6	161.216201000E-6	161.189546000E-6	161.181065000E-6	161.248307000E-6	161.294953000E-6	161.253759000E-6	161.269510000E-6	161.124121000E-6	161.104736000E-6	161.180459000E-6	161.075658000E-6	160.996906000E-6	161.001753000E-6	161.002359000E-6	161.002359000E-6	160.990849000E-6	161.030830000E-6	161.017503000E-6
161.135885000E-6	161.156482000E-6	161.108625000E-6	160.954756000E-6	161.161934000E-6	161.267340000E-6	161.297023000E-6	161.296418000E-6	161.266734000E-6	161.274084000E-6	161.229256000E-6	161.337086000E-6	161.168072000E-6	161.125062000E-6	161.102042000E-6	161.101436000E-6	161.119004000E-6	161.130514000E-6	161.115975000E-6	161.097196000E-6	161.109917000E-6	161.094772000E-6	161.112340000E-6	161.149899000E-6	161.121427000E-6	161.120215000E-6	161.111734000E-6	161.100225000E-6	161.103253000E-6	161.140812000E-6
161.122134000E-6	161.146972000E-6	161.154847000E-6	161.157876000E-6	161.169991000E-6	161.163328000E-6	161.189376000E-6	161.137885000E-6	161.097903000E-6	161.025209000E-6	161.301447000E-6	161.322649000E-6	161.326889000E-6	161.260253000E-6	161.260859000E-6	161.319014000E-6	161.326284000E-6	161.277215000E-6	161.314168000E-6	161.328101000E-6	161.388074000E-6	161.246926000E-6	161.204521000E-6	161.200281000E-6	161.204521000E-6	161.187559000E-6	161.230570000E-6	161.183319000E-6	161.250561000E-6	161.278521000E-6
161.229058000E-6	161.224212000E-6	161.199375000E-6	161.242386000E-6	161.258742000E-6	161.127893000E-6	161.126681000E-6	161.329618000E-6	161.370206000E-6	161.352032000E-6	161.347186000E-6	161.355061000E-6	161.354455000E-6	161.342340000E-6	161.353244000E-6	161.279944000E-6	161.361725000E-6	161.316897000E-6	161.471372000E-6	161.319320000E-6	161.259953000E-6	161.413216000E-6	161.254501000E-6	161.302358000E-6	161.251472000E-6	161.290242000E-6	161.198769000E-6	161.193923000E-6	161.256319000E-6	161.210279000E-6
161.232477000E-6	161.164024000E-6	161.209457000E-6	161.196130000E-6	161.197948000E-6	161.234900000E-6	161.216727000E-6	161.345759000E-6	161.356057000E-6	161.371202000E-6	161.434809000E-6	161.361509000E-6	161.246410000E-6	161.425722000E-6	161.334249000E-6	161.234295000E-6	161.177351000E-6	161.159783000E-6	161.171293000E-6	161.260949000E-6	161.181591000E-6	161.203400000E-6	161.188255000E-6	161.202188000E-6	161.211881000E-6	161.200976000E-6	161.205823000E-6	161.188861000E-6	161.186438000E-6	161.165235000E-6
161.201014000E-6	161.197379000E-6	160.955065000E-6	161.038058000E-6	161.249476000E-6	161.360941000E-6	161.337315000E-6	161.342767000E-6	161.377297000E-6	161.360335000E-6	161.285218000E-6	161.288247000E-6	161.227062000E-6	161.393653000E-6	161.182840000E-6	161.159215000E-6	161.130137000E-6	161.179205000E-6	161.144676000E-6	161.158003000E-6	161.144070000E-6	161.201619000E-6	161.138618000E-6	161.186475000E-6	161.141041000E-6	161.194350000E-6	161.204043000E-6	161.177994000E-6	161.204043000E-6	161.084703000E-6
161.301323000E-6	161.262553000E-6	161.233475000E-6	161.240745000E-6	161.306170000E-6	161.309198000E-6	161.284361000E-6	161.085059000E-6	161.082635000E-6	161.248014000E-6	161.309198000E-6	161.319497000E-6	161.130492000E-6	161.098386000E-6	161.290419000E-6	161.220148000E-6	161.283756000E-6	161.377046000E-6	161.422480000E-6	161.402489000E-6	161.398249000E-6	161.415211000E-6	161.502443000E-6	161.322526000E-6	161.328584000E-6	161.449740000E-6	161.362507000E-6	161.224389000E-6	161.231658000E-6	161.214090000E-6
161.337814000E-6	161.287533000E-6	161.302678000E-6	161.326909000E-6	161.283293000E-6	161.333573000E-6	161.215445000E-6	161.343871000E-6	161.314188000E-6	161.434739000E-6	161.454124000E-6	161.411719000E-6	161.424441000E-6	161.409902000E-6	161.525607000E-6	161.297226000E-6	161.534693000E-6	161.354775000E-6	161.274206000E-6	161.292380000E-6	161.291774000E-6	161.242100000E-6	161.320852000E-6	161.274812000E-6	161.292323000E-6	161.308074000E-6	161.274755000E-6	161.311103000E-6	161.294141000E-6	161.270515000E-6
161.360118000E-6	161.302568000E-6	161.328011000E-6	161.115381000E-6	161.234721000E-6	161.207460000E-6	161.333463000E-6	161.417667000E-6	161.423725000E-6	161.433418000E-6	161.542459000E-6	161.444928000E-6	161.306203000E-6	161.326194000E-6	161.399494000E-6	161.403128000E-6	161.344973000E-6	161.281972000E-6	161.287424000E-6	161.247442000E-6	161.282578000E-6	161.332252000E-6	161.340733000E-6	161.338915000E-6	161.346185000E-6	161.330434000E-6	161.281366000E-6	161.290453000E-6	161.319530000E-6	161.317107000E-6
161.330685000E-6	161.274347000E-6	161.310694000E-6	161.306454000E-6	161.279799000E-6	161.283434000E-6	161.147132000E-6	161.142286000E-6	161.391264000E-6	161.411860000E-6	161.415495000E-6	161.470016000E-6	161.486372000E-6	161.381571000E-6	161.293127000E-6	161.270712000E-6	161.265260000E-6	161.277376000E-6	161.318569000E-6	161.254356000E-6	161.315541000E-6	161.287069000E-6	161.277376000E-6	161.297367000E-6	161.300396000E-6	161.270712000E-6	161.300396000E-6	161.244058000E-6	161.265866000E-6	161.242241000E-6
161.430059000E-6	161.333134000E-6	161.204708000E-6	161.224698000E-6	161.470041000E-6	161.485792000E-6	161.496090000E-6	161.485186000E-6	161.457320000E-6	161.443993000E-6	161.476099000E-6	161.599073000E-6	161.448839000E-6	161.348279000E-6	161.360394000E-6	161.371298000E-6	161.363423000E-6	161.530620000E-6	161.377962000E-6	161.337374000E-6	161.362817000E-6	161.354336000E-6	161.339798000E-6	161.336163000E-6	161.323441000E-6	161.334345000E-6	161.316172000E-6	161.328288000E-6	161.316778000E-6	161.286488000E-6
161.368588000E-6	161.289230000E-6	161.157775000E-6	161.017839000E-6	161.221383000E-6	161.338905000E-6	161.430984000E-6	161.425532000E-6	161.446128000E-6	161.459456000E-6	161.437042000E-6	161.427955000E-6	161.424926000E-6	161.366771000E-6	161.495330000E-6	161.304508000E-6	161.274219000E-6	161.274825000E-6	161.326922000E-6	161.279671000E-6	161.311172000E-6	161.309960000E-6	161.274219000E-6	161.276036000E-6	161.303297000E-6	161.302085000E-6	161.330557000E-6	161.296633000E-6	161.202737000E-6	161.312989000E-6
161.327049000E-6	161.331290000E-6	161.288279000E-6	161.282221000E-6	161.245268000E-6	161.335530000E-6	161.112601000E-6	161.164699000E-6	161.191353000E-6	161.362790000E-6	161.344011000E-6	161.302818000E-6	161.136227000E-6	161.227700000E-6	161.345223000E-6	161.442754000E-6	161.437908000E-6	161.416099000E-6	161.433061000E-6	161.441542000E-6	161.499092000E-6	161.428821000E-6	161.328866000E-6	161.333713000E-6	161.343405000E-6	161.260413000E-6	161.411253000E-6	161.313722000E-6	161.229518000E-6	161.285856000E-6
161.260421000E-6	161.325240000E-6	161.278594000E-6	161.302826000E-6	161.343413000E-6	161.282229000E-6	161.279200000E-6	161.275565000E-6	161.283440000E-6	161.390059000E-6	161.310701000E-6	161.300402000E-6	161.329480000E-6	161.490013000E-6	161.322816000E-6	161.356740000E-6	161.341596000E-6	161.384001000E-6	161.545745000E-6	161.387030000E-6	161.553620000E-6	161.456695000E-6	161.424588000E-6	161.470628000E-6	161.503340000E-6	161.410049000E-6	161.426406000E-6	161.296162000E-6	161.280412000E-6	161.322816000E-6
161.467437000E-6	161.412917000E-6	161.427456000E-6	161.398378000E-6	161.206345000E-6	161.422004000E-6	161.407465000E-6	161.409282000E-6	161.409888000E-6	161.226941000E-6	161.417157000E-6	161.420186000E-6	161.448658000E-6	161.563757000E-6	161.573450000E-6	161.531045000E-6	161.537708000E-6	161.531651000E-6	161.591017000E-6	161.586777000E-6	161.500150000E-6	161.466226000E-6	161.437148000E-6	161.578296000E-6	161.580719000E-6	161.432302000E-6	161.565574000E-6	161.585565000E-6	161.405647000E-6	161.343858000E-6
161.476169000E-6	161.388330000E-6	161.419225000E-6	161.381060000E-6	161.388330000E-6	161.456784000E-6	161.427100000E-6	161.387724000E-6	161.363493000E-6	161.341079000E-6	161.487679000E-6	161.488890000E-6	161.531901000E-6	161.491919000E-6	161.541975000E-6	161.601342000E-6	161.543792000E-6	161.379625000E-6	161.483214000E-6	161.457771000E-6	161.380836000E-6	161.414760000E-6	161.430511000E-6	161.426270000E-6	161.389317000E-6	161.430511000E-6	161.364480000E-6	161.440203000E-6	161.418395000E-6	161.396587000E-6
161.389365000E-6	161.303950000E-6	161.339691000E-6	161.365740000E-6	161.231255000E-6	161.371797000E-6	161.347566000E-6	161.352412000E-6	161.202178000E-6	161.283353000E-6	161.451155000E-6	161.500830000E-6	161.500830000E-6	161.505676000E-6	161.495983000E-6	161.629862000E-6	161.502041000E-6	161.377250000E-6	161.592303000E-6	161.348172000E-6	161.348172000E-6	161.388154000E-6	161.341508000E-6	161.324546000E-6	161.317883000E-6	161.295469000E-6	161.339085000E-6	161.329998000E-6	161.386336000E-6	161.347939000E-6
161.510508000E-6	161.359061000E-6	161.388139000E-6	161.379658000E-6	161.419640000E-6	161.338465000E-6	161.282733000E-6	161.389351000E-6	161.542008000E-6	161.560182000E-6	161.561999000E-6	161.543220000E-6	161.524441000E-6	161.517777000E-6	161.517777000E-6	161.551095000E-6	161.499603000E-6	161.635905000E-6	161.471132000E-6	161.454170000E-6	161.468708000E-6	161.460833000E-6	161.436602000E-6	161.541403000E-6	161.426304000E-6	161.361485000E-6	161.398437000E-6	161.425698000E-6	161.422669000E-6	161.374812000E-6
161.386565000E-6	161.398075000E-6	161.364757000E-6	161.184233000E-6	161.294486000E-6	161.385353000E-6	161.521049000E-6	161.526501000E-6	161.523472000E-6	161.536194000E-6	161.503481000E-6	161.498635000E-6	161.602830000E-6	161.470769000E-6	161.478644000E-6	161.503481000E-6	161.416854000E-6	161.390805000E-6	161.488337000E-6	161.590109000E-6	161.440480000E-6	161.376267000E-6	161.454413000E-6	161.552550000E-6	161.431999000E-6	161.333256000E-6	161.348400000E-6	161.390805000E-6	161.386565000E-6	161.377478000E-6
161.344283000E-6	161.263714000E-6	161.283099000E-6	161.252204000E-6	161.163760000E-6	161.337620000E-6	161.435757000E-6	161.429699000E-6	161.445449000E-6	161.451097000E-6	161.370528000E-6	161.309949000E-6	161.323882000E-6	161.363864000E-6	161.427471000E-6	161.242101000E-6	161.262698000E-6	161.290564000E-6	161.254823000E-6	161.296622000E-6	161.239678000E-6	161.279054000E-6	161.295410000E-6	161.226351000E-6	161.305103000E-6	161.253005000E-6	161.197879000E-6	161.251188000E-6	161.266333000E-6	161.256640000E-6
161.399822000E-6	161.331974000E-6	161.328945000E-6	161.368321000E-6	161.421024000E-6	161.432534000E-6	161.347119000E-6	161.349542000E-6	161.173864000E-6	161.321070000E-6	161.514315000E-6	161.536123000E-6	161.507652000E-6	161.500988000E-6	161.519767000E-6	161.616087000E-6	161.574288000E-6	161.448285000E-6	161.402245000E-6	161.423447000E-6	161.390735000E-6	161.406485000E-6	161.416178000E-6	161.373773000E-6	161.371956000E-6	161.378619000E-6	161.398610000E-6	161.377408000E-6	161.375590000E-6	161.361052000E-6
161.411091000E-6	161.431082000E-6	161.222086000E-6	161.454101000E-6	161.346878000E-6	161.429870000E-6	161.276607000E-6	161.424418000E-6	161.555873000E-6	161.534065000E-6	161.516497000E-6	161.539517000E-6	161.538911000E-6	161.546181000E-6	161.563143000E-6	161.586162000E-6	161.435322000E-6	161.403821000E-6	161.343849000E-6	161.380196000E-6	161.405639000E-6	161.394129000E-6	161.411697000E-6	161.346878000E-6	161.400792000E-6	161.405033000E-6	161.336579000E-6	161.370503000E-6	161.402610000E-6	161.294174000E-6
161.410407000E-6	161.364368000E-6	161.426763000E-6	161.391628000E-6	161.415859000E-6	161.444937000E-6	161.382541000E-6	161.421311000E-6	161.369214000E-6	161.364973000E-6	161.450995000E-6	161.415253000E-6	161.372848000E-6	161.436456000E-6	161.409196000E-6	161.429792000E-6	161.387993000E-6	161.403138000E-6	161.411013000E-6	161.258307000E-6	161.528486000E-6	161.558775000E-6	161.528486000E-6	161.543631000E-6	161.544842000E-6	161.406724000E-6	161.599363000E-6	161.385521000E-6	161.380675000E-6	161.357049000E-6
161.520769000E-6	161.500778000E-6	161.351755000E-6	161.375381000E-6	161.627387000E-6	161.641320000E-6	161.654647000E-6	161.668580000E-6	161.653436000E-6	161.620118000E-6	161.709774000E-6	161.585588000E-6	161.550452000E-6	161.629204000E-6	161.608002000E-6	161.577713000E-6	161.609819000E-6	161.552876000E-6	161.502595000E-6	161.577107000E-6	161.477153000E-6	161.414151000E-6	161.458979000E-6	161.432325000E-6	161.456556000E-6	161.449892000E-6	161.494720000E-6	161.487451000E-6	161.429901000E-6	161.466854000E-6
161.481456000E-6	161.424512000E-6	161.480850000E-6	161.326981000E-6	161.426935000E-6	161.452378000E-6	161.478427000E-6	161.497206000E-6	161.563842000E-6	161.532947000E-6	161.558390000E-6	161.569900000E-6	161.596555000E-6	161.587468000E-6	161.583227000E-6	161.600189000E-6	161.472975000E-6	161.631084000E-6	161.430570000E-6	161.417848000E-6	161.422089000E-6	161.385742000E-6	161.469946000E-6	161.397252000E-6	161.420271000E-6	161.442080000E-6	161.421483000E-6	161.428147000E-6	161.397252000E-6	161.422695000E-6
161.497134000E-6	161.445642000E-6	161.397785000E-6	161.422623000E-6	161.404449000E-6	161.498951000E-6	161.554078000E-6	161.573463000E-6	161.571040000E-6	161.579521000E-6	161.563165000E-6	161.573463000E-6	161.558924000E-6	161.454123000E-6	161.505009000E-6	161.442614000E-6	161.549837000E-6	161.523183000E-6	161.440796000E-6	161.427958000E-6	161.431593000E-6	161.421294000E-6	161.423112000E-6	161.455218000E-6	161.461882000E-6	161.432199000E-6	161.458853000E-6	161.414025000E-6	161.426141000E-6	161.421294000E-6
161.517569000E-6	161.478193000E-6	161.472741000E-6	161.391566000E-6	161.472741000E-6	161.570877000E-6	161.582387000E-6	161.613888000E-6	161.589657000E-6	161.610859000E-6	161.664168000E-6	161.596926000E-6	161.567849000E-6	161.508482000E-6	161.543011000E-6	161.567243000E-6	161.513934000E-6	161.569666000E-6	161.492126000E-6	161.495760000E-6	161.426701000E-6	161.446692000E-6	161.484856000E-6	161.464260000E-6	161.475164000E-6	161.485462000E-6	161.421855000E-6	161.516357000E-6	161.503635000E-6	161.453355000E-6
161.616601000E-6	161.622659000E-6	161.609332000E-6	161.454251000E-6	161.442741000E-6	161.674150000E-6	161.723219000E-6	161.757749000E-6	161.808029000E-6	161.778951000E-6	161.743816000E-6	161.757749000E-6	161.802577000E-6	161.769259000E-6	161.798942000E-6	161.791067000E-6	161.883752000E-6	161.836501000E-6	161.711103000E-6	161.687478000E-6	161.643861000E-6	161.697170000E-6	161.661429000E-6	161.668093000E-6	161.874059000E-6	161.821962000E-6	161.835289000E-6	161.657188000E-6	161.621447000E-6	161.656583000E-6
161.631176000E-6	161.697206000E-6	161.642685000E-6	161.610579000E-6	161.706293000E-6	161.787468000E-6	161.716591000E-6	161.781410000E-6	161.808670000E-6	161.775352000E-6	161.666917000E-6	161.559693000E-6	161.623300000E-6	161.596646000E-6	161.583319000E-6	161.568780000E-6	161.613002000E-6	161.565145000E-6	161.613608000E-6	161.629964000E-6	161.641474000E-6	161.580290000E-6	161.598463000E-6	161.608761000E-6	161.638445000E-6	161.629964000E-6	161.657830000E-6	161.605127000E-6	161.511836000E-6	161.617848000E-6
161.683097000E-6	161.647961000E-6	161.695818000E-6	161.637057000E-6	161.743070000E-6	161.780628000E-6	161.770936000E-6	161.784263000E-6	161.802436000E-6	161.878765000E-6	161.814552000E-6	161.811523000E-6	161.657048000E-6	161.889669000E-6	161.689155000E-6	161.695213000E-6	161.647356000E-6	161.641298000E-6	161.663106000E-6	161.630999000E-6	161.635846000E-6	161.663106000E-6	161.656442000E-6	161.617672000E-6	161.644933000E-6	161.672193000E-6	161.652202000E-6	161.624336000E-6	161.535286000E-6	161.717627000E-6
161.729162000E-6	161.672218000E-6	161.537734000E-6	161.675247000E-6	161.714018000E-6	161.713412000E-6	161.759451000E-6	161.625573000E-6	161.772173000E-6	161.813366000E-6	161.801856000E-6	161.835174000E-6	161.805491000E-6	161.912109000E-6	161.899388000E-6	161.890907000E-6	161.783683000E-6	161.749759000E-6	161.750365000E-6	161.714018000E-6	161.879397000E-6	161.683728000E-6	161.721287000E-6	161.692815000E-6	161.737037000E-6	161.651016000E-6	161.674036000E-6	161.690998000E-6	161.710989000E-6	161.706748000E-6
161.756022000E-6	161.738455000E-6	161.692415000E-6	161.684540000E-6	161.663943000E-6	161.627596000E-6	161.768138000E-6	161.769955000E-6	161.820841000E-6	161.868698000E-6	161.866881000E-6	161.858400000E-6	161.837197000E-6	161.833563000E-6	161.880208000E-6	161.998942000E-6	161.840832000E-6	161.925036000E-6	161.800245000E-6	161.743301000E-6	161.686357000E-6	161.695444000E-6	161.720281000E-6	161.700290000E-6	161.734820000E-6	161.743301000E-6	161.729974000E-6	161.762080000E-6	161.751782000E-6	161.729368000E-6
161.806043000E-6	161.499516000E-6	161.640664000E-6	161.641875000E-6	161.615712000E-6	161.865900000E-6	161.883468000E-6	161.826524000E-6	161.845910000E-6	161.841669000E-6	161.867112000E-6	161.856208000E-6	161.837429000E-6	161.836217000E-6	161.819255000E-6	161.843486000E-6	161.830765000E-6	161.860448000E-6	161.858631000E-6	161.955556000E-6	161.717483000E-6	161.803505000E-6	161.770187000E-6	161.864689000E-6	161.739897000E-6	161.679319000E-6	161.677502000E-6	161.687800000E-6	161.714454000E-6	161.712637000E-6
161.807284000E-6	161.691579000E-6	161.815159000E-6	161.704906000E-6	161.874526000E-6	161.775783000E-6	161.731561000E-6	161.736407000E-6	161.820005000E-6	161.886672000E-6	161.898788000E-6	161.978752000E-6	161.932106000E-6	161.905452000E-6	161.846085000E-6	161.996925000E-6	161.992079000E-6	161.852748000E-6	161.787324000E-6	161.756429000E-6	161.777631000E-6	161.738255000E-6	161.768544000E-6	161.780660000E-6	161.770968000E-6	161.780660000E-6	161.769150000E-6	161.783689000E-6	161.786112000E-6	161.804286000E-6
161.858087000E-6	161.889587000E-6	161.880501000E-6	161.869597000E-6	161.835673000E-6	161.888982000E-6	161.780546000E-6	161.736930000E-6	162.002869000E-6	161.982878000E-6	161.938050000E-6	161.983484000E-6	162.054361000E-6	162.013167000E-6	162.048909000E-6	162.104641000E-6	162.088285000E-6	161.973791000E-6	161.889587000E-6	161.890734000E-6	161.880435000E-6	161.822280000E-6	161.839242000E-6	161.838030000E-6	161.876195000E-6	161.832578000E-6	161.847117000E-6	161.834396000E-6	161.836819000E-6	161.874983000E-6
161.930900000E-6	161.968459000E-6	161.932718000E-6	161.934535000E-6	161.934535000E-6	162.039941000E-6	161.856389000E-6	161.826099000E-6	162.007229000E-6	162.101126000E-6	161.971488000E-6	161.934535000E-6	161.982998000E-6	162.112635000E-6	162.061750000E-6	162.081135000E-6	162.128386000E-6	162.059932000E-6	162.076894000E-6	162.103549000E-6	161.947256000E-6	162.118693000E-6	162.007835000E-6	161.967247000E-6	161.949679000E-6	161.924237000E-6	161.946651000E-6	161.924842000E-6	161.990267000E-6	161.966036000E-6
161.918155000E-6	161.910886000E-6	161.887260000E-6	161.884231000E-6	161.964195000E-6	161.887260000E-6	162.000542000E-6	162.092621000E-6	162.087775000E-6	162.076265000E-6	162.075659000E-6	162.068996000E-6	162.113824000E-6	161.948445000E-6	161.960560000E-6	162.065361000E-6	161.972676000E-6	161.988426000E-6	161.938752000E-6	161.944810000E-6	161.934512000E-6	161.950868000E-6	161.950262000E-6	161.957531000E-6	161.931483000E-6	161.940569000E-6	161.907251000E-6	161.939964000E-6	161.929059000E-6	161.941781000E-6
161.914477000E-6	161.905390000E-6	161.907814000E-6	161.929016000E-6	161.972027000E-6	161.962334000E-6	161.965363000E-6	161.982931000E-6	162.048355000E-6	162.025941000E-6	162.067135000E-6	162.049567000E-6	162.053807000E-6	162.082279000E-6	162.086520000E-6	162.041086000E-6	162.050779000E-6	161.853293000E-6	161.947190000E-6	161.853899000E-6	161.849052000E-6	161.899333000E-6	161.915083000E-6	161.909631000E-6	161.975056000E-6	161.927804000E-6	161.897515000E-6	161.927804000E-6	161.900544000E-6	162.022307000E-6
162.062260000E-6	162.059231000E-6	162.046509000E-6	161.970180000E-6	162.080433000E-6	162.151310000E-6	162.222187000E-6	162.144646000E-6	162.181599000E-6	162.222792000E-6	162.189474000E-6	162.193109000E-6	162.174330000E-6	162.184628000E-6	162.165849000E-6	162.258534000E-6	162.152521000E-6	162.119809000E-6	162.210071000E-6	162.084674000E-6	162.045903000E-6	162.078010000E-6	162.037422000E-6	162.041663000E-6	162.055596000E-6	162.061048000E-6	162.090731000E-6	162.067712000E-6	162.042269000E-6	162.127078000E-6
162.177693000E-6	162.192232000E-6	162.137712000E-6	162.144981000E-6	162.154674000E-6	162.133471000E-6	162.087431000E-6	162.126202000E-6	162.126807000E-6	161.945054000E-6	162.272784000E-6	162.264303000E-6	162.266120000E-6	162.237649000E-6	162.273390000E-6	162.254005000E-6	162.207965000E-6	162.167983000E-6	162.261274000E-6	162.194032000E-6	162.171618000E-6	162.128607000E-6	162.098318000E-6	162.139511000E-6	162.134059000E-6	162.134059000E-6	162.126790000E-6	162.143752000E-6	162.074692000E-6	162.099530000E-6
162.234891000E-6	162.187640000E-6	162.239132000E-6	162.233680000E-6	162.273056000E-6	162.200362000E-6	162.214900000E-6	162.346961000E-6	162.371798000E-6	162.386943000E-6	162.370587000E-6	162.422684000E-6	162.398453000E-6	162.363317000E-6	162.377250000E-6	162.315460000E-6	162.399664000E-6	162.313037000E-6	162.495984000E-6	162.396870000E-6	162.461689000E-6	162.299338000E-6	162.388995000E-6	162.269655000E-6	162.250270000E-6	162.232096000E-6	162.227856000E-6	162.195749000E-6	162.248453000E-6	162.248453000E-6
162.374292000E-6	162.316136000E-6	162.327040000E-6	162.338550000E-6	162.300992000E-6	162.430024000E-6	162.334310000E-6	162.400340000E-6	162.393071000E-6	162.184075000E-6	162.385801000E-6	162.241019000E-6	162.243442000E-6	162.455467000E-6	162.451832000E-6	162.534219000E-6	162.523920000E-6	162.478486000E-6	162.556633000E-6	162.417908000E-6	162.396706000E-6	162.485756000E-6	162.364599000E-6	162.365811000E-6	162.364599000E-6	162.340973000E-6	162.333704000E-6	162.317954000E-6	162.316136000E-6	162.294934000E-6
162.517598000E-6	162.493367000E-6	162.498213000E-6	162.390990000E-6	162.409769000E-6	162.395230000E-6	162.558186000E-6	162.652082000E-6	162.620582000E-6	162.671467000E-6	162.688429000E-6	162.669650000E-6	162.694487000E-6	162.651477000E-6	162.671467000E-6	162.527897000E-6	162.534560000E-6	162.512752000E-6	162.497002000E-6	162.506694000E-6	162.484280000E-6	162.477617000E-6	162.479434000E-6	162.487915000E-6	162.480646000E-6	162.502454000E-6	162.515175000E-6	162.524868000E-6	162.498213000E-6	162.473982000E-6
162.642120000E-6	162.625158000E-6	162.628792000E-6	162.578512000E-6	162.444634000E-6	162.645754000E-6	162.570637000E-6	162.689977000E-6	162.670592000E-6	162.677255000E-6	162.701487000E-6	162.760248000E-6	162.711179000E-6	162.730564000E-6	162.702092000E-6	162.786296000E-6	162.671803000E-6	162.595474000E-6	162.691188000E-6	162.654841000E-6	162.731170000E-6	162.619706000E-6	162.606984000E-6	162.579724000E-6	162.542771000E-6	162.565185000E-6	162.573666000E-6	162.613648000E-6	162.622129000E-6	162.535502000E-6
162.788598000E-6	162.675923000E-6	162.570516000E-6	162.532352000E-6	162.680163000E-6	162.761338000E-6	162.738924000E-6	162.777089000E-6	162.765579000E-6	162.861898000E-6	162.803743000E-6	162.829792000E-6	162.867956000E-6	162.846148000E-6	162.871591000E-6	162.874620000E-6	162.879466000E-6	162.944285000E-6	162.771637000E-6	162.903697000E-6	162.728626000E-6	162.712876000E-6	162.722568000E-6	162.702577000E-6	162.724385000E-6	162.704395000E-6	162.763761000E-6	162.735290000E-6	162.729837000E-6	162.712270000E-6
162.896621000E-6	162.826350000E-6	162.828167000E-6	162.855428000E-6	162.851187000E-6	162.805148000E-6	162.842100000E-6	162.886323000E-6	162.791820000E-6	162.727001000E-6	162.926305000E-6	162.968104000E-6	163.009903000E-6	163.017172000E-6	163.032923000E-6	162.994758000E-6	162.972344000E-6	163.005662000E-6	163.002028000E-6	162.980219000E-6	163.048673000E-6	163.000210000E-6	162.945690000E-6	162.906919000E-6	163.028076000E-6	162.962652000E-6	162.899044000E-6	162.914189000E-6	162.876024000E-6	162.856639000E-6
162.925351000E-6	162.907783000E-6	162.876888000E-6	162.933832000E-6	162.694546000E-6	162.824184000E-6	162.808434000E-6	162.974419000E-6	163.015007000E-6	163.014285000E-6	163.130595000E-6	163.037910000E-6	162.887070000E-6	162.987024000E-6	163.071834000E-6	163.015496000E-6	162.979755000E-6	162.924628000E-6	162.994899000E-6	162.867685000E-6	163.011256000E-6	162.902820000E-6	162.852540000E-6	162.868896000E-6	162.885252000E-6	162.893733000E-6	162.901003000E-6	162.905243000E-6	162.879800000E-6	162.885858000E-6
163.115848000E-6	163.094040000E-6	162.895948000E-6	163.040731000E-6	163.158253000E-6	163.186725000E-6	163.216408000E-6	163.221860000E-6	163.181273000E-6	163.214591000E-6	163.324844000E-6	163.210956000E-6	163.144926000E-6	163.189754000E-6	163.155830000E-6	163.159465000E-6	163.180667000E-6	163.084347000E-6	163.057087000E-6	163.092045000E-6	163.076900000E-6	163.069025000E-6	163.086593000E-6	163.077506000E-6	163.073265000E-6	163.106584000E-6	163.068419000E-6	163.085987000E-6	163.088410000E-6	163.127786000E-6
163.222995000E-6	163.029144000E-6	163.098810000E-6	163.230265000E-6	163.325373000E-6	163.293872000E-6	163.305382000E-6	163.299324000E-6	163.304776000E-6	163.322344000E-6	163.324161000E-6	163.372018000E-6	163.266612000E-6	163.325373000E-6	163.232688000E-6	163.164234000E-6	163.142426000E-6	163.190889000E-6	163.159388000E-6	163.155753000E-6	163.247833000E-6	163.204216000E-6	163.167263000E-6	163.161205000E-6	163.152119000E-6	163.162417000E-6	163.198764000E-6	163.187860000E-6	163.190283000E-6	163.211485000E-6
163.252184000E-6	163.237039000E-6	163.231587000E-6	163.219471000E-6	163.191605000E-6	163.140719000E-6	163.260665000E-6	163.351532000E-6	163.340022000E-6	163.376975000E-6	163.377581000E-6	163.351532000E-6	163.355167000E-6	163.395149000E-6	163.395755000E-6	163.304281000E-6	163.280655000E-6	163.272780000E-6	163.261270000E-6	163.275809000E-6	163.336388000E-6	163.234010000E-6	163.205538000E-6	163.240674000E-6	163.194634000E-6	163.218260000E-6	163.234010000E-6	163.230375000E-6	163.221289000E-6	163.227952000E-6
163.398118000E-6	163.348444000E-6	163.309674000E-6	163.312097000E-6	163.317549000E-6	163.372069000E-6	163.203056000E-6	163.339357000E-6	163.207296000E-6	163.424773000E-6	163.474447000E-6	163.502919000E-6	163.521092000E-6	163.472024000E-6	163.490197000E-6	163.421138000E-6	163.373281000E-6	163.396907000E-6	163.638009000E-6	163.373281000E-6	163.312703000E-6	163.361165000E-6	163.352684000E-6	163.369646000E-6	163.323607000E-6	163.372675000E-6	163.306039000E-6	163.358136000E-6	163.330876000E-6	163.349655000E-6
163.457035000E-6	163.495200000E-6	163.422505000E-6	163.505498000E-6	163.291656000E-6	163.372225000E-6	163.502469000E-6	163.560019000E-6	163.613328000E-6	163.656944000E-6	163.606664000E-6	163.628472000E-6	163.607876000E-6	163.643617000E-6	163.656338000E-6	163.667848000E-6	163.659973000E-6	163.703590000E-6	163.610299000E-6	163.651492000E-6	163.440679000E-6	163.485507000E-6	163.484295000E-6	163.483084000E-6	163.440073000E-6	163.481872000E-6	163.483084000E-6	163.442496000E-6	163.499440000E-6	163.481267000E-6
163.542483000E-6	163.538848000E-6	163.533396000E-6	163.503712000E-6	163.521886000E-6	163.587311000E-6	163.383161000E-6	163.457067000E-6	163.580647000E-6	163.549752000E-6	163.633350000E-6	163.405575000E-6	163.608513000E-6	163.583070000E-6	163.563079000E-6	163.630927000E-6	163.726036000E-6	163.666063000E-6	163.689688000E-6	163.644255000E-6	163.590945000E-6	163.564897000E-6	163.755719000E-6	163.598215000E-6	163.530367000E-6	163.523098000E-6	163.542483000E-6	163.560050000E-6	163.516434000E-6	163.540665000E-6
163.545362000E-6	163.605940000E-6	163.570199000E-6	163.570199000E-6	163.614421000E-6	163.658038000E-6	163.577468000E-6	163.602911000E-6	163.622902000E-6	163.594430000E-6	163.625931000E-6	163.682269000E-6	163.749511000E-6	163.723462000E-6	163.716799000E-6	163.733155000E-6	163.710741000E-6	163.740424000E-6	163.650162000E-6	163.734972000E-6	163.627748000E-6	163.496293000E-6	163.570805000E-6	163.375742000E-6	163.697414000E-6	163.519919000E-6	163.574439000E-6	163.561112000E-6	163.562929000E-6	163.684692000E-6
163.738530000E-6	163.705817000E-6	163.688250000E-6	163.727626000E-6	163.693702000E-6	163.744588000E-6	163.750646000E-6	163.540438000E-6	163.700365000E-6	163.790627000E-6	163.785175000E-6	163.812435000E-6	163.859687000E-6	163.856658000E-6	163.823945000E-6	163.828186000E-6	163.891793000E-6	163.914207000E-6	163.931775000E-6	163.783964000E-6	163.699760000E-6	163.890582000E-6	163.742165000E-6	163.776694000E-6	163.694308000E-6	163.650085000E-6	163.685221000E-6	163.642816000E-6	163.705817000E-6	163.676134000E-6
163.791036000E-6	163.617177000E-6	163.645648000E-6	163.746814000E-6	163.824960000E-6	163.846768000E-6	163.909164000E-6	163.862519000E-6	163.867365000E-6	163.888568000E-6	163.961867000E-6	163.831018000E-6	163.792248000E-6	163.990339000E-6	163.832230000E-6	163.950963000E-6	163.817085000E-6	163.783161000E-6	163.740151000E-6	163.768086000E-6	163.839568000E-6	163.769297000E-6	163.791711000E-6	163.825029000E-6	163.792317000E-6	163.751729000E-6	163.798981000E-6	163.825029000E-6	163.743248000E-6	163.657833000E-6
163.891252000E-6	163.894281000E-6	163.872473000E-6	163.892464000E-6	163.860963000E-6	163.888829000E-6	163.848242000E-6	163.892464000E-6	163.897916000E-6	163.831886000E-6	164.009380000E-6	164.034823000E-6	164.037246000E-6	163.991813000E-6	163.963341000E-6	163.957283000E-6	164.023919000E-6	163.940321000E-6	164.105700000E-6	163.852482000E-6	163.800385000E-6	163.854300000E-6	163.873685000E-6	163.856117000E-6	163.849453000E-6	163.863386000E-6	163.855511000E-6	163.828251000E-6	163.836126000E-6	163.865810000E-6
163.951905000E-6	163.910106000E-6	163.747756000E-6	163.805911000E-6	163.873759000E-6	163.894961000E-6	163.993098000E-6	164.019753000E-6	164.030051000E-6	164.061552000E-6	164.002185000E-6	164.034898000E-6	164.018541000E-6	164.108197000E-6	164.015512000E-6	163.902231000E-6	163.904654000E-6	164.046407000E-6	163.996733000E-6	163.849527000E-6	163.995522000E-6	163.906471000E-6	163.901625000E-6	163.882846000E-6	163.891932000E-6	163.888903000E-6	163.872547000E-6	163.870124000E-6	163.921616000E-6	163.887692000E-6
163.993385000E-6	163.946740000E-6	163.899488000E-6	163.926749000E-6	163.777726000E-6	163.929778000E-6	163.827400000E-6	163.895248000E-6	164.056992000E-6	164.058809000E-6	164.036395000E-6	164.032155000E-6	164.041242000E-6	164.033367000E-6	164.124234000E-6	164.048511000E-6	164.012770000E-6	163.978846000E-6	164.114542000E-6	164.083041000E-6	164.051540000E-6	163.987327000E-6	163.860112000E-6	163.930989000E-6	163.875863000E-6	163.927960000E-6	163.895854000E-6	163.879498000E-6	163.917056000E-6	163.910393000E-6
164.039082000E-6	163.985167000E-6	163.950032000E-6	163.997283000E-6	163.968811000E-6	164.010005000E-6	163.980321000E-6	163.949426000E-6	164.010005000E-6	163.960330000E-6	163.933676000E-6	164.028784000E-6	164.054227000E-6	164.054227000E-6	164.108142000E-6	163.920954000E-6	164.055438000E-6	164.097843000E-6	164.136008000E-6	164.143277000E-6	164.154181000E-6	164.134796000E-6	164.112988000E-6	164.098449000E-6	164.089968000E-6	164.047563000E-6	164.012428000E-6	164.165085000E-6	163.996677000E-6	163.985773000E-6
164.030132000E-6	163.846579000E-6	163.818713000E-6	164.122211000E-6	164.174914000E-6	164.168856000E-6	164.189453000E-6	164.140990000E-6	164.141596000E-6	164.218531000E-6	164.150077000E-6	164.052546000E-6	164.232464000E-6	164.040430000E-6	164.004083000E-6	164.006506000E-6	164.034978000E-6	163.959255000E-6	163.986515000E-6	164.009535000E-6	164.002871000E-6	164.003477000E-6	164.019833000E-6	164.021651000E-6	163.993179000E-6	164.096162000E-6	164.020439000E-6	164.055575000E-6	164.054969000E-6	164.038007000E-6
164.093162000E-6	164.058633000E-6	164.020468000E-6	164.049546000E-6	164.056209000E-6	164.149500000E-6	164.203415000E-6	164.270052000E-6	164.258542000E-6	164.224618000E-6	164.213714000E-6	164.310639000E-6	164.197357000E-6	164.116182000E-6	164.119211000E-6	164.141019000E-6	164.145260000E-6	164.173732000E-6	164.093768000E-6	164.071354000E-6	164.070748000E-6	164.057421000E-6	164.087104000E-6	164.094980000E-6	164.085287000E-6	164.068325000E-6	164.058027000E-6	164.078018000E-6	164.077412000E-6	164.104066000E-6
164.232857000E-6	164.128057000E-6	164.149865000E-6	164.145624000E-6	164.153500000E-6	164.174096000E-6	164.176519000E-6	164.173490000E-6	164.168644000E-6	164.002659000E-6	164.212866000E-6	164.061420000E-6	164.194087000E-6	164.243156000E-6	164.261935000E-6	164.215290000E-6	164.296465000E-6	164.333417000E-6	164.286166000E-6	164.306763000E-6	164.304340000E-6	164.302522000E-6	164.263752000E-6	164.291013000E-6	164.291618000E-6	164.309186000E-6	164.239521000E-6	164.249819000E-6	164.203174000E-6	164.232335000E-6
164.124594000E-6	164.127017000E-6	164.107026000E-6	164.128834000E-6	164.146402000E-6	164.160941000E-6	164.007677000E-6	164.047659000E-6	164.186384000E-6	164.331772000E-6	164.299060000E-6	164.297848000E-6	164.317233000E-6	164.272405000E-6	164.286348000E-6	164.223952000E-6	164.233645000E-6	164.207596000E-6	164.230616000E-6	164.340869000E-6	164.297252000E-6	164.205779000E-6	164.371764000E-6	164.136114000E-6	164.127633000E-6	164.103401000E-6	164.133691000E-6	164.081593000E-6	164.133085000E-6	164.123998000E-6
164.223752000E-6	164.225570000E-6	164.243743000E-6	164.249801000E-6	164.188617000E-6	164.227993000E-6	164.237079000E-6	164.226781000E-6	164.188011000E-6	164.173472000E-6	164.269792000E-6	164.237685000E-6	164.089874000E-6	164.083210000E-6	164.141366000E-6	164.125009000E-6	164.300081000E-6	164.347332000E-6	164.337034000E-6	164.301293000E-6	164.313408000E-6	164.461220000E-6	164.453950000E-6	164.507259000E-6	164.307350000E-6	164.214060000E-6	164.422449000E-6	164.281302000E-6	164.271003000E-6	164.223175000E-6
164.309134000E-6	164.329125000E-6	164.313980000E-6	164.189795000E-6	164.292172000E-6	164.304288000E-6	164.332760000E-6	164.424839000E-6	164.466638000E-6	164.426050000E-6	164.404848000E-6	164.484811000E-6	164.368501000E-6	164.294595000E-6	164.269758000E-6	164.266729000E-6	164.249161000E-6	164.250979000E-6	164.272181000E-6	164.270970000E-6	164.230988000E-6	164.298230000E-6	164.214026000E-6	164.234623000E-6	164.275210000E-6	164.283085000E-6	164.256431000E-6	164.301259000E-6	164.257037000E-6	164.290961000E-6
164.308138000E-6	164.265733000E-6	164.239078000E-6	164.258463000E-6	164.266338000E-6	164.257252000E-6	164.237866000E-6	164.273608000E-6	164.154268000E-6	164.266338000E-6	164.331763000E-6	164.340244000E-6	164.301474000E-6	164.411727000E-6	164.436564000E-6	164.449285000E-6	164.414756000E-6	164.408698000E-6	164.407486000E-6	164.400823000E-6	164.372351000E-6	164.295416000E-6	164.284512000E-6	164.382649000E-6	164.429294000E-6	164.342667000E-6	164.282695000E-6	164.278454000E-6	164.225145000E-6	164.233020000E-6
164.407354000E-6	164.358891000E-6	164.405537000E-6	164.367372000E-6	164.386757000E-6	164.410989000E-6	164.346776000E-6	164.408566000E-6	164.405537000E-6	164.388575000E-6	164.419470000E-6	164.485500000E-6	164.516395000E-6	164.607263000E-6	164.540021000E-6	164.547290000E-6	164.626042000E-6	164.565464000E-6	164.423710000E-6	164.512155000E-6	164.347381000E-6	164.327996000E-6	164.384334000E-6	164.374642000E-6	164.358286000E-6	164.384940000E-6	164.401902000E-6	164.376459000E-6	164.362526000E-6	164.356468000E-6
164.543225000E-6	164.435395000E-6	164.563216000E-6	164.457203000E-6	164.580783000E-6	164.700123000E-6	164.629852000E-6	164.601380000E-6	164.646208000E-6	164.695883000E-6	164.548677000E-6	164.706181000E-6	164.535350000E-6	164.499608000E-6	164.449328000E-6	164.485675000E-6	164.491127000E-6	164.525051000E-6	164.515359000E-6	164.517176000E-6	164.543225000E-6	164.462050000E-6	164.489916000E-6	164.491733000E-6	164.554129000E-6	164.477194000E-6	164.495974000E-6	164.514753000E-6	164.455386000E-6	164.360883000E-6
164.670354000E-6	164.609170000E-6	164.480138000E-6	164.683076000E-6	164.725480000E-6	164.710942000E-6	164.766674000E-6	164.773337000E-6	164.745471000E-6	164.795146000E-6	164.835733000E-6	164.812713000E-6	164.672777000E-6	164.791511000E-6	164.653998000E-6	164.561919000E-6	164.643094000E-6	164.594025000E-6	164.586756000E-6	164.555255000E-6	164.603718000E-6	164.610381000E-6	164.597660000E-6	164.582515000E-6	164.663085000E-6	164.568582000E-6	164.571611000E-6	164.587967000E-6	164.601900000E-6	164.475291000E-6
164.641145000E-6	164.672040000E-6	164.629029000E-6	164.648414000E-6	164.650232000E-6	164.750186000E-6	164.684156000E-6	164.691425000E-6	164.456381000E-6	164.718080000E-6	164.713233000E-6	164.816822000E-6	164.783504000E-6	164.790168000E-6	164.762908000E-6	164.785927000E-6	164.798649000E-6	164.761696000E-6	164.667194000E-6	164.669617000E-6	164.630241000E-6	164.854381000E-6	164.696271000E-6	164.641751000E-6	164.635087000E-6	164.621760000E-6	164.647809000E-6	164.638722000E-6	164.644174000E-6	164.596317000E-6
164.739031000E-6	164.759021000E-6	164.574257000E-6	164.881390000E-6	164.903198000E-6	164.912891000E-6	164.875332000E-6	164.905622000E-6	164.903804000E-6	164.869237000E-6	164.958287000E-6	164.782004000E-6	164.808052000E-6	164.726877000E-6	164.709309000E-6	164.723242000E-6	164.692953000E-6	164.744445000E-6	164.730512000E-6	164.730512000E-6	164.750503000E-6	164.758984000E-6	164.742022000E-6	164.712944000E-6	164.739599000E-6	164.739599000E-6	164.755349000E-6	164.737781000E-6	164.748080000E-6	164.771705000E-6
164.770870000E-6	164.755119000E-6	164.782985000E-6	164.790860000E-6	164.772687000E-6	164.787831000E-6	164.781168000E-6	164.738763000E-6	164.707262000E-6	164.838717000E-6	164.784197000E-6	164.878699000E-6	164.918681000E-6	164.930191000E-6	164.905959000E-6	164.862343000E-6	164.997433000E-6	164.970173000E-6	164.884151000E-6	164.840535000E-6	164.855074000E-6	164.829025000E-6	164.724830000E-6	164.786014000E-6	164.813880000E-6	164.761177000E-6	164.798130000E-6	164.759965000E-6	164.752090000E-6	164.766629000E-6
164.861035000E-6	164.836803000E-6	164.846496000E-6	164.865275000E-6	164.827111000E-6	164.894353000E-6	164.875573000E-6	164.936152000E-6	165.007029000E-6	164.972499000E-6	164.996730000E-6	164.985826000E-6	165.002182000E-6	165.004605000E-6	164.978557000E-6	164.964624000E-6	164.925853000E-6	164.936758000E-6	164.925853000E-6	164.879260000E-6	164.840490000E-6	164.822316000E-6	164.862904000E-6	164.848970000E-6	164.840490000E-6	164.790209000E-6	164.817470000E-6	164.856846000E-6	164.815652000E-6	164.807777000E-6
164.993794000E-6	164.781769000E-6	164.752691000E-6	164.996217000E-6	164.976832000E-6	164.985918000E-6	165.081026000E-6	165.067093000E-6	165.097383000E-6	165.110104000E-6	165.202183000E-6	165.213087000E-6	165.089507000E-6	165.053766000E-6	165.131307000E-6	165.199760000E-6	165.099806000E-6	165.037410000E-6	165.038622000E-6	165.021660000E-6	164.983495000E-6	164.936244000E-6	164.950177000E-6	164.947148000E-6	165.177346000E-6	164.968351000E-6	164.962293000E-6	165.134941000E-6	164.905349000E-6	164.911223000E-6
165.028985000E-6	165.044130000E-6	165.030803000E-6	164.913886000E-6	165.145296000E-6	165.187701000E-6	165.173162000E-6	165.188912000E-6	165.196788000E-6	165.167104000E-6	165.147719000E-6	165.206480000E-6	165.195576000E-6	165.161046000E-6	165.168316000E-6	165.251914000E-6	165.147113000E-6	165.245250000E-6	165.092593000E-6	165.071996000E-6	165.102285000E-6	165.061698000E-6	165.033226000E-6	165.081689000E-6	165.012629000E-6	165.275540000E-6	165.134392000E-6	165.091381000E-6	165.084718000E-6	165.035612000E-6
165.114917000E-6	165.091897000E-6	164.967711000E-6	165.107042000E-6	165.176101000E-6	165.277873000E-6	165.222747000E-6	165.264546000E-6	165.239103000E-6	165.240920000E-6	165.149447000E-6	165.285748000E-6	165.152476000E-6	165.105830000E-6	165.088262000E-6	165.059791000E-6	165.095532000E-6	165.069483000E-6	165.047069000E-6	165.089474000E-6	165.089474000E-6	165.074329000E-6	165.131879000E-6	165.171861000E-6	165.128850000E-6	165.104619000E-6	165.097349000E-6	165.043434000E-6	165.065243000E-6	165.086445000E-6
165.222623000E-6	165.159016000E-6	165.155987000E-6	165.116611000E-6	165.017869000E-6	165.196575000E-6	165.309251000E-6	165.328030000E-6	165.242614000E-6	165.317732000E-6	165.264423000E-6	165.287442000E-6	165.284413000E-6	165.254730000E-6	165.387397000E-6	165.194757000E-6	165.404359000E-6	165.175372000E-6	165.209902000E-6	165.178401000E-6	165.172343000E-6	165.156593000E-6	165.146901000E-6	165.154170000E-6	165.180824000E-6	165.136602000E-6	165.181430000E-6	165.198998000E-6	165.175372000E-6	165.143872000E-6
