#Flip Current
1.095210260E-3	1.083123480E-3	1.148560080E-3	1.065246670E-3	1.181345530E-3	1.089152490E-3	1.128764990E-3	1.157043690E-3	1.104859160E-3	1.080719080E-3	1.066802830E-3	1.125078160E-3	1.154583950E-3	1.112043180E-3	1.141442990E-3	1.098528530E-3	1.096191490E-3	1.111781030E-3	1.179906490E-3	996.496507000E-6	1.065860210E-3	1.070472930E-3	1.068978120E-3	1.132775320E-3	1.098032120E-3	1.158728140E-3	1.194743050E-3	1.122085680E-3	1.054467960E-3	1.068445520E-3
1.119409710E-3	1.128880550E-3	1.192962130E-3	1.058869940E-3	1.064804560E-3	1.064330460E-3	1.080935110E-3	1.075837140E-3	1.048110660E-3	1.139823900E-3	1.078536720E-3	1.121317270E-3	1.068357520E-3	1.067069080E-3	1.057609390E-3	1.094483210E-3	1.102989120E-3	1.043166210E-3	1.025987020E-3	1.115469440E-3	1.076314260E-3	1.087876750E-3	1.164915410E-3	1.030884200E-3	1.113517260E-3	1.091563580E-3	999.995113000E-6	1.083169200E-3	1.075003510E-3	1.111291770E-3
1.087543350E-3	1.069538640E-3	1.076348970E-3	1.006879110E-3	1.017108560E-3	1.040138750E-3	1.109552830E-3	1.039659070E-3	1.146732670E-3	1.093716980E-3	1.063876470E-3	1.157045770E-3	1.098965560E-3	1.079159270E-3	1.022953160E-3	1.040545110E-3	1.088161620E-3	1.107610940E-3	1.192207360E-3	964.025138000E-6	1.042268610E-3	1.085400680E-3	1.067027850E-3	978.147783000E-6	1.063486040E-3	1.087391910E-3	1.131684130E-3	1.140474530E-3	1.090303450E-3	1.085629360E-3
1.111736960E-3	1.171518280E-3	1.107871640E-3	1.111865240E-3	1.154076950E-3	1.157060990E-3	1.121079530E-3	1.053801840E-3	1.083837520E-3	1.159927910E-3	1.143339960E-3	1.179773210E-3	1.266873890E-3	1.102148960E-3	1.127683480E-3	1.107670840E-3	1.068220080E-3	1.112573600E-3	1.049378760E-3	1.089984100E-3	1.119495480E-3	1.055770750E-3	1.101858930E-3	1.048737330E-3	1.067995200E-3	1.208128010E-3	1.069177660E-3	1.146846400E-3	1.040402580E-3	1.130760460E-3
1.080426930E-3	1.060726700E-3	1.122259250E-3	1.095380590E-3	1.209666490E-3	1.138300550E-3	1.111221100E-3	1.104159800E-3	1.107411570E-3	1.077292290E-3	1.233840000E-3	991.619701000E-6	1.093433990E-3	1.147888520E-3	1.185476250E-3	1.074581560E-3	1.068106530E-3	945.928196000E-6	1.040658940E-3	1.049828590E-3	1.075061860E-3	1.207949270E-3	1.176061870E-3	1.188756590E-3	1.041724270E-3	1.072579800E-3	1.058206210E-3	1.116241620E-3	1.091002770E-3	1.094851350E-3
1.115797570E-3	1.123070840E-3	1.139006200E-3	1.170469770E-3	1.082989800E-3	1.117476450E-3	1.146324090E-3	1.049434610E-3	1.228103690E-3	1.152478020E-3	1.118744300E-3	1.104214480E-3	1.067005870E-3	1.107672630E-3	1.144942590E-3	1.156404700E-3	931.825573000E-6	1.067753280E-3	1.116647100E-3	1.140764920E-3	995.544823000E-6	1.098926850E-3	953.868507000E-6	1.124154630E-3	1.089930080E-3	1.265827340E-3	1.049073680E-3	1.121137120E-3	1.097616100E-3	1.114577780E-3
1.084660270E-3	1.053603950E-3	1.145783950E-3	1.000782190E-3	1.126937120E-3	1.114426490E-3	1.097442590E-3	1.133630280E-3	1.198035220E-3	1.107722170E-3	1.076576660E-3	1.058577640E-3	1.202898920E-3	1.177252960E-3	1.124271010E-3	1.104821800E-3	1.240179820E-3	1.065928960E-3	1.105859240E-3	1.086739110E-3	1.111325320E-3	1.012857770E-3	1.120216070E-3	1.152878700E-3	1.121420840E-3	1.155634050E-3	1.005383740E-3	998.835391000E-6	1.093359540E-3	1.061131970E-3
1.077193000E-3	1.179269540E-3	1.157031460E-3	1.149635500E-3	1.143974180E-3	1.090127560E-3	1.095404020E-3	1.168599500E-3	1.167021030E-3	1.173887110E-3	1.133867480E-3	1.057013060E-3	1.006033360E-3	1.100301190E-3	1.086184170E-3	1.094835100E-3	1.102794400E-3	1.082307700E-3	1.153395120E-3	1.114385030E-3	1.173541590E-3	1.111456770E-3	1.156596690E-3	1.010166650E-3	1.066350310E-3	1.143511520E-3	1.102727750E-3	1.085872090E-3	997.282274000E-6	971.491221000E-6
1.076684540E-3	1.031332480E-3	1.123514680E-3	1.087482910E-3	1.160104210E-3	1.057653520E-3	1.047535620E-3	1.105512230E-3	1.094736200E-3	1.091674060E-3	998.638759000E-6	1.133740750E-3	1.114865960E-3	1.097168050E-3	1.134237160E-3	1.138900080E-3	1.077713190E-3	1.094245360E-3	1.113421340E-3	1.116081890E-3	1.152665730E-3	1.127956720E-3	1.216842240E-3	1.103325790E-3	1.069129180E-3	1.204515620E-3	1.146156610E-3	1.048413760E-3	1.063858290E-3	1.038608240E-3
1.078113440E-3	1.067722280E-3	1.139534510E-3	1.144353600E-3	1.158743940E-3	1.091672700E-3	1.123894780E-3	1.125372860E-3	1.090585060E-3	1.085626530E-3	1.059506400E-3	1.083886310E-3	1.083501450E-3	1.138502650E-3	1.124435820E-3	1.100998530E-3	1.121630260E-3	1.117787260E-3	1.113185700E-3	1.107987330E-3	1.110703640E-3	1.121546590E-3	1.140977760E-3	1.050391270E-3	1.113117440E-3	1.145495650E-3	1.152205560E-3	1.130564310E-3	1.097801230E-3	1.140944300E-3
1.148942780E-3	1.303387720E-3	1.271327420E-3	1.101477030E-3	1.142500600E-3	1.146198580E-3	1.130642530E-3	1.145906180E-3	1.105769550E-3	1.042307250E-3	1.242839850E-3	1.106901810E-3	1.035653140E-3	1.171686000E-3	1.142263990E-3	1.192072240E-3	1.179873960E-3	1.117036360E-3	1.163414370E-3	1.103627740E-3	1.113092980E-3	1.321138640E-3	1.106026120E-3	1.181307410E-3	1.139402670E-3	1.251764060E-3	1.115351920E-3	1.133278430E-3	1.193695330E-3	1.122307220E-3
952.613031000E-6	1.103734220E-3	1.056965520E-3	1.116607470E-3	1.059988610E-3	1.097252980E-3	1.041035720E-3	1.149487790E-3	1.074886550E-3	1.107811490E-3	1.031927390E-3	1.080123970E-3	1.037795090E-3	1.116047810E-3	1.109360210E-3	1.095215280E-3	1.147472310E-3	1.057850580E-3	1.183219490E-3	1.070902290E-3	1.132100300E-3	1.090753160E-3	1.063394770E-3	1.114240650E-3	1.123750550E-3	1.122439800E-3	1.062485610E-3	1.077818580E-3	1.038724810E-3	1.149469110E-3
849.637684000E-6	969.819502000E-6	985.554078000E-6	1.017971430E-3	963.394039000E-6	992.018585000E-6	948.869815000E-6	1.009019290E-3	959.473754000E-6	979.146174000E-6	1.063112320E-3	1.025094970E-3	999.610622000E-6	981.784409000E-6	940.900134000E-6	1.005193860E-3	930.960737000E-6	976.468895000E-6	892.815095000E-6	948.720018000E-6	1.140569340E-3	910.680352000E-6	970.065737000E-6	978.125461000E-6	962.686488000E-6	837.300609000E-6	994.735744000E-6	805.268086000E-6	1.057082870E-3	976.150968000E-6
991.648337000E-6	870.646771000E-6	880.212435000E-6	933.623977000E-6	950.953725000E-6	930.868620000E-6	1.014170770E-3	862.436476000E-6	835.223139000E-6	900.916659000E-6	834.955412000E-6	888.054606000E-6	965.673134000E-6	834.286094000E-6	829.522784000E-6	805.622569000E-6	793.747760000E-6	855.386331000E-6	846.367276000E-6	946.251769000E-6	861.276325000E-6	876.157486000E-6	768.386201000E-6	747.341741000E-6	801.400291000E-6	825.439947000E-6	816.292011000E-6	780.076379000E-6	800.702501000E-6	768.067715000E-6
812.644467000E-6	705.492348000E-6	766.701413000E-6	803.257292000E-6	745.690429000E-6	596.237458000E-6	867.757167000E-6	739.566175000E-6	741.055406000E-6	761.748466000E-6	805.677990000E-6	872.938799000E-6	835.501652000E-6	782.859848000E-6	963.084681000E-6	751.859303000E-6	758.396302000E-6	705.347159000E-6	765.619165000E-6	602.897019000E-6	720.144645000E-6	746.889441000E-6	767.370545000E-6	697.633279000E-6	748.947592000E-6	753.504526000E-6	776.501146000E-6	1.053559390E-3	1.103496020E-3	976.593498000E-6
709.175273000E-6	684.862265000E-6	768.621944000E-6	753.461871000E-6	705.577684000E-6	739.461952000E-6	811.826476000E-6	735.981494000E-6	805.747083000E-6	727.141135000E-6	751.125069000E-6	723.298128000E-6	832.079211000E-6	716.638403000E-6	677.393995000E-6	752.921075000E-6	700.663988000E-6	638.339227000E-6	917.283529000E-6	781.863547000E-6	801.658659000E-6	799.399707000E-6	784.490625000E-6	705.204202000E-6	661.854637000E-6	779.682683000E-6	904.694753000E-6	731.313224000E-6	866.331615000E-6	694.238525000E-6
544.347837000E-6	626.301515000E-6	600.599709000E-6	936.597282000E-6	672.668511000E-6	790.479612000E-6	708.733589000E-6	745.328544000E-6	885.561794000E-6	804.345647000E-6	664.508411000E-6	814.413304000E-6	742.935733000E-6	739.427391000E-6	1.137961560E-3	930.406091000E-6	765.475012000E-6	703.250760000E-6	682.117048000E-6	718.544674000E-6	792.582386000E-6	749.020948000E-6	726.230674000E-6	732.460908000E-6	740.682362000E-6	722.092058000E-6	818.140476000E-6	725.021479000E-6	781.143872000E-6	746.300243000E-6
660.971285000E-6	627.527748000E-6	613.455359000E-6	498.890605000E-6	601.524784000E-6	747.039870000E-6	710.305523000E-6	710.868865000E-6	827.608899000E-6	541.381077000E-6	701.520738000E-6	500.457922000E-6	747.843050000E-6	688.675430000E-6	697.292982000E-6	643.875903000E-6	613.472176000E-6	649.012912000E-6	780.857217000E-6	749.901303000E-6	617.069755000E-6	674.882016000E-6	732.231333000E-6	730.083940000E-6	710.841075000E-6	759.868550000E-6	707.550266000E-6	668.992026000E-6	776.227774000E-6	666.024720000E-6
652.755862000E-6	739.761549000E-6	799.380998000E-6	704.455055000E-6	792.749178000E-6	777.973996000E-6	761.547831000E-6	682.440090000E-6	513.788833000E-6	705.665404000E-6	750.208479000E-6	788.934069000E-6	796.419269000E-6	894.474271000E-6	939.179097000E-6	774.119843000E-6	666.699975000E-6	733.916177000E-6	790.490232000E-6	922.524248000E-6	723.541757000E-6	860.495256000E-6	598.429598000E-6	931.207509000E-6	609.132359000E-6	727.952789000E-6	945.759568000E-6	655.108832000E-6	715.882780000E-6	685.724489000E-6
475.442704000E-6	524.269429000E-6	480.797246000E-6	739.728367000E-6	841.012864000E-6	525.463046000E-6	616.373119000E-6	629.168242000E-6	569.331242000E-6	668.228506000E-6	754.999965000E-6	728.640004000E-6	694.036280000E-6	652.912286000E-6	669.840446000E-6	666.477125000E-6	727.602562000E-6	540.851840000E-6	644.082948000E-6	543.233495000E-6	567.909010000E-6	629.285448000E-6	359.288243000E-6	559.308277000E-6	719.788364000E-6	651.947432000E-6	631.416110000E-6	654.546616000E-6	610.237780000E-6	679.277907000E-6
698.855380000E-6	639.631920000E-6	670.258782000E-6	693.216379000E-6	637.635122000E-6	773.400638000E-6	609.445692000E-6	598.870473000E-6	656.554502000E-6	849.234332000E-6	652.131428000E-6	579.711331000E-6	559.548133000E-6	556.168079000E-6	557.166478000E-6	690.879437000E-6	616.339747000E-6	604.280872000E-6	604.186052000E-6	705.537496000E-6	614.303905000E-6	612.044958000E-6	726.197105000E-6	772.257323000E-6	590.280975000E-6	639.659894000E-6	530.354723000E-6	679.467569000E-6	729.398675000E-6	810.798872000E-6
582.243796000E-6	604.855589000E-6	779.898985000E-6	485.360012000E-6	487.440475000E-6	429.031323000E-6	439.383824000E-6	590.393257000E-6	400.334661000E-6	462.999616000E-6	483.854468000E-6	556.202231000E-6	822.663546000E-6	483.196305000E-6	732.132627000E-6	510.242354000E-6	444.057899000E-6	751.297450000E-6	468.030660000E-6	494.446435000E-6	577.229991000E-6	653.788884000E-6	729.209936000E-6	561.757576000E-6	597.237040000E-6	586.310413000E-6	628.365933000E-6	627.021718000E-6	602.976447000E-6	613.099891000E-6
706.938761000E-6	686.418556000E-6	393.173175000E-6	677.572390000E-6	427.994496000E-6	662.390005000E-6	726.494031000E-6	694.584248000E-6	599.267647000E-6	361.664984000E-6	553.229656000E-6	405.075898000E-6	608.297875000E-6	729.031865000E-6	509.891251000E-6	620.657966000E-6	572.974566000E-6	571.574574000E-6	564.931583000E-6	480.050780000E-6	566.950695000E-6	602.760093000E-6	505.084007000E-6	636.627680000E-6	456.340785000E-6	473.118404000E-6	437.610982000E-6	567.782550000E-6	762.560222000E-6	584.024713000E-6
862.001926000E-6	956.080144000E-6	807.870835000E-6	961.769347000E-6	723.464262000E-6	769.262344000E-6	841.766213000E-6	1.049126500E-3	953.218810000E-6	951.724000000E-6	907.621523000E-6	922.234966000E-6	973.611764000E-6	919.614478000E-6	944.055766000E-6	1.083502740E-3	1.026744510E-3	1.030057640E-3	892.652089000E-6	964.843689000E-6	946.727463000E-6	806.917941000E-6	927.490128000E-6	1.002961390E-3	1.089476410E-3	933.285312000E-6	1.056105290E-3	1.018974840E-3	953.917061000E-6	980.187820000E-6
843.022896000E-6	974.064465000E-6	1.027080130E-3	938.339546000E-6	945.724852000E-6	874.001671000E-6	888.453399000E-6	743.066011000E-6	844.244834000E-6	993.224238000E-6	948.307310000E-6	1.021865540E-3	915.627777000E-6	677.483839000E-6	951.291360000E-6	941.006148000E-6	820.701515000E-6	861.351530000E-6	809.646585000E-6	1.023064740E-3	834.350059000E-6	770.374254000E-6	950.778215000E-6	894.025485000E-6	859.533211000E-6	1.039624820E-3	727.376042000E-6	715.071716000E-6	864.034386000E-6	596.739649000E-6
892.064004000E-6	838.072012000E-6	898.277034000E-6	1.012060840E-3	778.396865000E-6	1.042626300E-3	955.113162000E-6	1.197344390E-3	996.421148000E-6	518.523566000E-6	872.982446000E-6	1.048181630E-3	904.206063000E-6	889.542453000E-6	1.057189510E-3	1.008028210E-3	770.392955000E-6	863.706835000E-6	883.931349000E-6	958.799981000E-6	805.169526000E-6	919.907113000E-6	792.999121000E-6	1.060078730E-3	721.014128000E-6	858.151508000E-6	963.929369000E-6	706.537173000E-6	682.413801000E-6	814.989161000E-6
661.452801000E-6	713.536961000E-6	839.658939000E-6	682.290927000E-6	740.443578000E-6	800.096618000E-6	837.511541000E-6	715.288345000E-6	791.936506000E-6	857.518596000E-6	668.073480000E-6	786.319806000E-6	759.151039000E-6	728.362373000E-6	890.459743000E-6	748.642318000E-6	670.755960000E-6	967.609850000E-6	910.383122000E-6	890.950577000E-6	986.702159000E-6	1.238756330E-3	884.993642000E-6	1.166430900E-3	891.642206000E-6	1.131559410E-3	1.449803600E-3	1.201598000E-3	1.206417100E-3	1.235314920E-3
536.106435000E-6	1.098312270E-3	516.484227000E-6	598.877409000E-6	544.115943000E-6	563.141341000E-6	601.822414000E-6	611.488499000E-6	606.362629000E-6	600.846323000E-6	655.908984000E-6	624.467714000E-6	603.043921000E-6	624.428670000E-6	435.000179000E-6	428.111768000E-6	661.269115000E-6	681.555065000E-6	686.468983000E-6	573.856026000E-6	686.357430000E-6	824.677822000E-6	738.859944000E-6	699.392422000E-6	654.642855000E-6	722.522978000E-6	756.373797000E-6	496.940094000E-6	633.129757000E-6	649.806959000E-6
717.626560000E-6	672.497664000E-6	641.814923000E-6	788.730647000E-6	737.890221000E-6	592.329870000E-6	624.167188000E-6	602.135407000E-6	713.181160000E-6	687.836246000E-6	625.254833000E-6	714.709441000E-6	844.808502000E-6	994.842141000E-6	824.260380000E-6	874.386865000E-6	883.048980000E-6	890.538143000E-6	829.183930000E-6	791.808059000E-6	787.418444000E-6	838.381484000E-6	800.492469000E-6	816.500341000E-6	946.593584000E-6	930.050257000E-6	871.284076000E-6	834.465970000E-6	805.607179000E-6	943.486830000E-6
869.436940000E-6	836.528807000E-6	774.784224000E-6	528.720626000E-6	577.407931000E-6	1.030324250E-3	910.577373000E-6	948.070322000E-6	892.422130000E-6	940.969977000E-6	772.686763000E-6	921.676893000E-6	801.640333000E-6	897.140820000E-6	849.067073000E-6	832.367595000E-6	745.914053000E-6	780.138500000E-6	835.100642000E-6	826.890345000E-6	925.051370000E-6	876.966467000E-6	1.249787610E-3	884.507447000E-6	646.291684000E-6	566.910600000E-6	793.781427000E-6	939.609031000E-6	946.252009000E-6	871.662124000E-6
873.356989000E-6	775.714768000E-6	807.970279000E-6	935.346915000E-6	861.242348000E-6	804.344811000E-6	830.202764000E-6	1.002167080E-3	929.094377000E-6	821.841877000E-6	942.519764000E-6	802.353592000E-6	791.577585000E-6	1.043229690E-3	895.265971000E-6	1.288093800E-3	872.609585000E-6	1.248051900E-3	851.916529000E-6	925.987630000E-6	906.571854000E-6	889.811036000E-6	930.393968000E-6	666.120372000E-6	962.745330000E-6	860.412201000E-6	826.890530000E-6	806.621353000E-6	813.342420000E-6	836.735081000E-6
839.270328000E-6	849.683836000E-6	893.016747000E-6	801.431421000E-6	777.876925000E-6	889.357796000E-6	838.467143000E-6	831.037688000E-6	849.488617000E-6	828.840087000E-6	763.787733000E-6	869.122012000E-6	809.602706000E-6	821.640608000E-6	1.270665980E-3	762.723597000E-6	758.808068000E-6	652.982786000E-6	687.480724000E-6	620.113531000E-6	582.564604000E-6	839.662085000E-6	843.237377000E-6	477.542509000E-6	768.167411000E-6	844.910680000E-6	895.745636000E-6	1.089542050E-3	541.585405000E-6	577.879355000E-6
1.137362130E-3	1.175117330E-3	710.721077000E-6	791.205814000E-6	883.304082000E-6	824.454226000E-6	976.255732000E-6	635.198754000E-6	816.517220000E-6	815.200893000E-6	821.302850000E-6	791.679915000E-6	799.477479000E-6	999.904997000E-6	755.664985000E-6	891.196467000E-6	982.028607000E-6	758.280906000E-6	757.109598000E-6	864.089055000E-6	1.124208660E-3	663.795400000E-6	812.785768000E-6	1.037621110E-3	988.666018000E-6	828.453406000E-6	949.482980000E-6	880.269837000E-6	744.951576000E-6	1.019796660E-3
1.157350270E-3	915.447471000E-6	608.453460000E-6	1.070790680E-3	735.082912000E-6	717.050361000E-6	756.004688000E-6	857.774541000E-6	590.705369000E-6	991.571277000E-6	865.215130000E-6	813.995544000E-6	803.319917000E-6	888.652427000E-6	730.023981000E-6	1.041496850E-3	745.312328000E-6	746.584032000E-6	642.532919000E-6	645.511386000E-6	631.366458000E-6	786.218833000E-6	752.029689000E-6	778.116436000E-6	570.058314000E-6	706.069716000E-6	961.192190000E-6	1.084676150E-3	640.063608000E-6	693.268971000E-6
834.980948000E-6	1.074380040E-3	886.418202000E-6	1.051405620E-3	862.188812000E-6	656.205533000E-6	811.694184000E-6	820.133196000E-6	728.135139000E-6	916.894580000E-6	948.804419000E-6	843.453426000E-6	521.688913000E-6	1.046129150E-3	906.894643000E-6	937.504913000E-6	917.302581000E-6	773.811363000E-6	808.192140000E-6	694.547051000E-6	536.063049000E-6	709.534259000E-6	776.756375000E-6	1.074514870E-3	1.182983880E-3	865.826236000E-6	709.244220000E-6	745.699891000E-6	1.011119040E-3	670.886562000E-6
1.051473990E-3	1.016890320E-3	1.063893190E-3	1.049453090E-3	1.043801120E-3	1.026221230E-3	994.588341000E-6	1.004918800E-3	1.044475960E-3	974.332096000E-6	1.018621660E-3	1.014513220E-3	1.055317090E-3	1.068654060E-3	1.013628770E-3	1.056717060E-3	1.060863060E-3	1.030486560E-3	1.053934690E-3	1.018107950E-3	1.014450220E-3	831.616376000E-6	1.027766590E-3	1.034405390E-3	1.052591670E-3	1.052069480E-3	997.040559000E-6	1.037399180E-3	1.010021320E-3	1.009155660E-3
944.664142000E-6	944.703186000E-6	938.517563000E-6	934.211611000E-6	977.483084000E-6	980.322112000E-6	944.145420000E-6	996.435966000E-6	977.594637000E-6	964.704668000E-6	961.703888000E-6	965.455566000E-6	907.765971000E-6	963.006979000E-6	967.318500000E-6	935.252612000E-6	978.501681000E-6	988.145431000E-6	961.160779000E-6	1.005876770E-3	961.177511000E-6	1.002613850E-3	995.942980000E-6	994.520681000E-6	1.009452040E-3	971.066678000E-6	1.022581820E-3	997.487988000E-6	1.005781950E-3	958.405421000E-6
1.049950410E-3	1.056106390E-3	1.075200100E-3	1.008083460E-3	984.828012000E-6	1.071871670E-3	1.036717060E-3	1.083769520E-3	1.024432970E-3	1.025233210E-3	973.957216000E-6	1.004202810E-3	1.001449520E-3	1.016691650E-3	957.063109000E-6	891.259809000E-6	1.009142970E-3	1.055374600E-3	1.035755680E-3	1.033774160E-3	1.001912340E-3	1.043029930E-3	1.047979190E-3	1.017285920E-3	1.039618160E-3	1.005131470E-3	1.014143120E-3	1.024305750E-3	1.028482630E-3	1.037888640E-3
980.235155000E-6	1.033666000E-3	1.017709620E-3	1.016373860E-3	1.015737790E-3	999.528801000E-6	1.037822290E-3	1.033905890E-3	912.607136000E-6	949.000275000E-6	995.574842000E-6	984.012224000E-6	1.024697350E-3	952.776739000E-6	958.485051000E-6	958.627410000E-6	957.957412000E-6	949.390401000E-6	993.367968000E-6	929.312263000E-6	928.575023000E-6	964.851245000E-6	1.036491980E-3	971.605142000E-6	970.988453000E-6	1.012922100E-3	1.000397500E-3	1.002041600E-3	998.977537000E-6	1.012257560E-3
1.004237930E-3	1.014886410E-3	979.044562000E-6	1.024381470E-3	1.017804470E-3	991.651543000E-6	1.009806900E-3	992.436034000E-6	1.014562920E-3	979.451649000E-6	997.798438000E-6	1.003820350E-3	1.027310440E-3	1.006739820E-3	1.006421780E-3	1.017482190E-3	1.011824170E-3	1.022208520E-3	1.034939080E-3	992.771009000E-6	965.639763000E-6	972.288854000E-6	1.079553290E-3	991.862962000E-6	999.532193000E-6	982.565987000E-6	1.017036940E-3	936.190763000E-6	1.059228620E-3	1.029070850E-3
959.102225000E-6	1.015362750E-3	1.002052430E-3	942.621220000E-6	948.500976000E-6	1.004143600E-3	1.000819050E-3	1.018650350E-3	970.845986000E-6	1.052304170E-3	976.702116000E-6	957.402391000E-6	985.340620000E-6	980.157518000E-6	926.272276000E-6	998.975038000E-6	886.938006000E-6	985.417555000E-6	969.449044000E-6	1.055025960E-3	1.016199950E-3	959.844918000E-6	948.483408000E-6	960.785704000E-6	955.778885000E-6	975.475400000E-6	988.871139000E-6	961.618053000E-6	966.775107000E-6	1.019262800E-3
977.713144000E-6	948.605215000E-6	975.626218000E-6	1.033225990E-3	922.717029000E-6	987.104616000E-6	953.643522000E-6	988.092044000E-6	959.290036000E-6	953.763467000E-6	958.681223000E-6	975.961216000E-6	931.494236000E-6	1.012818340E-3	974.850208000E-6	990.007533000E-6	976.327110000E-6	996.644505000E-6	995.696452000E-6	939.678986000E-6	1.055768430E-3	984.944995000E-6	952.081205000E-6	917.713252000E-6	1.010467290E-3	1.023490440E-3	955.362132000E-6	996.427028000E-6	1.019492870E-3	956.794811000E-6
982.129069000E-6	1.000100270E-3	1.004435260E-3	975.961578000E-6	1.065618270E-3	991.409686000E-6	1.018910480E-3	1.005878850E-3	971.693827000E-6	1.009113730E-3	1.026004210E-3	1.042808070E-3	998.735436000E-6	1.026920160E-3	1.001729830E-3	1.028357690E-3	1.024099630E-3	1.038717210E-3	1.003858550E-3	1.035863360E-3	998.631847000E-6	1.003479330E-3	1.010196880E-3	1.004052410E-3	1.043810640E-3	1.045558930E-3	999.481763000E-6	952.003412000E-6	957.661438000E-6	1.012033610E-3
914.874018000E-6	995.203428000E-6	951.265293000E-6	980.730031000E-6	928.307889000E-6	929.424955000E-6	994.123314000E-6	1.002497680E-3	1.002905970E-3	1.032424630E-3	1.001124970E-3	1.028688150E-3	956.284821000E-6	965.874385000E-6	995.253708000E-6	972.894213000E-6	980.903286000E-6	991.064104000E-6	963.515461000E-6	980.979614000E-6	996.282329000E-6	980.894199000E-6	1.001664120E-3	958.835173000E-6	933.470382000E-6	1.025366630E-3	973.179537000E-6	963.672965000E-6	971.361579000E-6	983.579640000E-6
966.856073000E-6	1.024075480E-3	1.007607820E-3	1.052633380E-3	1.013999460E-3	1.042675490E-3	1.035722290E-3	1.021760170E-3	996.464411000E-6	998.925109000E-6	1.019917370E-3	1.019277660E-3	994.189689000E-6	984.602539000E-6	929.940760000E-6	970.939669000E-6	988.443820000E-6	975.798669000E-6	964.887879000E-6	1.014311440E-3	993.715965000E-6	990.166672000E-6	999.539374000E-6	979.369164000E-6	966.438082000E-6	1.095093440E-3	1.049054410E-3	978.135786000E-6	989.807442000E-6	990.289646000E-6
1.049139420E-3	992.548881000E-6	1.015471760E-3	1.010498270E-3	1.013951240E-3	1.029813090E-3	1.007254290E-3	1.000913550E-3	1.025036480E-3	1.017144930E-3	1.020533690E-3	997.126187000E-6	1.022921080E-3	989.530865000E-6	974.273583000E-6	1.020161130E-3	1.018590330E-3	1.040096280E-3	981.888897000E-6	1.001896130E-3	1.015017420E-3	1.019752230E-3	1.021959100E-3	1.045484120E-3	1.025250320E-3	1.035598330E-3	1.008331980E-3	1.006271710E-3	993.982773000E-6	1.041009200E-3
1.286197520E-3	997.698537000E-6	1.006948270E-3	1.030750760E-3	1.025932960E-3	1.025293250E-3	1.019005200E-3	1.186721590E-3	1.026082590E-3	979.107605000E-6	990.985229000E-6	960.985550000E-6	972.720815000E-6	956.242255000E-6	1.008757140E-3	972.914666000E-6	952.265883000E-6	964.891045000E-6	988.849837000E-6	985.425335000E-6	952.166534000E-6	934.931954000E-6	944.976473000E-6	972.136838000E-6	950.447316000E-6	956.680843000E-6	1.013520430E-3	989.892393000E-6	963.798815000E-6	1.004094410E-3
997.269761000E-6	1.030507930E-3	1.000991090E-3	1.007625040E-3	989.081376000E-6	1.045691300E-3	1.009147370E-3	998.935062000E-6	1.024494310E-3	1.040275590E-3	994.102721000E-6	985.081383000E-6	999.308831000E-6	966.774584000E-6	1.023452970E-3	1.063047020E-3	1.018729060E-3	1.018348020E-3	1.025316360E-3	1.008275010E-3	935.806782000E-6	1.044513670E-3	1.028671790E-3	1.001621680E-3	1.026736310E-3	1.049364190E-3	1.015640750E-3	1.013134620E-3	1.030795670E-3	1.020680880E-3
998.013446000E-6	1.033076810E-3	1.003293460E-3	1.017681430E-3	1.007274670E-3	1.022341720E-3	1.036014860E-3	1.004901810E-3	1.025117420E-3	1.023631430E-3	1.018419270E-3	1.025264630E-3	964.247062000E-6	1.001478530E-3	963.538901000E-6	1.015221940E-3	1.004324500E-3	1.002401140E-3	1.028191770E-3	1.022020650E-3	1.007787140E-3	1.012258440E-3	1.027114080E-3	1.038905670E-3	1.010491970E-3	1.025920080E-3	1.022167250E-3	1.003991910E-3	972.597754000E-6	1.005321000E-3
976.201052000E-6	986.366109000E-6	972.339178000E-6	986.836198000E-6	996.294305000E-6	1.032619540E-3	949.104328000E-6	1.028946680E-3	1.017003640E-3	1.004663210E-3	964.090215000E-6	960.855934000E-6	1.004031990E-3	940.167800000E-6	1.004806780E-3	913.570849000E-6	969.802760000E-6	1.035252280E-3	948.120534000E-6	995.083949000E-6	1.013332590E-3	947.251840000E-6	996.209495000E-6	1.006562950E-3	954.845793000E-6	1.040552780E-3	1.026276860E-3	1.089111240E-3	1.055369660E-3	1.032199620E-3
1.016349400E-3	1.006943970E-3	1.009520380E-3	1.022198260E-3	999.366808000E-6	1.013497360E-3	1.040972160E-3	1.018025000E-3	1.013133890E-3	1.015189320E-3	1.012903090E-3	1.021470110E-3	1.035917490E-3	1.013797830E-3	1.036337300E-3	1.019028180E-3	1.024651690E-3	1.023209920E-3	1.003190530E-3	1.034579910E-3	1.025983810E-3	1.015268680E-3	1.030510240E-3	1.053302320E-3	1.002375750E-3	1.027429820E-3	1.028192510E-3	1.055317160E-3	1.048992160E-3	1.002426030E-3
1.001826510E-3	1.008212700E-3	981.483029000E-6	996.731252000E-6	826.698101000E-6	937.275368000E-6	900.752798000E-6	892.313787000E-6	853.342621000E-6	947.594054000E-6	961.097588000E-6	1.100974340E-3	900.741643000E-6	1.000197040E-3	933.058651000E-6	976.670437000E-6	949.540660000E-6	865.713888000E-6	929.394123000E-6	924.022829000E-6	929.531797000E-6	917.796406000E-6	869.488316000E-6	936.648888000E-6	919.475281000E-6	918.621900000E-6	919.358150000E-6	1.003552890E-3	855.471663000E-6	930.597130000E-6
1.096377190E-3	1.109647510E-3	912.852978000E-6	991.001396000E-6	884.953586000E-6	911.531075000E-6	975.763263000E-6	962.415953000E-6	921.135784000E-6	899.522401000E-6	834.191417000E-6	902.283336000E-6	899.511245000E-6	889.326461000E-6	991.006973000E-6	922.825811000E-6	852.134708000E-6	792.912503000E-6	829.607903000E-6	963.393566000E-6	946.431913000E-6	949.895638000E-6	939.387333000E-6	847.936081000E-6	754.990018000E-6	884.029095000E-6	1.038691920E-3	1.058263920E-3	1.150289670E-3	660.577031000E-6
672.357356000E-6	800.816417000E-6	788.724052000E-6	716.560302000E-6	805.629936000E-6	708.522896000E-6	701.026522000E-6	712.901358000E-6	804.782132000E-6	832.609072000E-6	751.119476000E-6	787.853002000E-6	761.660347000E-6	698.326106000E-6	788.215549000E-6	757.867543000E-6	747.889124000E-6	727.770532000E-6	738.607910000E-6	769.312886000E-6	814.581111000E-6	793.140616000E-6	704.310927000E-6	891.379805000E-6	686.066426000E-6	798.824244000E-6	728.512360000E-6	800.006706000E-6	786.670540000E-6	789.777292000E-6
1.017500140E-3	1.047563810E-3	1.006559710E-3	1.096571990E-3	955.713766000E-6	1.096956850E-3	1.104129720E-3	1.094391130E-3	723.521361000E-6	713.855276000E-6	695.744614000E-6	668.291372000E-6	749.769828000E-6	744.309299000E-6	670.271441000E-6	706.130217000E-6	765.470941000E-6	877.539125000E-6	817.358650000E-6	752.084557000E-6	808.558364000E-6	737.616107000E-6	762.302830000E-6	792.701077000E-6	756.658238000E-6	699.470491000E-6	711.189155000E-6	810.248395000E-6	759.351767000E-6	826.529060000E-6
701.078187000E-6	723.478112000E-6	689.058307000E-6	708.925969000E-6	745.281226000E-6	650.287919000E-6	691.294953000E-6	804.856325000E-6	744.020672000E-6	689.945157000E-6	697.636764000E-6	657.326939000E-6	723.517156000E-6	761.383961000E-6	804.421267000E-6	630.944558000E-6	718.240679000E-6	723.321937000E-6	726.149816000E-6	691.155511000E-6	736.775278000E-6	829.604449000E-6	787.794231000E-6	759.130582000E-6	725.993322000E-6	780.593114000E-6	790.381922000E-6	785.674370000E-6	756.726273000E-6	738.983710000E-6
792.273855000E-6	839.572546000E-6	771.608566000E-6	754.100242000E-6	791.210050000E-6	833.880895000E-6	875.687892000E-6	868.953387000E-6	825.991160000E-6	818.990922000E-6	787.577161000E-6	838.052326000E-6	779.623686000E-6	798.743959000E-6	881.605912000E-6	803.998130000E-6	820.784443000E-6	863.088028000E-6	831.523960000E-6	820.778603000E-6	816.314577000E-6	887.649340000E-6	866.971491000E-6	880.664039000E-6	801.616462000E-6	843.531870000E-6	874.620127000E-6	876.479885000E-6	818.421496000E-6	819.732413000E-6
542.646996000E-6	746.721662000E-6	862.938496000E-6	806.102277000E-6	852.020757000E-6	819.033411000E-6	837.405619000E-6	862.470525000E-6	810.218047000E-6	842.864546000E-6	778.459460000E-6	803.307876000E-6	783.802845000E-6	729.264616000E-6	800.229015000E-6	763.042845000E-6	761.358395000E-6	780.383748000E-6	694.839381000E-6	722.125229000E-6	755.652463000E-6	753.276385000E-6	751.820620000E-6	783.406833000E-6	730.854246000E-6	766.222103000E-6	763.132087000E-6	688.229870000E-6	759.383908000E-6	767.521695000E-6
743.490067000E-6	758.131438000E-6	694.267173000E-6	814.005769000E-6	731.651255000E-6	703.785142000E-6	745.969171000E-6	742.460808000E-6	777.343648000E-6	833.966335000E-6	832.757793000E-6	833.563488000E-6	823.455961000E-6	702.827757000E-6	753.354026000E-6	885.059894000E-6	751.809007000E-6	852.469483000E-6	765.457602000E-6	747.140485000E-6	777.728508000E-6	728.304644000E-6	718.722182000E-6	776.495840000E-6	768.017759000E-6	800.613748000E-6	748.083114000E-6	799.542833000E-6	774.381897000E-6	758.197152000E-6
663.265636000E-6	570.241460000E-6	633.358235000E-6	670.020179000E-6	683.147983000E-6	698.631515000E-6	624.393109000E-6	663.592773000E-6	658.450187000E-6	747.737070000E-6	674.848453000E-6	676.934491000E-6	809.738131000E-6	729.096592000E-6	764.007050000E-6	657.635852000E-6	643.089363000E-6	665.795941000E-6	602.076966000E-6	673.972763000E-6	652.376136000E-6	624.699879000E-6	688.591761000E-6	666.130599000E-6	698.525540000E-6	612.507155000E-6	712.413867000E-6	655.354596000E-6	837.715580000E-6	665.554821000E-6
690.423739000E-6	662.144995000E-6	789.555520000E-6	752.765264000E-6	773.781893000E-6	770.680713000E-6	796.650305000E-6	756.552496000E-6	881.241122000E-6	927.095079000E-6	816.529092000E-6	679.898692000E-6	944.324475000E-6	944.664713000E-6	857.731278000E-6	734.425912000E-6	784.106144000E-6	759.631365000E-6	781.222493000E-6	675.486761000E-6	730.594058000E-6	793.632791000E-6	656.706491000E-6	858.874328000E-6	816.578938000E-6	737.309245000E-6	615.682807000E-6	802.037980000E-6	875.334000000E-6	791.468316000E-6
753.431287000E-6	745.722992000E-6	762.087780000E-6	852.590522000E-6	831.674382000E-6	772.690868000E-6	763.069444000E-6	740.496746000E-6	778.876468000E-6	813.357421000E-6	849.238362000E-6	755.690230000E-6	769.695677000E-6	857.141557000E-6	793.405920000E-6	792.005934000E-6	759.516209000E-6	844.062003000E-6	802.034522000E-6	781.079346000E-6	810.211335000E-6	664.289243000E-6	848.451602000E-6	805.771537000E-6	808.454380000E-6	803.233713000E-6	821.104456000E-6	775.429202000E-6	881.984344000E-6	795.302316000E-6
793.565355000E-6	756.630103000E-6	725.886051000E-6	744.007863000E-6	886.940930000E-6	827.254410000E-6	735.619065000E-6	757.885076000E-6	799.360542000E-6	732.450955000E-6	924.421303000E-6	921.503846000E-6	831.337256000E-6	732.160917000E-6	812.417839000E-6	835.949979000E-6	800.961330000E-6	945.272078000E-6	679.809018000E-6	715.957820000E-6	605.843694000E-6	874.502752000E-6	888.431760000E-6	945.612918000E-6	938.417416000E-6	711.713222000E-6	753.846852000E-6	830.076705000E-6	703.157879000E-6	800.237127000E-6
889.105088000E-6	722.461392000E-6	815.256892000E-6	736.684420000E-6	730.275691000E-6	860.302061000E-6	812.126704000E-6	808.870474000E-6	857.329169000E-6	839.715946000E-6	954.129428000E-6	944.976010000E-6	951.074439000E-6	784.853077000E-6	965.197691000E-6	954.012492000E-6	975.014424000E-6	930.606203000E-6	966.316575000E-6	958.869670000E-6	944.172740000E-6	795.249832000E-6	724.251820000E-6	921.963073000E-6	723.476525000E-6	860.062221000E-6	824.415407000E-6	777.194952000E-6	945.310402000E-6	889.651557000E-6
820.074559000E-6	967.090219000E-6	817.147087000E-6	879.426317000E-6	904.174344000E-6	784.366453000E-6	943.418679000E-6	827.503987000E-6	877.719557000E-6	871.946690000E-6	987.890141000E-6	1.004050620E-3	983.929529000E-6	939.452971000E-6	889.187202000E-6	886.521086000E-6	887.586417000E-6	918.107310000E-6	925.793309000E-6	915.167889000E-6	894.653298000E-6	808.010105000E-6	816.715194000E-6	958.043273000E-6	756.065464000E-6	813.765835000E-6	1.322179400E-3	844.872365000E-6	817.816509000E-6	828.061341000E-6
928.999976000E-6	1.013313410E-3	736.941842000E-6	923.474114000E-6	819.501042000E-6	824.665951000E-6	906.438113000E-6	822.958492000E-6	906.300600000E-6	840.666198000E-6	970.694959000E-6	954.849436000E-6	912.555332000E-6	864.384434000E-6	853.654233000E-6	943.311651000E-6	846.699819000E-6	894.940916000E-6	864.896394000E-6	796.067687000E-6	904.435993000E-6	1.002267880E-3	836.466290000E-6	929.419785000E-6	994.249704000E-6	991.072966000E-6	999.904103000E-6	995.718733000E-6	995.612115000E-6	702.933062000E-6
750.245953000E-6	709.512193000E-6	938.682125000E-6	780.577350000E-6	821.104736000E-6	933.401084000E-6	938.850728000E-6	937.236310000E-6	950.125603000E-6	945.115759000E-6	952.385787000E-6	946.862843000E-6	944.597812000E-6	944.127723000E-6	944.616592000E-6	927.397147000E-6	974.114698000E-6	930.845276000E-6	943.899342000E-6	949.013381000E-6	959.474080000E-6	946.616895000E-6	942.177700000E-6	937.929934000E-6	936.370643000E-6	851.597622000E-6	856.862945000E-6	546.365030000E-6	856.115537000E-6	824.824790000E-6
853.882565000E-6	839.916102000E-6	714.602797000E-6	852.214844000E-6	822.859616000E-6	798.563325000E-6	836.508152000E-6	813.974402000E-6	812.886758000E-6	857.178963000E-6	1.517774800E-3	831.270728000E-6	856.013231000E-6	790.068548000E-6	798.395995000E-6	832.732075000E-6	839.393300000E-6	822.967060000E-6	650.605877000E-6	751.857335000E-6	801.453983000E-6	824.874623000E-6	842.594883000E-6	736.223124000E-6	782.339306000E-6	769.477197000E-6	711.681372000E-6	781.313014000E-6	830.558270000E-6	789.356016000E-6
753.810042000E-6	832.460833000E-6	915.478942000E-6	856.310969000E-6	832.449677000E-6	770.833105000E-6	846.254422000E-6	861.961154000E-6	917.174555000E-6	866.808153000E-6	842.656822000E-6	874.142795000E-6	950.462118000E-6	957.698825000E-6	958.301581000E-6	950.954014000E-6	957.021557000E-6	926.125915000E-6	864.961943000E-6	845.210416000E-6	837.312438000E-6	778.155689000E-6	897.991890000E-6	821.962695000E-6	807.812151000E-6	834.841531000E-6	861.580872000E-6	751.064955000E-6	722.535182000E-6	879.981600000E-6
774.435544000E-6	938.513842000E-6	887.991313000E-6	916.805553000E-6	857.091025000E-6	867.643976000E-6	858.223292000E-6	869.205723000E-6	842.801037000E-6	878.219237000E-6	859.511734000E-6	852.338851000E-6	843.364381000E-6	853.002594000E-6	868.290985000E-6	803.489623000E-6	800.148599000E-6	815.007510000E-6	787.515532000E-6	784.531478000E-6	828.706639000E-6	877.879394000E-6	848.903389000E-6	833.447660000E-6	795.988016000E-6	849.455578000E-6	827.273177000E-6	827.524172000E-6	850.359161000E-6	778.764165000E-6
865.630947000E-6	743.312586000E-6	812.927518000E-6	791.141129000E-6	806.697258000E-6	850.403900000E-6	824.333859000E-6	775.557112000E-6	829.058147000E-6	809.262987000E-6	790.929177000E-6	952.441843000E-6	837.614297000E-6	807.757016000E-6	778.585788000E-6	804.772961000E-6	796.490117000E-6	873.361601000E-6	839.443774000E-6	865.854054000E-6	804.031130000E-6	732.865605000E-6	742.310574000E-6	782.748808000E-6	821.402182000E-6	732.644442000E-6	784.221317000E-6	816.956765000E-6	843.333649000E-6	972.970208000E-6
861.866529000E-6	842.329372000E-6	821.901712000E-6	846.758869000E-6	836.750097000E-6	858.652842000E-6	882.641995000E-6	806.259750000E-6	843.864430000E-6	857.260749000E-6	840.518076000E-6	852.890620000E-6	798.168286000E-6	824.076479000E-6	830.543229000E-6	831.517936000E-6	822.457217000E-6	840.564116000E-6	864.550154000E-6	773.448004000E-6	837.789017000E-6	824.997271000E-6	822.757080000E-6	823.281084000E-6	838.884276000E-6	873.796243000E-6	854.721300000E-6	818.649778000E-6	844.063666000E-6	833.770169000E-6
836.732210000E-6	847.017428000E-6	837.184001000E-6	751.577965000E-6	796.316433000E-6	762.214576000E-6	804.560225000E-6	848.250092000E-6	816.725117000E-6	816.669341000E-6	809.998451000E-6	796.935554000E-6	788.334791000E-6	789.461480000E-6	870.739246000E-6	781.518882000E-6	713.856202000E-6	740.858361000E-6	716.913414000E-6	733.166751000E-6	714.760432000E-6	736.390645000E-6	745.376275000E-6	785.111612000E-6	694.613880000E-6	714.821787000E-6	801.102798000E-6	801.398415000E-6	751.896574000E-6	735.102203000E-6
837.647036000E-6	852.851759000E-6	823.529959000E-6	776.883924000E-6	835.092465000E-6	832.325941000E-6	788.089458000E-6	778.791486000E-6	764.891938000E-6	861.591964000E-6	890.105002000E-6	955.609132000E-6	920.090544000E-6	870.631347000E-6	849.274507000E-6	843.284106000E-6	805.422985000E-6	848.649810000E-6	767.327602000E-6	800.932972000E-6	907.332316000E-6	874.859210000E-6	798.423028000E-6	841.839493000E-6	850.139043000E-6	946.950399000E-6	774.567398000E-6	865.650502000E-6	853.418705000E-6	825.876245000E-6
841.277320000E-6	896.635621000E-6	872.757647000E-6	809.306158000E-6	867.637353000E-6	834.768187000E-6	796.661597000E-6	829.804068000E-6	843.491652000E-6	842.069348000E-6	861.317861000E-6	843.843045000E-6	828.805666000E-6	851.550373000E-6	835.838116000E-6	826.629406000E-6	820.454941000E-6	793.012873000E-6	820.298766000E-6	831.626986000E-6	899.166823000E-6	823.098750000E-6	842.112979000E-6	835.988713000E-6	846.720123000E-6	858.014876000E-6	839.887494000E-6	939.063796000E-6	827.215060000E-6	893.979603000E-6
840.329376000E-6	859.833385000E-6	878.799284000E-6	868.857756000E-6	846.053001000E-6	941.218168000E-6	866.226834000E-6	869.250304000E-6	883.176993000E-6	935.596239000E-6	873.154263000E-6	650.914692000E-6	846.442520000E-6	871.431734000E-6	913.287197000E-6	818.676997000E-6	852.969847000E-6	881.160632000E-6	858.030571000E-6	877.903329000E-6	893.474412000E-6	831.203407000E-6	868.791119000E-6	875.726745000E-6	934.939750000E-6	894.946468000E-6	851.213073000E-6	886.647221000E-6	848.586997000E-6	846.866569000E-6
862.589536000E-6	903.641131000E-6	885.876276000E-6	839.168931000E-6	839.665343000E-6	894.203726000E-6	812.563482000E-6	822.831461000E-6	812.005225000E-6	866.749948000E-6	851.405808000E-6	993.435317000E-6	833.953313000E-6	845.019388000E-6	848.438493000E-6	842.219404000E-6	403.882337000E-6	963.362883000E-6	967.580355000E-6	863.810522000E-6	846.793084000E-6	876.293323000E-6	833.596343000E-6	843.948478000E-6	876.081371000E-6	868.311692000E-6	893.227095000E-6	861.757943000E-6	850.318164000E-6	864.596972000E-6
837.806486000E-6	859.785240000E-6	895.673523000E-6	850.909622000E-6	834.606728000E-6	847.012374000E-6	772.800268000E-6	828.596732000E-6	885.125589000E-6	818.068183000E-6	826.709653000E-6	863.517832000E-6	826.621266000E-6	794.231136000E-6	870.499508000E-6	831.927945000E-6	817.837378000E-6	779.132122000E-6	841.490480000E-6	812.401667000E-6	846.497340000E-6	978.018520000E-6	836.832989000E-6	812.307164000E-6	887.471190000E-6	843.011303000E-6	709.687736000E-6	879.215883000E-6	837.682906000E-6	850.958085000E-6
914.564121000E-6	417.805305000E-6	807.640107000E-6	871.158660000E-6	741.974149000E-6	780.097552000E-6	757.457773000E-6	741.751042000E-6	772.472872000E-6	797.081570000E-6	851.698155000E-6	830.352396000E-6	828.790648000E-6	824.546038000E-6	743.056218000E-6	820.597044000E-6	778.959707000E-6	831.757970000E-6	820.054444000E-6	815.146100000E-6	817.717403000E-6	771.935941000E-6	816.239322000E-6	809.434572000E-6	797.091203000E-6	812.491132000E-6	744.638855000E-6	844.741182000E-6	766.213258000E-6	787.871325000E-6
837.129066000E-6	820.365790000E-6	864.861893000E-6	847.297164000E-6	871.786619000E-6	866.516291000E-6	831.604915000E-6	825.828151000E-6	845.487286000E-6	864.474507000E-6	856.770030000E-6	881.029899000E-6	845.776851000E-6	864.547097000E-6	852.720964000E-6	869.428512000E-6	864.968118000E-6	852.649481000E-6	842.737628000E-6	887.125386000E-6	822.960568000E-6	844.512059000E-6	978.756941000E-6	971.724384000E-6	982.571569000E-6	863.440934000E-6	828.437242000E-6	927.368811000E-6	811.297091000E-6	849.927968000E-6
830.871972000E-6	884.638944000E-6	903.028516000E-6	814.294053000E-6	834.819212000E-6	762.515502000E-6	830.169630000E-6	855.965795000E-6	787.426615000E-6	822.067854000E-6	838.951703000E-6	845.820705000E-6	855.664114000E-6	835.775569000E-6	816.592765000E-6	876.144155000E-6	960.393528000E-6	814.477457000E-6	751.148613000E-6	828.765419000E-6	810.195670000E-6	822.737853000E-6	886.156070000E-6	833.469417000E-6	811.830079000E-6	761.941401000E-6	805.045281000E-6	839.532651000E-6	857.692890000E-6	827.075883000E-6
870.559466000E-6	794.989117000E-6	857.981572000E-6	819.751641000E-6	851.270956000E-6	713.261579000E-6	871.646243000E-6	922.614709000E-6	866.315949000E-6	801.010729000E-6	873.843715000E-6	909.137612000E-6	822.891859000E-6	862.269311000E-6	856.076381000E-6	909.816696000E-6	875.533744000E-6	893.705869000E-6	850.796367000E-6	835.782615000E-6	866.278390000E-6	910.441259000E-6	883.735863000E-6	839.072630000E-6	863.624439000E-6	851.207683000E-6	869.793137000E-6	800.809933000E-6	882.059598000E-6	834.716483000E-6
825.436939000E-6	857.135262000E-6	867.619588000E-6	834.384389000E-6	864.480409000E-6	864.448302000E-6	853.269746000E-6	832.193263000E-6	832.862050000E-6	847.082860000E-6	862.582483000E-6	877.980940000E-6	851.380301000E-6	878.747259000E-6	880.405293000E-6	887.681380000E-6	861.863416000E-6	798.961698000E-6	877.623390000E-6	878.935658000E-6	840.949284000E-6	912.073932000E-6	895.812190000E-6	848.935958000E-6	887.058027000E-6	831.620796000E-6	896.302311000E-6	910.014262000E-6	862.410440000E-6	863.141623000E-6
872.413456000E-6	881.562629000E-6	870.510326000E-6	858.653048000E-6	879.852916000E-6	861.535979000E-6	901.282751000E-6	875.912471000E-6	865.787985000E-6	899.247313000E-6	843.363638000E-6	785.368802000E-6	895.425415000E-6	881.603216000E-6	835.475104000E-6	868.085728000E-6	873.955179000E-6	869.525679000E-6	845.717113000E-6	852.277160000E-6	871.914895000E-6	867.317592000E-6	864.074825000E-6	896.987734000E-6	870.407702000E-6	882.075123000E-6	840.746646000E-6	849.949734000E-6	858.418003000E-6	833.991537000E-6
789.205957000E-6	812.810676000E-6	1.210788910E-3	881.142768000E-6	916.036700000E-6	857.722112000E-6	800.835409000E-6	736.591753000E-6	827.853665000E-6	767.241075000E-6	688.144071000E-6	949.446971000E-6	835.969181000E-6	852.038462000E-6	878.242377000E-6	778.390846000E-6	903.941297000E-6	871.150257000E-6	879.059373000E-6	748.352581000E-6	794.368244000E-6	782.989825000E-6	776.307793000E-6	913.607375000E-6	895.189954000E-6	734.441907000E-6	721.607721000E-6	794.457486000E-6	875.545450000E-6	311.990238000E-6
852.177390000E-6	805.029335000E-6	1.118500040E-3	999.243847000E-6	1.043413430E-3	1.002702000E-3	1.054490680E-3	851.463448000E-6	1.035069230E-3	1.037060460E-3	1.016819090E-3	1.035805480E-3	660.757291000E-6	828.673083000E-6	795.377908000E-6	860.653226000E-6	1.052429800E-3	1.110487630E-3	1.020715240E-3	1.078639210E-3	1.061008240E-3	921.695102000E-6	781.355679000E-6	727.748819000E-6	778.087172000E-6	720.715394000E-6	745.033978000E-6	747.850694000E-6	745.039555000E-6	808.206519000E-6
1.014776500E-3	853.608797000E-6	850.338773000E-6	866.845790000E-6	969.592263000E-6	830.551434000E-6	862.007996000E-6	850.271531000E-6	783.991457000E-6	878.765808000E-6	919.785887000E-6	895.590256000E-6	997.340213000E-6	917.657161000E-6	939.704682000E-6	886.608897000E-6	900.997487000E-6	859.315891000E-6	881.071423000E-6	784.002361000E-6	873.230757000E-6	879.758083000E-6	715.791046000E-6	838.338185000E-6	912.051233000E-6	924.083927000E-6	949.457809000E-6	821.819053000E-6	922.004270000E-6	892.720655000E-6
952.694629000E-6	906.622274000E-6	875.708471000E-6	883.098439000E-6	860.778299000E-6	872.308201000E-6	816.796507000E-6	780.607530000E-6	886.793120000E-6	884.164015000E-6	898.218827000E-6	809.179975000E-6	853.451332000E-6	851.454665000E-6	895.013014000E-6	893.820224000E-6	913.797794000E-6	876.262764000E-6	914.995431000E-6	940.343889000E-6	892.344532000E-6	899.474013000E-6	872.944880000E-6	949.963751000E-6	969.088983000E-6	867.250504000E-6	833.294449000E-6	920.459004000E-6	902.082523000E-6	882.931243000E-6
869.904776000E-6	935.290226000E-6	908.499366000E-6	850.568105000E-6	878.653529000E-6	846.228258000E-6	920.983392000E-6	863.163596000E-6	894.877069000E-6	915.257508000E-6	870.915832000E-6	866.973380000E-6	862.079240000E-6	782.787985000E-6	789.596407000E-6	756.110148000E-6	808.049215000E-6	739.194454000E-6	742.625622000E-6	827.262328000E-6	958.985975000E-6	841.509190000E-6	973.175514000E-6	947.972344000E-6	934.682018000E-6	1.037059760E-3	969.110621000E-6	951.147871000E-6	906.010799000E-6	898.694728000E-6
878.402223000E-6	888.291052000E-6	880.819304000E-6	1.037417060E-3	973.615821000E-6	811.241301000E-6	866.360435000E-6	950.912223000E-6	839.019556000E-6	886.219268000E-6	946.910410000E-6	846.921411000E-6	885.581983000E-6	886.539122000E-6	963.656721000E-6	946.886784000E-6	882.694207000E-6	918.754751000E-6	874.771150000E-6	886.802033000E-6	855.401791000E-6	890.588793000E-6	889.754022000E-6	877.105844000E-6	941.582534000E-6	913.866068000E-6	887.544725000E-6	919.256946000E-6	900.271655000E-6	916.965868000E-6
846.722615000E-6	828.893188000E-6	770.250295000E-6	846.966746000E-6	790.537992000E-6	819.057078000E-6	818.090853000E-6	867.637298000E-6	851.907518000E-6	890.797178000E-6	783.826051000E-6	904.240127000E-6	909.530437000E-6	849.308255000E-6	877.806749000E-6	851.064422000E-6	890.923787000E-6	886.433717000E-6	906.284041000E-6	929.890226000E-6	975.760178000E-6	883.402375000E-6	893.178514000E-6	881.315449000E-6	879.596841000E-6	908.249810000E-6	889.038587000E-6	908.885883000E-6	911.576775000E-6	890.271963000E-6
870.169971000E-6	865.074717000E-6	833.707802000E-6	867.201627000E-6	880.123616000E-6	864.041249000E-6	880.061220000E-6	813.386762000E-6	807.708744000E-6	855.730492000E-6	790.452972000E-6	880.513135000E-6	839.610566000E-6	829.514562000E-6	816.904552000E-6	840.290257000E-6	852.914199000E-6	847.700818000E-6	809.278937000E-6	844.917238000E-6	872.404104000E-6	841.302522000E-6	875.071979000E-6	807.802640000E-6	869.361854000E-6	849.948884000E-6	880.236291000E-6	837.648430000E-6	849.576327000E-6	814.696468000E-6
741.252749000E-6	892.162952000E-6	845.362404000E-6	851.868538000E-6	826.349226000E-6	877.152804000E-6	854.837491000E-6	851.812200000E-6	827.585634000E-6	872.796602000E-6	845.433280000E-6	856.866872000E-6	842.566099000E-6	889.867632000E-6	851.160066000E-6	840.778719000E-6	781.835184000E-6	821.012544000E-6	831.757362000E-6	827.725859000E-6	893.640168000E-6	837.094332000E-6	851.263049000E-6	831.176413000E-6	853.141166000E-6	797.256060000E-6	877.472359000E-6	858.692403000E-6	862.927449000E-6	846.780236000E-6
881.447878000E-6	855.147762000E-6	871.294937000E-6	873.536338000E-6	846.500800000E-6	870.048839000E-6	865.914363000E-6	863.359771000E-6	830.583823000E-6	859.554841000E-6	856.954210000E-6	856.847592000E-6	852.909390000E-6	816.730147000E-6	862.452912000E-6	845.746599000E-6	848.765221000E-6	864.992359000E-6	877.841040000E-6	836.335137000E-6	861.578160000E-6	888.360480000E-6	861.721731000E-6	867.122296000E-6	860.948750000E-6	878.819987000E-6	871.407613000E-6	880.416834000E-6	888.317470000E-6	871.905567000E-6
843.389931000E-6	907.186950000E-6	860.053255000E-6	847.633454000E-6	856.344640000E-6	841.914836000E-6	861.627689000E-6	837.867597000E-6	870.693260000E-6	808.701480000E-6	833.482926000E-6	856.901356000E-6	877.129118000E-6	864.888023000E-6	861.548937000E-6	852.531830000E-6	900.156817000E-6	875.656455000E-6	808.154456000E-6	831.609234000E-6	861.387799000E-6	874.051731000E-6	906.069277000E-6	881.711274000E-6	887.383238000E-6	882.226797000E-6	909.862095000E-6	887.136683000E-6	907.718223000E-6	894.725350000E-6
861.698852000E-6	871.620392000E-6	838.820790000E-6	869.428058000E-6	854.922545000E-6	887.874805000E-6	912.416957000E-6	864.489096000E-6	851.405360000E-6	867.267830000E-6	876.229807000E-6	871.399887000E-6	847.661611000E-6	879.036408000E-6	867.049747000E-6	869.789105000E-6	850.264668000E-6	891.416828000E-6	840.073553000E-6	883.304160000E-6	862.609346000E-6	847.123069000E-6	860.192266000E-6	873.689147000E-6	852.597544000E-6	891.686402000E-6	908.516916000E-6	855.102463000E-6	850.133212000E-6	915.331992000E-6
727.786139000E-6	855.021147000E-6	874.722513000E-6	898.903664000E-6	869.605440000E-6	908.506581000E-6	849.019021000E-6	867.688734000E-6	846.918156000E-6	887.649981000E-6	883.990429000E-6	867.887431000E-6	814.729728000E-6	856.032809000E-6	846.564377000E-6	879.528817000E-6	820.359295000E-6	814.256003000E-6	878.036767000E-6	861.132920000E-6	891.223512000E-6	888.160053000E-6	903.537320000E-6	873.942260000E-6	855.490025000E-6	850.096714000E-6	886.949087000E-6	867.233183000E-6	888.698597000E-6	879.762650000E-6
859.561218000E-6	845.046647000E-6	860.151251000E-6	849.218677000E-6	849.795989000E-6	924.461829000E-6	845.643343000E-6	859.241970000E-6	850.513842000E-6	846.407236000E-6	851.631513000E-6	842.827056000E-6	852.211248000E-6	844.636531000E-6	825.049129000E-6	849.946829000E-6	857.824437000E-6	839.847813000E-6	840.709237000E-6	841.795407000E-6	837.263541000E-6	846.804630000E-6	848.130690000E-6	847.222621000E-6	857.986787000E-6	827.347471000E-6	844.451767000E-6	846.084354000E-6	850.402378000E-6	807.928477000E-6
802.489226000E-6	824.969920000E-6	831.854065000E-6	831.478478000E-6	875.737155000E-6	892.382925000E-6	853.425475000E-6	891.342186000E-6	848.648252000E-6	859.972197000E-6	833.980977000E-6	867.366413000E-6	884.404732000E-6	843.519067000E-6	806.815745000E-6	845.223747000E-6	837.426684000E-6	876.232082000E-6	839.806815000E-6	876.274487000E-6	851.310678000E-6	834.904800000E-6	810.091832000E-6	814.154834000E-6	831.403966000E-6	833.378221000E-6	840.179979000E-6	847.875876000E-6	841.891322000E-6	843.028381000E-6
830.268464000E-6	881.977111000E-6	834.992986000E-6	843.020251000E-6	827.138642000E-6	802.383811000E-6	844.253908000E-6	858.451104000E-6	836.427761000E-6	855.688721000E-6	853.284357000E-6	849.100194000E-6	865.383716000E-6	853.589673000E-6	872.533200000E-6	878.093708000E-6	854.823658000E-6	830.927832000E-6	845.922848000E-6	853.248010000E-6	879.107188000E-6	862.182744000E-6	859.986771000E-6	843.225889000E-6	836.429579000E-6	854.605576000E-6	862.908476000E-6	860.466553000E-6	862.074309000E-6	838.534078000E-6
862.634541000E-6	862.727226000E-6	826.217204000E-6	840.811763000E-6	832.830553000E-6	858.323173000E-6	819.137401000E-6	832.457390000E-6	831.293072000E-6	857.771910000E-6	832.316242000E-6	898.322514000E-6	845.157054000E-6	870.700561000E-6	871.081599000E-6	822.434686000E-6	841.764662000E-6	844.339245000E-6	859.030124000E-6	797.407662000E-6	854.416848000E-6	893.973984000E-6	849.038086000E-6	869.289469000E-6	857.555419000E-6	867.612657000E-6	840.700065000E-6	841.636003000E-6	888.206308000E-6	818.942096000E-6
859.394466000E-6	842.198664000E-6	845.884863000E-6	833.044652000E-6	812.395272000E-6	878.994022000E-6	851.777330000E-6	844.019652000E-6	789.571125000E-6	835.640439000E-6	834.961961000E-6	869.069452000E-6	842.213808000E-6	838.470665000E-6	829.378444000E-6	852.290430000E-6	835.402366000E-6	834.832323000E-6	833.947271000E-6	854.635588000E-6	832.993929000E-6	841.846867000E-6	798.727109000E-6	810.714377000E-6	799.583083000E-6	820.065876000E-6	845.172625000E-6	827.458268000E-6	797.159338000E-6	811.044530000E-6
845.543228000E-6	809.854637000E-6	826.986227000E-6	855.046172000E-6	854.051473000E-6	809.031982000E-6	843.814924000E-6	831.711347000E-6	856.564268000E-6	860.184437000E-6	867.807631000E-6	864.859883000E-6	865.497774000E-6	848.907150000E-6	834.582161000E-6	866.359200000E-6	819.699244000E-6	848.646663000E-6	849.702545000E-6	886.237417000E-6	884.320715000E-6	855.957878000E-6	840.155379000E-6	845.139775000E-6	839.270934000E-6	841.110702000E-6	834.889899000E-6	829.436626000E-6	820.807829000E-6	821.096114000E-6
855.752717000E-6	826.393963000E-6	838.728347000E-6	856.914006000E-6	838.176477000E-6	841.593709000E-6	858.527817000E-6	843.680032000E-6	868.178574000E-6	875.074223000E-6	855.294138000E-6	842.536916000E-6	857.870541000E-6	814.040194000E-6	833.061836000E-6	820.763799000E-6	820.514822000E-6	803.240263000E-6	810.781072000E-6	820.219199000E-6	813.980827000E-6	809.204214000E-6	865.636701000E-6	801.616760000E-6	815.092948000E-6	842.514378000E-6	815.432187000E-6	676.348968000E-6	804.630448000E-6	784.134949000E-6
831.955831000E-6	849.908859000E-6	832.003688000E-6	881.753737000E-6	842.919318000E-6	844.428933000E-6	827.342177000E-6	836.987477000E-6	809.606625000E-6	812.338107000E-6	822.848468000E-6	831.721998000E-6	854.877504000E-6	848.207211000E-6	839.370027000E-6	847.766806000E-6	836.668229000E-6	830.739416000E-6	821.509078000E-6	828.261758000E-6	862.572784000E-6	823.488782000E-6	849.288536000E-6	813.521204000E-6	823.277363000E-6	844.063645000E-6	828.680355000E-6	808.364161000E-6	847.734093000E-6	828.897831000E-6
832.403693000E-6	838.575426000E-6	836.048093000E-6	850.803794000E-6	865.042155000E-6	839.529537000E-6	807.998449000E-6	823.577411000E-6	833.627983000E-6	849.523165000E-6	849.674006000E-6	816.953157000E-6	850.143489000E-6	837.385059000E-6	817.978144000E-6	813.479588000E-6	916.840373000E-6	818.872282000E-6	801.717068000E-6	774.986823000E-6	841.449268000E-6	834.571190000E-6	845.884823000E-6	837.174852000E-6	822.483364000E-6	819.433239000E-6	844.898606000E-6	855.422296000E-6	840.901639000E-6	860.544810000E-6
849.891403000E-6	805.695981000E-6	844.381997000E-6	863.009876000E-6	848.551613000E-6	873.299735000E-6	864.057278000E-6	858.891146000E-6	852.037298000E-6	846.169667000E-6	838.756680000E-6	876.504336000E-6	860.121495000E-6	876.544317000E-6	841.751680000E-6	845.157401000E-6	840.486801000E-6	858.817240000E-6	870.325938000E-6	856.338369000E-6	865.080448000E-6	861.844952000E-6	848.334742000E-6	857.368809000E-6	868.982307000E-6	841.659600000E-6	861.439076000E-6	869.666844000E-6	863.733183000E-6	871.130420000E-6
887.273338000E-6	690.455016000E-6	755.068660000E-6	763.902226000E-6	777.145910000E-6	796.225733000E-6	810.474416000E-6	782.961452000E-6	767.736848000E-6	787.504238000E-6	789.420338000E-6	782.699753000E-6	824.090053000E-6	769.575408000E-6	752.299614000E-6	793.612980000E-6	816.643131000E-6	779.395798000E-6	776.591011000E-6	826.823358000E-6	842.763394000E-6	698.926269000E-6	801.035065000E-6	827.318285000E-6	797.676590000E-6	805.102310000E-6	791.411555000E-6	802.265416000E-6	797.040515000E-6	809.832889000E-6
875.768234000E-6	880.866210000E-6	929.681838000E-6	875.818433000E-6	908.481175000E-6	880.341910000E-6	907.655682000E-6	894.743413000E-6	985.608974000E-6	857.256000000E-6	919.089873000E-6	954.597218000E-6	831.085648000E-6	875.969030000E-6	951.005209000E-6	883.967385000E-6	845.018628000E-6	828.380486000E-6	872.890165000E-6	832.625080000E-6	860.702991000E-6	946.487309000E-6	833.468184000E-6	823.116047000E-6	932.800729000E-6	896.824823000E-6	916.095637000E-6	913.234298000E-6	878.468744000E-6	889.300559000E-6
932.770862000E-6	942.715808000E-6	930.478448000E-6	901.803760000E-6	895.958385000E-6	919.758209000E-6	966.387346000E-6	804.691330000E-6	858.220018000E-6	812.806808000E-6	856.290152000E-6	860.374295000E-6	793.704727000E-6	825.101361000E-6	850.674922000E-6	925.962144000E-6	911.019599000E-6	940.062463000E-6	951.373952000E-6	850.546635000E-6	920.194846000E-6	840.116416000E-6	866.978415000E-6	852.108380000E-6	811.779483000E-6	814.492657000E-6	833.501314000E-6	853.268532000E-6	822.217712000E-6	818.636856000E-6
824.072168000E-6	785.870667000E-6	829.800441000E-6	784.771865000E-6	834.597242000E-6	811.968612000E-6	900.408238000E-6	901.930943000E-6	856.366910000E-6	923.091950000E-6	880.143879000E-6	907.167698000E-6	932.858453000E-6	866.556671000E-6	912.198757000E-6	897.267331000E-6	923.409877000E-6	882.129530000E-6	896.854583000E-6	953.713366000E-6	832.477098000E-6	860.203703000E-6	842.767902000E-6	868.352681000E-6	840.542411000E-6	860.315257000E-6	842.422087000E-6	862.763855000E-6	894.874510000E-6	843.922480000E-6
909.237374000E-6	974.730419000E-6	896.726652000E-6	894.054946000E-6	905.656507000E-6	750.357338000E-6	925.879390000E-6	867.804762000E-6	819.223316000E-6	859.198427000E-6	837.506895000E-6	810.204235000E-6	913.145585000E-6	844.941920000E-6	822.714933000E-6	860.810372000E-6	856.682901000E-6	903.641247000E-6	964.342955000E-6	860.414358000E-6	879.612674000E-6	854.306817000E-6	855.812786000E-6	898.470753000E-6	893.227750000E-6	899.418956000E-6	913.145585000E-6	903.914552000E-6	909.988628000E-6	900.233295000E-6
973.600412000E-6	898.838065000E-6	896.629372000E-6	832.012074000E-6	885.819739000E-6	896.432491000E-6	895.160948000E-6	889.126115000E-6	882.905306000E-6	894.318907000E-6	915.551680000E-6	890.579394000E-6	906.456604000E-6	906.822920000E-6	929.478684000E-6	886.815650000E-6	892.688133000E-6	879.081590000E-6	902.645425000E-6	952.179275000E-6	884.424616000E-6	891.641336000E-6	903.531083000E-6	922.939838000E-6	901.866991000E-6	913.141867000E-6	929.538051000E-6	891.357828000E-6	882.632097000E-6	905.954830000E-6
944.091000000E-6	896.859600000E-6	1.011413030E-3	902.175085000E-6	879.605463000E-6	914.233308000E-6	859.136616000E-6	937.598634000E-6	911.500888000E-6	936.510996000E-6	891.365632000E-6	960.623105000E-6	945.697358000E-6	944.154416000E-6	957.178218000E-6	952.175070000E-6	916.628735000E-6	937.567217000E-6	973.091241000E-6	960.954284000E-6	962.744709000E-6	933.830194000E-6	975.539827000E-6	965.232338000E-6	952.018896000E-6	950.446000000E-6	910.298108000E-6	947.606979000E-6	889.198015000E-6	878.053393000E-6
998.646794000E-6	975.175959000E-6	996.979071000E-6	825.633052000E-6	968.945702000E-6	691.523557000E-6	864.889966000E-6	909.240723000E-6	885.307355000E-6	908.568907000E-6	898.967815000E-6	888.833026000E-6	894.881187000E-6	910.277827000E-6	835.904954000E-6	910.558653000E-6	906.226335000E-6	861.179542000E-6	896.334466000E-6	904.080037000E-6	838.100320000E-6	844.674303000E-6	851.715346000E-6	901.779870000E-6	839.749268000E-6	877.641747000E-6	874.348421000E-6	910.050658000E-6	930.459566000E-6	862.136066000E-6
928.388675000E-6	942.684215000E-6	945.751928000E-6	976.456941000E-6	972.251450000E-6	950.108142000E-6	950.749572000E-6	957.682603000E-6	924.406287000E-6	968.408442000E-6	914.885222000E-6	876.812118000E-6	946.510551000E-6	990.925454000E-6	1.004322990E-3	959.891356000E-6	904.689260000E-6	926.516491000E-6	894.227005000E-6	898.763114000E-6	892.973033000E-6	869.953856000E-6	897.450381000E-6	933.217065000E-6	923.453042000E-6	892.302430000E-6	909.081429000E-6	888.465947000E-6	904.811192000E-6	844.501224000E-6
952.663442000E-6	935.142334000E-6	901.419839000E-6	961.022648000E-6	891.207155000E-6	901.442150000E-6	892.980849000E-6	939.872184000E-6	950.246621000E-6	888.373707000E-6	982.295820000E-6	950.291242000E-6	929.592568000E-6	879.310019000E-6	896.763843000E-6	864.831128000E-6	882.544265000E-6	869.681038000E-6	861.462966000E-6	876.578500000E-6	879.908497000E-6	861.832179000E-6	873.298479000E-6	893.863671000E-6	876.444321000E-6	899.488385000E-6	844.958036000E-6	870.822636000E-6	885.091903000E-6	875.953635000E-6
924.580901000E-6	948.339799000E-6	864.690547000E-6	895.877584000E-6	873.908781000E-6	819.990258000E-6	910.204165000E-6	918.236512000E-6	884.472465000E-6	876.722048000E-6	909.994198000E-6	812.417942000E-6	893.048567000E-6	898.713870000E-6	915.167604000E-6	881.443538000E-6	877.902723000E-6	873.057047000E-6	925.101271000E-6	874.302542000E-6	870.829575000E-6	944.347674000E-6	883.134891000E-6	886.641782000E-6	823.619517000E-6	872.488821000E-6	871.826697000E-6	895.842448000E-6	827.113687000E-6	849.565300000E-6
962.792072000E-6	967.521929000E-6	933.899786000E-6	844.924931000E-6	1.001590280E-3	1.113366620E-3	600.389099000E-6	906.691953000E-6	969.630285000E-6	816.624276000E-6	819.089203000E-6	819.087395000E-6	943.547574000E-6	890.614757000E-6	817.092400000E-6	841.354810000E-6	830.049060000E-6	796.717203000E-6	915.381950000E-6	860.558775000E-6	883.656114000E-6	821.014394000E-6	894.447554000E-6	855.969960000E-6	822.053314000E-6	893.384403000E-6	839.456283000E-6	817.256109000E-6	901.968970000E-6	923.424635000E-6
893.637933000E-6	871.140933000E-6	897.522826000E-6	878.550277000E-6	875.403229000E-6	923.502478000E-6	872.465783000E-6	876.238605000E-6	887.703673000E-6	888.405777000E-6	897.475663000E-6	885.611295000E-6	876.376724000E-6	862.663592000E-6	897.980193000E-6	894.821635000E-6	880.358542000E-6	862.487309000E-6	895.707291000E-6	849.250323000E-6	890.672015000E-6	902.238975000E-6	877.040058000E-6	901.343505000E-6	902.863418000E-6	891.205710000E-6	889.459841000E-6	899.176010000E-6	879.065193000E-6	781.564260000E-6
956.684020000E-6	940.559010000E-6	988.443596000E-6	965.151285000E-6	977.438871000E-6	954.843768000E-6	1.020715940E-3	894.036112000E-6	859.910283000E-6	924.763789000E-6	891.525587000E-6	885.408978000E-6	879.391717000E-6	803.522013000E-6	879.838181000E-6	900.317948000E-6	894.096538000E-6	889.455620000E-6	898.721099000E-6	900.301592000E-6	893.056405000E-6	890.477579000E-6	938.072276000E-6	890.696268000E-6	882.659926000E-6	906.152868000E-6	875.282073000E-6	877.447754000E-6	865.625257000E-6	859.033712000E-6
962.019262000E-6	935.017733000E-6	968.712473000E-6	956.045571000E-6	893.207475000E-6	858.391623000E-6	920.543664000E-6	943.328470000E-6	916.639291000E-6	956.413075000E-6	912.907232000E-6	923.839469000E-6	949.084014000E-6	915.603109000E-6	828.590369000E-6	894.887030000E-6	862.063098000E-6	868.682527000E-6	881.283490000E-6	892.464490000E-6	895.372265000E-6	905.623383000E-6	873.325274000E-6	941.520690000E-6	932.445817000E-6	933.399599000E-6	942.970885000E-6	964.919025000E-6	929.545428000E-6	980.296667000E-6
823.962777000E-6	847.947556000E-6	883.306352000E-6	919.527519000E-6	915.706839000E-6	930.325822000E-6	962.798818000E-6	962.430694000E-6	963.356582000E-6	938.273953000E-6	932.657274000E-6	964.968519000E-6	952.424415000E-6	977.155653000E-6	956.501667000E-6	954.507660000E-6	981.330589000E-6	973.164906000E-6	966.248618000E-6	952.572215000E-6	947.050339000E-6	911.989218000E-6	992.374340000E-6	926.385138000E-6	956.141912000E-6	955.924384000E-6	967.146620000E-6	964.023134000E-6	832.228792000E-6	916.221388000E-6
1.055158950E-3	994.379128000E-6	927.631203000E-6	941.714808000E-6	930.587365000E-6	943.371375000E-6	927.603314000E-6	930.247128000E-6	868.022689000E-6	878.550102000E-6	890.404081000E-6	901.731028000E-6	871.750178000E-6	868.557092000E-6	880.193594000E-6	893.266410000E-6	877.452422000E-6	925.019783000E-6	891.904002000E-6	913.708587000E-6	898.466459000E-6	896.318955000E-6	896.754513000E-6	884.142699000E-6	864.506821000E-6	888.329271000E-6	934.051415000E-6	960.215819000E-6	963.796680000E-6	959.936936000E-6
911.673571000E-6	958.643098000E-6	917.714184000E-6	885.146191000E-6	947.967445000E-6	910.909431000E-6	869.288887000E-6	911.149271000E-6	832.398203000E-6	938.892582000E-6	870.443463000E-6	946.405698000E-6	954.164232000E-6	895.219456000E-6	985.549759000E-6	910.948475000E-6	931.730859000E-6	944.124433000E-6	884.995594000E-6	903.641732000E-6	930.923453000E-6	878.387339000E-6	906.788856000E-6	893.223953000E-6	893.246263000E-6	951.259653000E-6	929.211107000E-6	850.761119000E-6	937.003118000E-6	925.736216000E-6
629.188945000E-6	798.434844000E-6	784.616899000E-6	839.602749000E-6	764.061418000E-6	802.219786000E-6	721.166422000E-6	857.915616000E-6	826.050138000E-6	825.182049000E-6	810.527515000E-6	791.534958000E-6	964.832951000E-6	732.435225000E-6	814.890375000E-6	768.514540000E-6	811.314429000E-6	804.361234000E-6	778.190131000E-6	874.678885000E-6	836.933663000E-6	856.095233000E-6	853.149303000E-6	829.599429000E-6	597.257744000E-6	824.732146000E-6	819.163777000E-6	904.521198000E-6	763.348635000E-6	789.123543000E-6
870.497489000E-6	872.057990000E-6	858.767081000E-6	868.803111000E-6	892.085220000E-6	923.315826000E-6	894.012220000E-6	955.363030000E-6	894.549551000E-6	902.300562000E-6	877.364055000E-6	901.783828000E-6	902.063700000E-6	868.960009000E-6	888.251817000E-6	900.013120000E-6	878.624086000E-6	868.762523000E-6	906.774885000E-6	890.951798000E-6	910.447150000E-6	887.032373000E-6	864.342115000E-6	805.665238000E-6	995.789442000E-6	912.963578000E-6	897.347063000E-6	871.392839000E-6	899.334642000E-6	908.881803000E-6
892.296034000E-6	835.892627000E-6	851.080863000E-6	889.562128000E-6	895.369180000E-6	861.312567000E-6	897.208343000E-6	845.428285000E-6	850.933657000E-6	869.134460000E-6	914.690079000E-6	889.912877000E-6	878.407207000E-6	857.290762000E-6	884.903037000E-6	876.531092000E-6	858.958488000E-6	869.439776000E-6	869.644531000E-6	883.099010000E-6	884.488680000E-6	879.177766000E-6	881.631194000E-6	857.179904000E-6	841.560350000E-6	903.032358000E-6	881.321638000E-6	852.665596000E-6	876.755232000E-6	868.683150000E-6
886.420218000E-6	872.951810000E-6	899.022960000E-6	893.751423000E-6	905.180154000E-6	885.772029000E-6	905.493950000E-6	894.823661000E-6	887.550612000E-6	889.326167000E-6	889.338282000E-6	1.055329910E-3	896.131550000E-6	856.330294000E-6	825.623681000E-6	809.197833000E-6	900.889382000E-6	881.654511000E-6	875.683293000E-6	906.376578000E-6	874.311191000E-6	848.226108000E-6	858.372394000E-6	811.831179000E-6	847.119340000E-6	933.188602000E-6	872.257581000E-6	871.312557000E-6	834.326382000E-6	886.412343000E-6
855.181118000E-6	857.841726000E-6	855.959552000E-6	881.554572000E-6	875.327709000E-6	867.195046000E-6	877.782955000E-6	844.638036000E-6	820.135852000E-6	859.615464000E-6	858.850358000E-6	848.271535000E-6	811.952908000E-6	828.737998000E-6	837.271691000E-6	862.715266000E-6	885.806577000E-6	863.422823000E-6	832.960925000E-6	857.546708000E-6	858.741316000E-6	826.072544000E-6	856.351495000E-6	930.657079000E-6	860.241240000E-6	869.964089000E-6	780.579305000E-6	830.431773000E-6	863.397380000E-6	843.588817000E-6
789.750283000E-6	843.186010000E-6	906.906157000E-6	890.758946000E-6	897.477712000E-6	859.973536000E-6	825.941722000E-6	876.986414000E-6	885.709725000E-6	890.188296000E-6	873.873283000E-6	824.332150000E-6	869.359576000E-6	874.327622000E-6	896.758039000E-6	862.296118000E-6	909.938719000E-6	829.657004000E-6	883.919023000E-6	911.367161000E-6	874.091366000E-6	909.497101000E-6	885.698215000E-6	882.358520000E-6	881.503151000E-6	896.987632000E-6	845.948998000E-6	824.241282000E-6	894.050784000E-6	844.677454000E-6
895.273874000E-6	896.041404000E-6	849.977510000E-6	860.105630000E-6	799.730671000E-6	815.752474000E-6	833.306912000E-6	855.874222000E-6	829.160919000E-6	788.804126000E-6	803.602849000E-6	832.876199000E-6	896.181340000E-6	868.844079000E-6	882.288267000E-6	805.959958000E-6	854.746856000E-6	879.069125000E-6	792.718709000E-6	864.343097000E-6	840.552101000E-6	841.701275000E-6	836.722934000E-6	815.670087000E-6	861.737009000E-6	860.716867000E-6	853.455322000E-6	861.033087000E-6	859.619791000E-6	878.492418000E-6
861.901637000E-6	818.721862000E-6	891.216196000E-6	864.145465000E-6	851.666893000E-6	819.241626000E-6	842.015521000E-6	888.700975000E-6	854.643116000E-6	867.994626000E-6	885.376425000E-6	852.670074000E-6	835.058682000E-6	882.632217000E-6	873.075347000E-6	871.777149000E-6	870.134259000E-6	838.507418000E-6	899.353710000E-6	861.875588000E-6	905.822892000E-6	887.006593000E-6	869.629640000E-6	830.270554000E-6	884.684618000E-6	876.929354000E-6	864.836061000E-6	862.333561000E-6	869.664170000E-6	868.081859000E-6
833.572442000E-6	892.197387000E-6	845.101156000E-6	896.794092000E-6	892.922513000E-6	836.244564000E-6	868.597174000E-6	867.483739000E-6	895.237222000E-6	891.538898000E-6	879.378348000E-6	858.309715000E-6	857.030901000E-6	855.258371000E-6	883.726681000E-6	865.702728000E-6	878.467852000E-6	889.456811000E-6	881.207822000E-6	877.731822000E-6	875.684871000E-6	843.290462000E-6	865.272620000E-6	831.458854000E-6	850.249126000E-6	883.257197000E-6	871.406810000E-6	895.374129000E-6	890.224342000E-6	877.384101000E-6
853.325518000E-6	834.491073000E-6	904.575491000E-6	835.826353000E-6	788.820375000E-6	869.035327000E-6	857.870113000E-6	866.221458000E-6	875.448162000E-6	861.878589000E-6	846.082153000E-6	867.652927000E-6	858.813926000E-6	904.071479000E-6	841.816825000E-6	822.532281000E-6	848.797688000E-6	874.173407000E-6	847.667900000E-6	788.425178000E-6	876.343328000E-6	861.576112000E-6	853.270803000E-6	845.114517000E-6	856.829183000E-6	854.640483000E-6	839.030015000E-6	890.937895000E-6	907.902897000E-6	879.265107000E-6
852.231731000E-6	881.643830000E-6	879.531456000E-6	843.292760000E-6	889.449983000E-6	908.495880000E-6	873.085292000E-6	875.411509000E-6	896.968387000E-6	873.376069000E-6	884.944150000E-6	873.717732000E-6	816.890204000E-6	898.428936000E-6	865.928542000E-6	870.035768000E-6	860.396509000E-6	814.888688000E-6	874.202361000E-6	857.121632000E-6	894.548879000E-6	886.560386000E-6	913.071983000E-6	891.990647000E-6	888.895689000E-6	881.234925000E-6	835.068010000E-6	858.849332000E-6	885.786192000E-6	895.003598000E-6
887.659905000E-6	878.444702000E-6	861.835891000E-6	842.543452000E-6	855.393366000E-6	873.457879000E-6	885.940687000E-6	869.007781000E-6	902.052148000E-6	873.889198000E-6	923.914328000E-6	839.649617000E-6	881.557832000E-6	866.925698000E-6	875.123182000E-6	855.732606000E-6	893.239186000E-6	891.073504000E-6	838.413209000E-6	864.232377000E-6	882.625225000E-6	845.115010000E-6	935.812554000E-6	867.642947000E-6	897.662024000E-6	903.434550000E-6	829.516649000E-6	840.760626000E-6	880.760618000E-6	893.168915000E-6
906.635808000E-6	851.586352000E-6	849.760517000E-6	844.839730000E-6	852.751881000E-6	861.901651000E-6	870.994476000E-6	861.278904000E-6	879.368841000E-6	854.057953000E-6	851.265892000E-6	815.565799000E-6	854.813366000E-6	856.169112000E-6	860.665850000E-6	891.862541000E-6	849.962849000E-6	868.498644000E-6	872.770031000E-6	877.215277000E-6	882.579499000E-6	848.675557000E-6	867.632372000E-6	817.963494000E-6	867.110792000E-6	845.467323000E-6	905.425450000E-6	788.660486000E-6	843.195631000E-6	877.415186000E-6
863.099110000E-6	884.484525000E-6	849.033392000E-6	892.312477000E-6	882.977938000E-6	869.475601000E-6	877.447729000E-6	846.640542000E-6	863.472879000E-6	869.043676000E-6	867.859367000E-6	869.313856000E-6	909.215084000E-6	847.216644000E-6	828.125941000E-6	909.122399000E-6	875.410474000E-6	815.883636000E-6	853.997799000E-6	848.397924000E-6	856.871036000E-6	873.786971000E-6	866.920400000E-6	840.265263000E-6	858.389133000E-6	869.086081000E-6	881.465899000E-6	845.567697000E-6	857.279941000E-6	854.160149000E-6
836.355469000E-6	850.874303000E-6	848.515378000E-6	830.749541000E-6	846.296390000E-6	868.278486000E-6	886.935432000E-6	864.074949000E-6	870.735548000E-6	875.266814000E-6	845.311385000E-6	845.674250000E-6	858.099492000E-6	844.523260000E-6	862.747070000E-6	864.828545000E-6	836.267025000E-6	858.205504000E-6	851.602455000E-6	862.340588000E-6	848.674094000E-6	844.943068000E-6	856.834615000E-6	888.362660000E-6	839.822979000E-6	857.939565000E-6	850.209757000E-6	865.407674000E-6	884.645567000E-6	905.983715000E-6
853.563596000E-6	842.770932000E-6	844.730040000E-6	847.208912000E-6	841.211036000E-6	866.260848000E-6	833.513327000E-6	846.050045000E-6	839.904963000E-6	842.942369000E-6	836.926925000E-6	870.272355000E-6	872.181184000E-6	854.439561000E-6	875.122269000E-6	829.073529000E-6	854.164534000E-6	856.876633000E-6	896.180565000E-6	865.658697000E-6	866.588577000E-6	863.299165000E-6	855.946754000E-6	865.245552000E-6	863.170739000E-6	856.310225000E-6	832.494396000E-6	821.179546000E-6	857.925247000E-6	862.035498000E-6
863.715658000E-6	850.467165000E-6	829.806300000E-6	829.949265000E-6	868.704894000E-6	849.198048000E-6	863.504845000E-6	847.897430000E-6	839.229874000E-6	838.771902000E-6	884.629134000E-6	909.615901000E-6	839.991950000E-6	854.639198000E-6	894.939576000E-6	871.099558000E-6	892.161451000E-6	902.052084000E-6	853.654800000E-6	900.529749000E-6	859.741716000E-6	896.596395000E-6	864.859984000E-6	867.977953000E-6	853.398553000E-6	887.671381000E-6	881.321555000E-6	841.252587000E-6	868.835743000E-6	869.540876000E-6
835.820021000E-6	872.169559000E-6	862.426109000E-6	848.138058000E-6	840.569377000E-6	810.306769000E-6	847.437771000E-6	916.613601000E-6	855.568620000E-6	803.389913000E-6	873.944510000E-6	862.248009000E-6	862.255884000E-6	878.587854000E-6	858.439769000E-6	846.839574000E-6	863.396915000E-6	888.747238000E-6	812.123195000E-6	870.096907000E-6	899.888853000E-6	903.633821000E-6	843.997227000E-6	878.309547000E-6	865.093721000E-6	864.072972000E-6	885.978797000E-6	868.525498000E-6	813.366873000E-6	860.595155000E-6
838.397246000E-6	856.551423000E-6	877.136012000E-6	867.582170000E-6	904.885830000E-6	871.759060000E-6	867.962603000E-6	869.955031000E-6	856.315167000E-6	833.925338000E-6	870.980626000E-6	853.428600000E-6	872.048020000E-6	878.778296000E-6	842.792825000E-6	900.416345000E-6	892.341831000E-6	871.593681000E-6	875.682127000E-6	852.467824000E-6	855.717863000E-6	812.084351000E-6	829.328639000E-6	847.777833000E-6	844.331520000E-6	876.311538000E-6	843.804487000E-6	869.116019000E-6	867.007280000E-6	886.781327000E-6
860.654693000E-6	887.644846000E-6	848.856421000E-6	847.481894000E-6	808.542022000E-6	751.435864000E-6	826.662269000E-6	855.268051000E-6	872.697097000E-6	862.221859000E-6	879.972577000E-6	874.025583000E-6	869.493704000E-6	878.903972000E-6	875.970154000E-6	904.569878000E-6	862.155829000E-6	877.374970000E-6	856.397235000E-6	893.262292000E-6	865.862628000E-6	842.120695000E-6	887.060869000E-6	889.594869000E-6	850.220649000E-6	877.576696000E-6	875.215951000E-6	912.480827000E-6	876.680740000E-6	894.070410000E-6
893.954241000E-6	890.915016000E-6	903.646806000E-6	882.300144000E-6	871.507473000E-6	860.561539000E-6	878.031175000E-6	865.671944000E-6	882.523073000E-6	871.712613000E-6	902.692443000E-6	860.381410000E-6	878.537383000E-6	858.012792000E-6	832.342665000E-6	865.725643000E-6	833.009028000E-6	870.540419000E-6	866.592520000E-6	847.674470000E-6	872.346869000E-6	869.698379000E-6	901.436651000E-6	877.145896000E-6	853.890427000E-6	945.087680000E-6	841.752924000E-6	889.655350000E-6	876.317788000E-6	856.279642000E-6
903.450416000E-6	875.897524000E-6	861.251475000E-6	894.373343000E-6	917.039372000E-6	844.087786000E-6	845.621026000E-6	871.106981000E-6	876.007777000E-6	898.016206000E-6	838.038767000E-6	888.112853000E-6	857.681306000E-6	855.313297000E-6	772.790403000E-6	878.021101000E-6	904.762214000E-6	898.406331000E-6	836.214146000E-6	837.660758000E-6	881.993831000E-6	875.892983000E-6	854.074469000E-6	906.339069000E-6	846.093268000E-6	851.344807000E-6	850.198664000E-6	875.892377000E-6	856.233482000E-6	820.750910000E-6
887.173323000E-6	852.886519000E-6	813.474778000E-6	818.447058000E-6	872.319484000E-6	874.259206000E-6	876.081407000E-6	885.395345000E-6	871.428375000E-6	864.332214000E-6	872.432160000E-6	883.373236000E-6	856.350396000E-6	851.390837000E-6	867.150930000E-6	882.313113000E-6	877.472288000E-6	866.530606000E-6	898.934631000E-6	870.266480000E-6	889.402610000E-6	885.229966000E-6	888.189224000E-6	865.955111000E-6	818.488251000E-6	823.988170000E-6	834.833532000E-6	804.406788000E-6	889.873305000E-6	820.674528000E-6
875.779286000E-6	852.746776000E-6	867.890162000E-6	869.317995000E-6	859.945306000E-6	849.930487000E-6	840.128298000E-6	875.291630000E-6	861.176865000E-6	842.467229000E-6	854.453270000E-6	811.056729000E-6	880.037341000E-6	856.912146000E-6	865.566981000E-6	863.983462000E-6	863.587279000E-6	842.668955000E-6	840.781333000E-6	820.664461000E-6	866.329057000E-6	904.297169000E-6	846.585348000E-6	895.828916000E-6	851.644855000E-6	846.987589000E-6	887.118955000E-6	859.497632000E-6	863.784159000E-6	858.264256000E-6
827.737639000E-6	836.908009000E-6	829.367200000E-6	853.938438000E-6	855.483795000E-6	859.005828000E-6	879.896923000E-6	810.845935000E-6	842.526664000E-6	824.695993000E-6	860.103510000E-6	854.767152000E-6	887.709124000E-6	866.091087000E-6	826.773229000E-6	821.793072000E-6	858.662954000E-6	841.364768000E-6	835.720065000E-6	861.242386000E-6	833.585886000E-6	828.350087000E-6	858.735042000E-6	830.445497000E-6	832.616630000E-6	848.981907000E-6	837.520458000E-6	854.113510000E-6	867.987194000E-6	862.223757000E-6
873.743882000E-6	862.670137000E-6	862.597443000E-6	882.991187000E-6	848.867937000E-6	876.535338000E-6	856.682560000E-6	847.500075000E-6	850.665300000E-6	858.597446000E-6	849.809932000E-6	834.836145000E-6	856.849151000E-6	839.120860000E-6	832.231270000E-6	860.685586000E-6	879.847164000E-6	852.319093000E-6	875.076003000E-6	851.470388000E-6	849.325304000E-6	825.887492000E-6	860.894582000E-6	893.337990000E-6	850.595029000E-6	850.803419000E-6	897.145953000E-6	853.352562000E-6	836.446321000E-6	864.018008000E-6
871.439777000E-6	871.590011000E-6	877.392817000E-6	855.487663000E-6	809.655248000E-6	847.162978000E-6	871.834142000E-6	861.160832000E-6	860.990000000E-6	859.636679000E-6	855.826297000E-6	828.738054000E-6	855.317438000E-6	855.961386000E-6	847.522814000E-6	867.202317000E-6	846.400296000E-6	839.609456000E-6	755.775596000E-6	840.819206000E-6	926.990787000E-6	849.337743000E-6	828.225560000E-6	880.292706000E-6	800.449147000E-6	849.158431000E-6	820.301904000E-6	860.802207000E-6	846.056210000E-6	840.547209000E-6
842.143873000E-6	824.632476000E-6	868.005398000E-6	854.103867000E-6	824.604609000E-6	815.886772000E-6	835.041662000E-6	862.133534000E-6	855.847313000E-6	853.561690000E-6	833.096489000E-6	827.706223000E-6	875.304489000E-6	869.585888000E-6	853.080698000E-6	859.812775000E-6	857.917883000E-6	858.699344000E-6	873.313277000E-6	871.823049000E-6	885.659155000E-6	775.000593000E-6	871.422625000E-6	875.334173000E-6	857.270300000E-6	847.713451000E-6	856.459155000E-6	830.482532000E-6	841.073453000E-6	829.925816000E-6
859.177814000E-6	901.047205000E-6	853.043036000E-6	858.573847000E-6	860.420884000E-6	891.764166000E-6	852.474205000E-6	844.338521000E-6	824.522103000E-6	818.436293000E-6	862.364134000E-6	838.326008000E-6	855.891329000E-6	852.056714000E-6	805.846884000E-6	882.869931000E-6	838.023722000E-6	876.031233000E-6	835.176535000E-6	863.912518000E-6	886.748768000E-6	825.689954000E-6	864.888437000E-6	834.639811000E-6	887.037122000E-6	882.553712000E-6	863.848911000E-6	820.694051000E-6	868.583721000E-6	857.285844000E-6
871.980807000E-6	869.505571000E-6	801.996936000E-6	849.345666000E-6	838.336137000E-6	840.776843000E-6	806.290737000E-6	831.989937000E-6	832.157739000E-6	832.990087000E-6	847.891177000E-6	863.858447000E-6	864.113482000E-6	825.890898000E-6	851.604636000E-6	855.280537000E-6	858.104705000E-6	839.851810000E-6	868.388504000E-6	868.715396000E-6	844.472492000E-6	870.392814000E-6	828.739048000E-6	846.059043000E-6	856.028444000E-6	855.477786000E-6	841.519897000E-6	891.715230000E-6	827.424495000E-6	798.686062000E-6
861.143173000E-6	830.638916000E-6	840.049772000E-6	884.463436000E-6	852.814854000E-6	826.998154000E-6	885.733159000E-6	885.836143000E-6	879.645635000E-6	871.391828000E-6	878.846606000E-6	859.628713000E-6	877.103160000E-6	853.431542000E-6	870.754543000E-6	828.837315000E-6	868.888728000E-6	876.975945000E-6	836.455049000E-6	815.490074000E-6	854.515289000E-6	828.316340000E-6	837.091728000E-6	859.700195000E-6	866.114237000E-6	843.149569000E-6	833.941045000E-6	858.861184000E-6	850.264503000E-6	865.559944000E-6
838.764203000E-6	837.098901000E-6	845.604120000E-6	843.252464000E-6	849.109192000E-6	853.306675000E-6	852.874750000E-6	860.450696000E-6	861.208533000E-6	837.675002000E-6	856.611231000E-6	808.765737000E-6	819.858264000E-6	833.842807000E-6	828.550065000E-6	808.455575000E-6	843.240954000E-6	857.064964000E-6	829.535071000E-6	851.798271000E-6	847.310011000E-6	873.315143000E-6	853.170373000E-6	852.221714000E-6	855.306371000E-6	822.366819000E-6	838.557025000E-6	751.038679000E-6	821.659868000E-6	838.384982000E-6
853.066397000E-6	859.568885000E-6	834.683271000E-6	829.677677000E-6	848.050505000E-6	852.052315000E-6	838.646917000E-6	847.901482000E-6	858.784394000E-6	775.238277000E-6	889.847794000E-6	864.973085000E-6	832.434600000E-6	839.833648000E-6	854.112587000E-6	827.616193000E-6	846.824397000E-6	849.781230000E-6	859.617953000E-6	851.916619000E-6	856.361257000E-6	863.331410000E-6	858.380336000E-6	861.709120000E-6	861.834517000E-6	843.801534000E-6	838.508798000E-6	833.672217000E-6	821.338452000E-6	845.042786000E-6
825.606983000E-6	867.301934000E-6	840.924855000E-6	872.305716000E-6	833.894507000E-6	829.830296000E-6	856.985821000E-6	860.338235000E-6	839.652494000E-6	862.802569000E-6	845.133637000E-6	872.629007000E-6	888.965818000E-6	848.471512000E-6	848.976131000E-6	866.651121000E-6	848.366712000E-6	872.023828000E-6	879.586448000E-6	856.509674000E-6	846.481509000E-6	838.249496000E-6	896.615065000E-6	867.794237000E-6	859.581610000E-6	864.526027000E-6	850.587519000E-6	885.939922000E-6	840.778043000E-6	854.600845000E-6
878.733722000E-6	883.687830000E-6	850.022554000E-6	853.693004000E-6	833.831745000E-6	859.182625000E-6	864.196100000E-6	857.575478000E-6	832.186434000E-6	848.887919000E-6	843.009384000E-6	845.093283000E-6	852.171878000E-6	873.704497000E-6	858.097059000E-6	852.388143000E-6	867.647861000E-6	877.107190000E-6	855.122050000E-6	841.253820000E-6	883.991328000E-6	841.717851000E-6	851.967123000E-6	849.785692000E-6	861.139310000E-6	867.994370000E-6	862.787650000E-6	851.277134000E-6	897.659650000E-6	896.671009000E-6
842.501337000E-6	867.922458000E-6	882.409177000E-6	811.052059000E-6	847.056227000E-6	842.251754000E-6	832.373839000E-6	840.502249000E-6	833.606610000E-6	863.493426000E-6	862.714387000E-6	859.870836000E-6	905.505177000E-6	881.430701000E-6	874.570799000E-6	872.339695000E-6	867.731493000E-6	858.673200000E-6	881.985599000E-6	887.833841000E-6	869.973501000E-6	829.847557000E-6	853.785732000E-6	839.096673000E-6	874.966376000E-6	866.006825000E-6	872.410572000E-6	864.216127000E-6	860.620797000E-6	864.532346000E-6
835.938527000E-6	863.712501000E-6	818.918426000E-6	827.046833000E-6	862.339190000E-6	855.400542000E-6	843.028620000E-6	850.400403000E-6	870.374911000E-6	889.852677000E-6	833.336080000E-6	886.372449000E-6	874.171964000E-6	858.347680000E-6	869.658875000E-6	856.149897000E-6	891.918400000E-6	860.202590000E-6	877.827869000E-6	880.157108000E-6	851.851861000E-6	835.302454000E-6	864.263159000E-6	869.982363000E-6	853.265760000E-6	865.108833000E-6	867.934814000E-6	862.208946000E-6	866.555445000E-6	886.489184000E-6
815.783820000E-6	822.434132000E-6	838.270573000E-6	841.405512000E-6	900.396891000E-6	847.695988000E-6	852.445951000E-6	893.712656000E-6	847.531820000E-6	854.038560000E-6	830.741873000E-6	852.601032000E-6	869.541820000E-6	828.447158000E-6	804.607080000E-6	802.262691000E-6	845.264365000E-6	855.735971000E-6	858.442014000E-6	886.827905000E-6	867.057494000E-6	875.214999000E-6	896.437478000E-6	823.655395000E-6	843.248917000E-6	878.791556000E-6	933.850177000E-6	816.995391000E-6	875.639655000E-6	883.477912000E-6
808.820032000E-6	826.673746000E-6	814.143676000E-6	819.175937000E-6	830.996026000E-6	847.093567000E-6	830.247881000E-6	839.555777000E-6	833.586971000E-6	840.027684000E-6	828.577124000E-6	830.023740000E-6	821.895915000E-6	825.500945000E-6	834.989365000E-6	835.522456000E-6	815.401893000E-6	816.185174000E-6	852.379652000E-6	818.752493000E-6	825.420375000E-6	837.675418000E-6	810.312688000E-6	828.749773000E-6	799.805943000E-6	821.780815000E-6	821.307091000E-6	816.849721000E-6	830.200024000E-6	843.683600000E-6
828.096563000E-6	834.273156000E-6	834.100507000E-6	801.801213000E-6	831.777027000E-6	843.558330000E-6	800.612427000E-6	830.130504000E-6	845.679183000E-6	834.032970000E-6	845.677972000E-6	832.374937000E-6	898.346722000E-6	843.014336000E-6	813.263637000E-6	879.297818000E-6	819.531693000E-6	840.695391000E-6	812.117492000E-6	862.185002000E-6	810.039650000E-6	797.659831000E-6	842.233479000E-6	848.704473000E-6	846.084453000E-6	823.160344000E-6	833.905149000E-6	888.097448000E-6	848.240441000E-6	822.155347000E-6
829.881304000E-6	822.513751000E-6	850.397413000E-6	816.430461000E-6	851.189174000E-6	826.819668000E-6	826.871160000E-6	849.296703000E-6	825.074403000E-6	840.227568000E-6	825.828682000E-6	842.087326000E-6	829.514273000E-6	838.004946000E-6	857.473641000E-6	820.921829000E-6	839.294054000E-6	817.917139000E-6	836.092485000E-6	825.609388000E-6	856.568599000E-6	825.549415000E-6	833.906209000E-6	838.852438000E-6	847.133509000E-6	831.732049000E-6	816.638934000E-6	835.118989000E-6	801.883846000E-6	830.207896000E-6
836.912365000E-6	841.356396000E-6	838.257205000E-6	862.836286000E-6	805.570311000E-6	845.580528000E-6	828.296299000E-6	839.978843000E-6	835.426376000E-6	853.438153000E-6	860.583375000E-6	840.993532000E-6	858.148124000E-6	828.501054000E-6	860.653041000E-6	824.242392000E-6	838.558280000E-6	859.937610000E-6	857.007432000E-6	838.631580000E-6	872.995890000E-6	832.112132000E-6	846.587947000E-6	833.225563000E-6	838.726688000E-6	863.356655000E-6	829.959176000E-6	840.284764000E-6	832.116978000E-6	860.435890000E-6
839.835549000E-6	845.843107000E-6	861.744325000E-6	811.274661000E-6	832.607337000E-6	834.371985000E-6	865.785509000E-6	845.367567000E-6	834.507681000E-6	846.182346000E-6	838.048487000E-6	833.060463000E-6	851.031645000E-6	856.447352000E-6	840.800563000E-6	850.229587000E-6	806.769447000E-6	846.102382000E-6	839.847059000E-6	829.021703000E-6	838.728176000E-6	831.758028000E-6	840.988961000E-6	849.824924000E-6	908.711954000E-6	838.130268000E-6	816.660079000E-6	837.973370000E-6	830.697301000E-6	848.401938000E-6
896.222251000E-6	840.884449000E-6	859.974534000E-6	830.306242000E-6	846.146293000E-6	863.396004000E-6	834.126924000E-6	856.630604000E-6	832.630636000E-6	850.264415000E-6	841.552024000E-6	861.548968000E-6	842.898682000E-6	855.621973000E-6	830.451630000E-6	854.330440000E-6	842.428594000E-6	804.380485000E-6	843.082841000E-6	830.279587000E-6	849.042548000E-6	824.002449000E-6	826.140262000E-6	825.226133000E-6	853.732531000E-6	849.267294000E-6	828.467080000E-6	867.016778000E-6	807.701396000E-6	866.856245000E-6
813.158284000E-6	813.129207000E-6	847.415393000E-6	843.127045000E-6	844.741461000E-6	836.275623000E-6	849.286055000E-6	843.845506000E-6	727.251996000E-6	837.590176000E-6	845.840354000E-6	852.706314000E-6	841.939708000E-6	847.818846000E-6	860.502760000E-6	876.099891000E-6	842.912598000E-6	846.812638000E-6	912.274913000E-6	818.356520000E-6	873.759746000E-6	795.092581000E-6	845.621665000E-6	823.291240000E-6	795.557824000E-6	825.138277000E-6	907.472860000E-6	822.698177000E-6	807.942480000E-6	852.878357000E-6
824.318135000E-6	838.671614000E-6	825.306171000E-6	843.923773000E-6	818.849711000E-6	831.491846000E-6	865.937408000E-6	825.061434000E-6	843.613005000E-6	837.555757000E-6	858.830334000E-6	847.566966000E-6	825.041443000E-6	863.631183000E-6	847.490637000E-6	850.651020000E-6	840.968752000E-6	852.141858000E-6	849.987079000E-6	794.513495000E-6	850.645568000E-6	822.460797000E-6	852.038874000E-6	822.044017000E-6	847.144734000E-6	840.707659000E-6	829.604219000E-6	823.304656000E-6	926.208206000E-6	834.359028000E-6
838.736055000E-6	837.785579000E-6	804.662485000E-6	888.649682000E-6	838.959589000E-6	845.900064000E-6	806.402298000E-6	810.404112000E-6	789.107752000E-6	830.851162000E-6	818.354430000E-6	821.366391000E-6	840.411049000E-6	790.808795000E-6	809.513608000E-6	796.638867000E-6	805.761984000E-6	827.409093000E-6	793.441535000E-6	816.272954000E-6	829.400307000E-6	846.385903000E-6	818.678525000E-6	832.720007000E-6	827.575078000E-6	827.019574000E-6	839.659271000E-6	819.328531000E-6	814.994134000E-6	857.269454000E-6
839.891777000E-6	840.553293000E-6	857.429821000E-6	852.260669000E-6	831.040671000E-6	853.558863000E-6	868.842180000E-6	803.914283000E-6	831.402930000E-6	844.922205000E-6	799.416339000E-6	848.312776000E-6	860.263072000E-6	833.694610000E-6	836.375808000E-6	823.143675000E-6	805.724364000E-6	847.293848000E-6	862.207032000E-6	837.392919000E-6	810.355581000E-6	808.502489000E-6	828.847734000E-6	810.344071000E-6	792.006998000E-6	821.220917000E-6	802.945635000E-6	805.111917000E-6	897.647196000E-6	817.796422000E-6
834.090221000E-6	868.486066000E-6	816.243201000E-6	844.297692000E-6	868.858017000E-6	826.929847000E-6	832.263781000E-6	809.479010000E-6	846.476093000E-6	862.528174000E-6	850.476695000E-6	820.000277000E-6	820.139607000E-6	919.547045000E-6	866.572829000E-6	819.395098000E-6	828.540023000E-6	827.256365000E-6	846.617847000E-6	800.059059000E-6	846.789284000E-6	844.120197000E-6	826.077508000E-6	803.286074000E-6	850.065367000E-6	808.406072000E-6	867.696673000E-6	836.724098000E-6	821.309293000E-6	876.197048000E-6
824.698086000E-6	833.185733000E-6	841.801201000E-6	809.873931000E-6	853.120286000E-6	795.416277000E-6	794.269526000E-6	790.610588000E-6	828.822873000E-6	799.883332000E-6	791.093398000E-6	827.640381000E-6	830.715949000E-6	821.390502000E-6	822.422153000E-6	809.461998000E-6	822.977657000E-6	788.437638000E-6	826.987951000E-6	771.833083000E-6	824.442444000E-6	833.295986000E-6	817.133654000E-6	803.886356000E-6	814.023556000E-6	860.373345000E-6	811.327814000E-6	807.273677000E-6	813.228766000E-6	829.607970000E-6
886.053688000E-6	842.056134000E-6	831.810493000E-6	838.162148000E-6	769.564274000E-6	840.468372000E-6	794.480208000E-6	848.633747000E-6	845.769596000E-6	821.217132000E-6	807.732965000E-6	846.525009000E-6	828.382962000E-6	829.953157000E-6	835.207129000E-6	802.234255000E-6	885.073965000E-6	843.384620000E-6	835.184110000E-6	851.439137000E-6	845.247409000E-6	831.248931000E-6	851.823810000E-6	829.458230000E-6	819.998293000E-6	887.501514000E-6	815.285286000E-6	842.383258000E-6	822.474742000E-6	840.087939000E-6
783.479476000E-6	786.928206000E-6	826.066715000E-6	801.495500000E-6	788.987872000E-6	824.050059000E-6	813.311321000E-6	744.350054000E-6	779.793885000E-6	812.643141000E-6	818.745206000E-6	798.639833000E-6	836.119704000E-6	790.999076000E-6	804.618317000E-6	796.438413000E-6	838.636132000E-6	835.314011000E-6	826.920870000E-6	848.534041000E-6	803.501251000E-6	829.096242000E-6	854.982614000E-6	863.466622000E-6	836.833924000E-6	824.812135000E-6	826.000684000E-6	841.540262000E-6	816.005244000E-6	834.751238000E-6
806.756748000E-6	815.197146000E-6	812.062816000E-6	836.714013000E-6	860.446235000E-6	844.362045000E-6	806.605301000E-6	814.545927000E-6	814.550774000E-6	801.184740000E-6	775.589124000E-6	810.014052000E-6	886.531931000E-6	834.450801000E-6	803.099019000E-6	774.060729000E-6	797.183532000E-6	818.499278000E-6	816.534719000E-6	808.713432000E-6	847.464874000E-6	817.617862000E-6	819.195931000E-6	816.148228000E-6	823.985871000E-6	848.984182000E-6	833.282849000E-6	836.183346000E-6	823.183206000E-6	818.902731000E-6
830.405163000E-6	830.958244000E-6	848.323046000E-6	842.195540000E-6	830.431818000E-6	810.652361000E-6	857.023923000E-6	776.134176000E-6	816.450321000E-6	819.647043000E-6	818.464553000E-6	823.949322000E-6	808.964646000E-6	768.333231000E-6	832.078155000E-6	816.520389000E-6	807.285198000E-6	805.231588000E-6	803.725001000E-6	788.069096000E-6	802.040313000E-6	818.423765000E-6	818.990173000E-6	860.266537000E-6	817.034700000E-6	748.185432000E-6	828.249595000E-6	819.044088000E-6	801.094077000E-6	881.733129000E-6
744.823714000E-6	846.256991000E-6	780.234281000E-6	797.954104000E-6	880.705571000E-6	800.515364000E-6	832.813406000E-6	851.306211000E-6	810.025585000E-6	801.026040000E-6	777.142354000E-6	783.977428000E-6	833.550041000E-6	817.254420000E-6	788.022862000E-6	790.057088000E-6	822.177636000E-6	820.741319000E-6	829.547013000E-6	834.894884000E-6	846.793718000E-6	828.652268000E-6	817.636670000E-6	825.779029000E-6	873.198076000E-6	816.538987000E-6	857.630608000E-6	809.700278000E-6	857.418583000E-6	807.099037000E-6
813.050509000E-6	794.763074000E-6	800.657361000E-6	781.909530000E-6	790.308738000E-6	767.795347000E-6	771.480337000E-6	801.567250000E-6	790.244347000E-6	784.721407000E-6	814.447266000E-6	805.597356000E-6	766.289800000E-6	827.302624000E-6	800.863148000E-6	808.709878000E-6	830.524794000E-6	803.824224000E-6	803.756376000E-6	849.691218000E-6	802.996116000E-6	805.936596000E-6	743.165783000E-6	778.055957000E-6	826.202519000E-6	824.453619000E-6	838.652608000E-6	791.677028000E-6	826.011091000E-6	866.476303000E-6
