[Main]
Experiment = "IvsV"
Header length = 32    
Date = "20190830 17:32:52"
Comments = "SD: 1Vb to 2V-, BG: 2Va to 2V-"

[System]
System = "PPMS"
Magnet stability range (G) = 5.000000E+1
Magnet check interval (s) = 1.000000E+0
Magnet approach mode = "Linear Approach"
Magnet mode = "Persistent"
Temperature stability time (s) = 1.000000E+0
Temperature approach mode = "Fast Settle"

[Dynamic Voltage]
Voltage source = "Keithley 6430"
GPIB = "GPIB0::9::INSTR"
Initial Voltage (V) = -100.000000E-3
Final Voltage (V) = 100.000000E-3
Voltage step (V) = 1.000000E-3
Number of measurement sequences = 1.000000E+0
Samples/sequence = 30.000000E+0
Pre-measuement delay (s) = 1.000000E+0
Current limit (A) = 100.000000E-6
Auto-range = TRUE
Manual range (V) = 10.000000E+0
Measurement Type = "Static"
Pattern = "Linear"
Check compliance = TRUE
Measurement Speed = 1.000000
Time (s)	Voltage 1 (V)	Current (A)	STD_Current (A)	Resistance 1 (Ohms)	STD_Resistance 1 (Ohms)	di/dv (A/V)	Voltage 2 (V)	STD_Voltage 2 (V)	Resistance 2 (Ohms)	STD_Resistance 2 (Ohms)
0.000000000E+0	-100.000001490E-3	-3.007587133E-9	85.517329619E-12	33.249245012E+6	945.404578218E+3	30.075870885E-9	-62.330830083E-3	1.992800083E-3	20.724530103E+6	662.590972342E+3
4.797352791E+0	-98.999999464E-3	-2.943367400E-9	90.005987761E-12	33.634944609E+6	1.028531611E+6	64.219603189E-9	-62.419522077E-3	2.320217829E-3	21.206840191E+6	788.286854429E+3
9.508678436E+0	-97.999997437E-3	-2.884265033E-9	81.479229836E-12	33.977459181E+6	959.848409854E+3	59.102246893E-9	-61.468219030E-3	2.183777816E-3	21.311570996E+6	757.134934195E+3
14.218214989E+0	-97.000002861E-3	-2.838441867E-9	66.460741448E-12	34.173679581E+6	800.160154635E+3	45.823415214E-9	-61.678976130E-3	2.265024262E-3	21.729871185E+6	797.981557689E+3
18.928308010E+0	-96.000000834E-3	-2.802602033E-9	62.025665269E-12	34.253882532E+6	758.088314663E+3	35.839760702E-9	-61.082793383E-3	2.142086595E-3	21.795029282E+6	764.320645369E+3
23.641507626E+0	-94.999998808E-3	-2.757528400E-9	78.696264777E-12	34.451140669E+6	983.190631143E+3	45.073541989E-9	-60.839232783E-3	2.227121840E-3	22.062957822E+6	807.651460488E+3
28.347965240E+0	-93.999996781E-3	-2.747376567E-9	76.149843787E-12	34.214456774E+6	948.332154455E+3	10.151812760E-9	-60.868028637E-3	2.273128166E-3	22.154963894E+6	827.381362138E+3
33.047840595E+0	-93.000002205E-3	-2.690681133E-9	73.113683196E-12	34.563739662E+6	939.197989828E+3	56.695740852E-9	-60.261675210E-3	2.267921763E-3	22.396438754E+6	842.880167053E+3
37.737771988E+0	-92.000000179E-3	-2.668281533E-9	70.071320538E-12	34.479120374E+6	905.450742505E+3	22.399554606E-9	-59.678364030E-3	2.284722972E-3	22.365842316E+6	856.252589362E+3
42.437576771E+0	-90.999998152E-3	-2.647286700E-9	79.012967313E-12	34.374817866E+6	1.025977413E+6	20.994790786E-9	-59.058865273E-3	2.128416900E-3	22.309206356E+6	803.999392915E+3
47.136342049E+0	-90.000003576E-3	-2.604085133E-9	77.189779800E-12	34.561083439E+6	1.024452844E+6	43.201800994E-9	-58.321212000E-3	2.106279367E-3	22.396046601E+6	808.836600685E+3
51.837106228E+0	-89.000001550E-3	-2.588464033E-9	86.260911357E-12	34.383325557E+6	1.145828939E+6	15.621068343E-9	-58.315309440E-3	2.276024773E-3	22.528923983E+6	879.295498596E+3
56.540028095E+0	-87.999999523E-3	-2.534329667E-9	88.632108440E-12	34.723185654E+6	1.214360230E+6	54.134256960E-9	-58.496979753E-3	2.214757077E-3	23.081835218E+6	873.902517792E+3
61.249169350E+0	-86.999997497E-3	-2.515765167E-9	86.643279598E-12	34.581923086E+6	1.191005930E+6	18.564462378E-9	-57.568414570E-3	2.072490294E-3	22.883063703E+6	823.801172545E+3
65.953837395E+0	-86.000002921E-3	-2.492439133E-9	81.301552163E-12	34.504354297E+6	1.125506947E+6	23.326159855E-9	-57.348905233E-3	2.087522061E-3	23.009149739E+6	837.541841385E+3
70.655840874E+0	-85.000000894E-3	-2.480800433E-9	82.003190604E-12	34.263135298E+6	1.132572526E+6	11.638676414E-9	-56.247939037E-3	2.340759781E-3	22.673302649E+6	943.550214644E+3
75.358625412E+0	-83.999998868E-3	-2.438808567E-9	83.046883388E-12	34.443047321E+6	1.172862755E+6	41.991781568E-9	-55.828705557E-3	2.684802829E-3	22.891794920E+6	1.100866573E+6
80.062983036E+0	-82.999996841E-3	-2.426153367E-9	90.018161407E-12	34.210531775E+6	1.269321723E+6	12.655174354E-9	-55.525993927E-3	2.213220416E-3	22.886431950E+6	912.234340229E+3
84.775228024E+0	-82.000002265E-3	-2.378145867E-9	88.903149190E-12	34.480644528E+6	1.289003306E+6	48.007760395E-9	-55.674961040E-3	2.330130875E-3	23.411079119E+6	979.809904711E+3
89.481467724E+0	-81.000000238E-3	-2.323323067E-9	93.605125444E-12	34.863855742E+6	1.404641325E+6	54.822688899E-9	-54.881988713E-3	2.119333460E-3	23.622194219E+6	912.199207271E+3
94.194182873E+0	-79.999998212E-3	-2.325518967E-9	78.669089780E-12	34.400922701E+6	1.163735629E+6	-2.195895550E-9	-54.688433710E-3	2.057337697E-3	23.516657784E+6	884.678958131E+3
98.904220581E+0	-79.000003636E-3	-2.288541833E-9	71.862548875E-12	34.519798802E+6	1.083956908E+6	36.977333899E-9	-54.419664047E-3	2.118131452E-3	23.779186928E+6	925.537572160E+3
103.617331982E+0	-78.000001609E-3	-2.264495167E-9	73.192773915E-12	34.444764006E+6	1.113320029E+6	24.046617935E-9	-54.005755443E-3	2.226038768E-3	23.848916190E+6	983.017672403E+3
108.328126907E+0	-76.999999583E-3	-2.222643667E-9	66.032315403E-12	34.643429686E+6	1.029218453E+6	41.851415186E-9	-53.463485130E-3	2.065574837E-3	24.054006466E+6	929.332428856E+3
113.023840427E+0	-75.999997556E-3	-2.205811100E-9	85.220927203E-12	34.454445150E+6	1.331138356E+6	16.832532555E-9	-52.898990727E-3	2.226125624E-3	23.981650435E+6	1.009209549E+6
117.723769665E+0	-75.000002980E-3	-2.151992667E-9	82.166459766E-12	34.851421263E+6	1.330681999E+6	53.818725247E-9	-52.872305110E-3	2.182401343E-3	24.568998737E+6	1.014130474E+6
122.427988529E+0	-74.000000954E-3	-2.130813600E-9	88.978936414E-12	34.728519169E+6	1.450200383E+6	21.179023746E-9	-52.488563910E-3	2.257091345E-3	24.633109114E+6	1.059262689E+6
127.121904850E+0	-72.999998927E-3	-2.101875633E-9	74.765729713E-12	34.730884059E+6	1.235410815E+6	28.937908022E-9	-52.392300323E-3	2.119146890E-3	24.926451162E+6	1.008217069E+6
131.824408054E+0	-71.999996901E-3	-2.054640433E-9	87.774192724E-12	35.042626307E+6	1.497020201E+6	47.235104275E-9	-52.005910110E-3	2.171973698E-3	25.311441003E+6	1.057106471E+6
136.524043083E+0	-71.000002325E-3	-2.038855300E-9	80.519085549E-12	34.823463109E+6	1.375258659E+6	15.785218953E-9	-51.207941037E-3	2.342321754E-3	25.116025172E+6	1.148841585E+6
141.222976685E+0	-70.000000298E-3	-2.014696000E-9	93.230663298E-12	34.744696122E+6	1.607821262E+6	24.159251040E-9	-50.664455887E-3	2.194924097E-3	25.147444521E+6	1.089456721E+6
145.932682991E+0	-68.999998271E-3	-1.968954167E-9	86.234512827E-12	35.043983979E+6	1.534825410E+6	45.741740635E-9	-50.739199237E-3	2.036800831E-3	25.769619271E+6	1.034458225E+6
150.639976501E+0	-68.000003695E-3	-1.937335067E-9	71.017126921E-12	35.099764034E+6	1.286656315E+6	31.619271504E-9	-50.629264737E-3	2.209001030E-3	26.133458072E+6	1.140226628E+6
155.337759972E+0	-67.000001669E-3	-1.919243533E-9	80.047001057E-12	34.909588338E+6	1.455994409E+6	18.091496670E-9	-50.379513920E-3	2.109178415E-3	26.249672355E+6	1.098963408E+6
160.038277626E+0	-65.999999642E-3	-1.894279500E-9	80.534620170E-12	34.841743070E+6	1.481284332E+6	24.963982742E-9	-49.508823000E-3	2.155884353E-3	26.135965152E+6	1.138102563E+6
164.739758968E+0	-64.999997616E-3	-1.845319867E-9	80.315653504E-12	35.224244203E+6	1.533099081E+6	48.959534114E-9	-49.845515540E-3	2.251872318E-3	27.011856557E+6	1.220315436E+6
169.436066151E+0	-64.000003040E-3	-1.828369033E-9	75.922146442E-12	35.003876063E+6	1.453519151E+6	16.950925276E-9	-48.740550113E-3	2.085494466E-3	26.657938974E+6	1.140631037E+6
174.128455639E+0	-63.000001013E-3	-1.821664000E-9	69.118329683E-12	34.583765729E+6	1.312191557E+6	6.705019745E-9	-47.683119190E-3	1.993133220E-3	26.175584076E+6	1.094127797E+6
178.825117588E+0	-61.999998987E-3	-1.783599533E-9	78.704130557E-12	34.761165737E+6	1.533891031E+6	38.064389527E-9	-47.949045797E-3	2.237093133E-3	26.883302502E+6	1.254257523E+6
183.557309628E+0	-61.000000685E-3	-1.751702433E-9	76.026112581E-12	34.823266512E+6	1.511374038E+6	31.897154185E-9	-47.542039383E-3	2.282872880E-3	27.140476875E+6	1.303230981E+6
188.273942471E+0	-59.999998659E-3	-1.721689067E-9	86.102973867E-12	34.849497404E+6	1.742849753E+6	30.013305843E-9	-47.519579950E-3	2.221189380E-3	27.600558585E+6	1.290122254E+6
192.975588799E+0	-59.000000358E-3	-1.697851967E-9	79.754202498E-12	34.749790627E+6	1.632322424E+6	23.837140493E-9	-46.670773433E-3	2.079325089E-3	27.488128735E+6	1.224679848E+6
197.677471638E+0	-57.999998331E-3	-1.675576500E-9	80.495960651E-12	34.614950932E+6	1.662928388E+6	22.275421524E-9	-45.353693380E-3	2.153984875E-3	27.067515795E+6	1.285518671E+6
202.385357380E+0	-57.000000030E-3	-1.642585833E-9	75.815612213E-12	34.701382949E+6	1.601685915E+6	32.990722709E-9	-45.757668560E-3	2.079996186E-3	27.857094364E+6	1.266293757E+6
207.086683273E+0	-56.000001729E-3	-1.605105467E-9	74.443026084E-12	34.888674228E+6	1.618098337E+6	37.480430336E-9	-45.182245033E-3	2.089519903E-3	28.149081772E+6	1.301796017E+6
211.792612076E+0	-54.999999702E-3	-1.586113533E-9	57.912864635E-12	34.675953862E+6	1.266103453E+6	18.991894845E-9	-45.264659703E-3	2.089982593E-3	28.538095636E+6	1.317675280E+6
216.494723797E+0	-54.000001401E-3	-1.537447567E-9	81.834174875E-12	35.123149935E+6	1.869510256E+6	48.666049337E-9	-45.190959747E-3	2.139416231E-3	29.393496550E+6	1.391537687E+6
221.196093559E+0	-52.999999374E-3	-1.511935333E-9	96.702437476E-12	35.054408880E+6	2.242058049E+6	25.512181631E-9	-44.764551537E-3	2.257490298E-3	29.607451159E+6	1.493112998E+6
225.927869320E+0	-52.000001073E-3	-1.503610367E-9	64.766951113E-12	34.583428144E+6	1.489656662E+6	8.324980809E-9	-43.863888327E-3	2.114991575E-3	29.172376900E+6	1.406608801E+6
230.630765438E+0	-50.999999046E-3	-1.455988267E-9	87.526573133E-12	35.027754147E+6	2.105689555E+6	47.622003491E-9	-43.265859373E-3	2.122690678E-3	29.715802224E+6	1.457903698E+6
235.336114883E+0	-50.000000745E-3	-1.421528633E-9	82.354929111E-12	35.173403878E+6	2.037738189E+6	34.459691871E-9	-43.318280323E-3	2.144921238E-3	30.473026929E+6	1.508883597E+6
240.046186924E+0	-48.999998719E-3	-1.378870033E-9	63.855769966E-12	35.536343190E+6	1.645695752E+6	42.658513550E-9	-43.137552530E-3	2.208375410E-3	31.284712473E+6	1.601583439E+6
244.744193554E+0	-48.000000417E-3	-1.353735833E-9	79.010035247E-12	35.457435074E+6	2.069453379E+6	25.134242696E-9	-42.885749387E-3	2.254192424E-3	31.679555443E+6	1.665164184E+6
249.444308758E+0	-46.999998391E-3	-1.333628500E-9	58.401770827E-12	35.242197052E+6	1.543313386E+6	20.107292585E-9	-42.209891367E-3	2.146615758E-3	31.650411915E+6	1.609605492E+6
254.137844563E+0	-46.000000089E-3	-1.283276600E-9	78.835094235E-12	35.845740575E+6	2.202099170E+6	50.351985535E-9	-42.129997730E-3	2.207829359E-3	32.830021002E+6	1.720462571E+6
258.838060856E+0	-45.000001788E-3	-1.280161433E-9	76.178045375E-12	35.151818057E+6	2.091764930E+6	3.115171959E-9	-41.242136977E-3	2.173705325E-3	32.216356393E+6	1.697993135E+6
263.544419765E+0	-43.999999762E-3	-1.242294700E-9	84.723249238E-12	35.418326877E+6	2.415494275E+6	37.866656594E-9	-41.392789030E-3	2.168217428E-3	33.319621367E+6	1.745332592E+6
268.237368584E+0	-43.000001460E-3	-1.219877767E-9	85.767665326E-12	35.249434521E+6	2.478331670E+6	22.416971414E-9	-40.953587697E-3	2.155491424E-3	33.571878114E+6	1.766973284E+6
272.937425613E+0	-41.999999434E-3	-1.201302933E-9	76.325996220E-12	34.962038524E+6	2.221348459E+6	18.574795690E-9	-40.544499383E-3	2.163733887E-3	33.750437345E+6	1.801155917E+6
278.031147957E+0	-41.000001132E-3	-1.152553967E-9	73.599239510E-12	35.573172553E+6	2.271614625E+6	48.749049478E-9	-40.185773903E-3	2.259121290E-3	34.866717799E+6	1.960100226E+6
283.538654327E+0	-39.999999106E-3	-1.139006133E-9	56.585182588E-12	35.118335130E+6	1.744659091E+6	13.547805878E-9	-40.168585173E-3	2.189035486E-3	35.266346684E+6	1.921882088E+6
289.039404869E+0	-39.000000805E-3	-1.126298700E-9	84.188022119E-12	34.626694326E+6	2.588259143E+6	12.707454920E-9	-39.418257730E-3	2.165701509E-3	34.998049567E+6	1.922848272E+6
294.690551758E+0	-37.999998778E-3	-1.080558497E-9	64.162694105E-12	35.166998266E+6	2.088188061E+6	45.740110638E-9	-38.500791520E-3	2.193936282E-3	35.630455583E+6	2.030372524E+6
301.476634979E+0	-37.000000477E-3	-1.060905800E-9	54.987668110E-12	34.875858419E+6	1.807646002E+6	19.652730051E-9	-38.081992473E-3	2.058639859E-3	35.895734073E+6	1.940454901E+6
309.023065567E+0	-35.999998450E-3	-1.024711973E-9	56.101415669E-12	35.131821807E+6	1.923413593E+6	36.193753318E-9	-38.224415367E-3	2.179583112E-3	37.302594643E+6	2.127020244E+6
317.461337566E+0	-35.000000149E-3	-986.811683333E-12	12.648506188E-12	35.467760202E+6	454.609721361E+3	37.900354383E-9	-38.086376640E-3	2.244182358E-3	38.595384797E+6	2.274174896E+6
327.383983135E+0	-34.000001848E-3	-963.730916667E-12	14.554909515E-12	35.279559117E+6	532.815521212E+3	23.080805875E-9	-37.439789557E-3	2.273738176E-3	38.848799918E+6	2.359308118E+6
337.215235710E+0	-32.999999821E-3	-920.987503333E-12	9.075672080E-12	35.831104876E+6	353.089870306E+3	42.743326712E-9	-37.739832680E-3	2.228526587E-3	40.977573033E+6	2.419714251E+6
346.546447277E+0	-32.000001520E-3	-891.131450000E-12	5.516078276E-12	35.909406541E+6	222.278202974E+3	29.856104051E-9	-36.980644267E-3	2.178866787E-3	41.498528939E+6	2.445056548E+6
355.878983021E+0	-30.999999493E-3	-865.785486667E-12	10.886114003E-12	35.805635427E+6	450.208781755E+3	25.345911968E-9	-36.579158243E-3	2.242329327E-3	42.249678248E+6	2.589936378E+6
365.203927040E+0	-29.999999329E-3	-834.556070000E-12	6.369362926E-12	35.947254364E+6	274.350780596E+3	31.229411548E-9	-35.947135683E-3	2.039876157E-3	43.073361965E+6	2.444264958E+6
374.535423279E+0	-28.999999166E-3	-801.795133333E-12	8.468233548E-12	36.168839096E+6	382.000543409E+3	32.760931297E-9	-36.100993790E-3	2.253263347E-3	45.025209420E+6	2.810273165E+6
383.861186028E+0	-28.000000864E-3	-771.808316667E-12	7.508886219E-12	36.278438907E+6	352.951197939E+3	29.986867606E-9	-35.367767930E-3	2.190969574E-3	45.824548876E+6	2.838748335E+6
393.194985390E+0	-27.000000700E-3	-749.259146667E-12	10.458128114E-12	36.035597057E+6	502.983370136E+3	22.549166304E-9	-34.415467023E-3	2.184684442E-3	45.932661852E+6	2.915792822E+6
402.527983665E+0	-26.000000536E-3	-714.653726667E-12	9.724000720E-12	36.381256497E+6	495.024864741E+3	34.605414328E-9	-34.333192437E-3	2.223797426E-3	48.041717486E+6	3.111713188E+6
411.848639011E+0	-25.000000373E-3	-684.633980000E-12	7.586071452E-12	36.515862640E+6	404.613196585E+3	30.019741746E-9	-33.926440137E-3	2.154503154E-3	49.554128378E+6	3.146941602E+6
421.178503990E+0	-24.000000209E-3	-661.412496667E-12	7.099031068E-12	36.285979369E+6	389.462394764E+3	23.221479527E-9	-33.548623240E-3	2.189694374E-3	50.722693341E+6	3.310633509E+6
430.498949528E+0	-23.000000045E-3	-635.025280000E-12	4.955408645E-12	36.219030595E+6	282.634570579E+3	26.387212341E-9	-33.407639687E-3	2.186303666E-3	52.608361807E+6	3.442860836E+6
439.816035748E+0	-21.999999881E-3	-606.425066667E-12	4.749636666E-12	36.278183555E+6	284.137645797E+3	28.600208645E-9	-33.161861280E-3	2.362163881E-3	54.684186230E+6	3.895227969E+6
449.133159161E+0	-20.999999717E-3	-576.847486667E-12	5.892411099E-12	36.404769375E+6	371.869293132E+3	29.577575152E-9	-32.342487837E-3	2.171414764E-3	56.067658409E+6	3.764278798E+6
458.449591160E+0	-19.999999553E-3	-548.249876667E-12	4.320560197E-12	36.479715553E+6	287.483524792E+3	28.597605312E-9	-32.340013677E-3	2.190274072E-3	58.987726314E+6	3.995028846E+6
467.783123016E+0	-18.999999389E-3	-514.024326667E-12	1.854024281E-12	36.963229955E+6	133.321950495E+3	34.225544390E-9	-32.129202597E-3	2.181210451E-3	62.505218002E+6	4.243399268E+6
477.098707676E+0	-17.999999225E-3	-485.295966667E-12	5.309695133E-12	37.090766175E+6	405.815572672E+3	28.728355291E-9	-31.714750530E-3	2.246127368E-3	65.351358157E+6	4.628366033E+6
486.424907684E+0	-17.000000924E-3	-460.877750000E-12	5.581636055E-12	36.886139381E+6	446.723682171E+3	24.418258147E-9	-31.346666297E-3	2.293249310E-3	68.015143488E+6	4.975829946E+6
495.749760628E+0	-16.000000760E-3	-431.565926667E-12	3.323807607E-12	37.074291021E+6	285.536468271E+3	29.311818529E-9	-31.120456907E-3	2.205160771E-3	72.110551329E+6	5.109673019E+6
505.066038132E+0	-14.999999665E-3	-401.195130000E-12	8.489510349E-12	37.388289496E+6	791.156838310E+3	30.370763404E-9	-30.409916410E-3	2.221117889E-3	75.798318913E+6	5.536253367E+6
514.391909599E+0	-14.000000432E-3	-372.550840000E-12	6.917519685E-12	37.578764907E+6	697.762071877E+3	28.644311982E-9	-29.803022743E-3	2.266546660E-3	79.997196472E+6	6.083858676E+6
523.719793320E+0	-13.000000268E-3	-343.611716667E-12	7.975906899E-12	37.833402174E+6	878.188020875E+3	28.939118590E-9	-29.183306397E-3	2.101955125E-3	84.931057299E+6	6.117239382E+6
533.036179066E+0	-12.000000104E-3	-313.800773333E-12	7.690868097E-12	38.240823873E+6	937.235205703E+3	29.810938447E-9	-28.945492317E-3	2.198631691E-3	92.241621999E+6	7.006457211E+6
542.349714279E+0	-10.999999940E-3	-284.527086667E-12	6.040030610E-12	38.660642364E+6	820.700292562E+3	29.273681868E-9	-28.972594810E-3	2.215192722E-3	101.827193851E+6	7.785524913E+6
551.678114414E+0	-9.999999776E-3	-255.416316667E-12	8.130672271E-12	39.151765662E+6	1.246318871E+6	29.110765228E-9	-28.296325553E-3	2.154183388E-3	110.785113193E+6	8.434008509E+6
561.001558304E+0	-8.999999613E-3	-227.049903333E-12	5.673505238E-12	39.638861239E+6	990.492766382E+3	28.366408684E-9	-27.841892257E-3	2.187966013E-3	122.624550145E+6	9.636498326E+6
570.336666107E+0	-8.000000380E-3	-195.530633333E-12	6.222318591E-12	40.914307102E+6	1.302004956E+6	31.519294188E-9	-27.563482837E-3	2.210128425E-3	140.967593501E+6	11.303233604E+6
579.662940025E+0	-7.000000216E-3	-169.859150000E-12	5.396894748E-12	41.210616067E+6	1.309375193E+6	25.671479125E-9	-27.335929237E-3	2.227774642E-3	160.932921404E+6	13.115423233E+6
588.992082119E+0	-6.000000052E-3	-141.113253333E-12	5.667518446E-12	42.519039923E+6	1.707688239E+6	28.745891955E-9	-26.975599983E-3	2.239033234E-3	191.162767112E+6	15.866923773E+6
598.311808586E+0	-4.999999888E-3	-113.248240000E-12	3.978538865E-12	44.150795529E+6	1.551067424E+6	27.865008766E-9	-26.477248230E-3	2.166944400E-3	233.798319780E+6	19.134464257E+6
611.859240532E+0	-4.000000190E-3	-81.489959333E-12	1.341490571E-12	49.085804223E+6	808.052232072E+3	31.758290250E-9	-30.786899327E-3	3.185954034E-3	377.799910302E+6	39.096277141E+6
622.018635273E+0	-3.000000026E-3	-54.226896333E-12	789.837221006E-15	55.323100323E+6	805.803886475E+3	27.263058531E-9	-30.653003453E-3	3.126627493E-3	565.273056841E+6	57.658241655E+6
631.762609482E+0	-2.000000095E-3	-25.883739333E-12	634.604449624E-15	77.268592039E+6	1.894432319E+6	28.343158953E-9	-31.198908593E-3	3.347092022E-3	1.205347813E+9	129.312537850E+6
641.508942127E+0	-1.000000047E-3	2.235309003E-12	706.726901044E-15	-447.365463122E+6	141.441387707E+6	28.119047001E-9	-31.075117177E-3	3.480283718E-3	-13.901933527E+9	1.556958663E+9
651.247291088E+0	76.327832943E-18	30.608905333E-12	695.046497704E-15	2.493647914E-6	56.624084738E-9	28.373594982E-9	-30.979793593E-3	3.366934860E-3	-1.012117005E+9	109.998538759E+6
660.986548901E+0	1.000000047E-3	55.842359000E-12	605.282368693E-15	17.907553789E+6	194.102232947E+3	25.233452468E-9	-30.773157040E-3	3.327372700E-3	-551.071938777E+6	59.585102778E+6
670.728946209E+0	2.000000095E-3	83.844012667E-12	1.077514094E-12	23.853821297E+6	306.555326126E+3	28.001652337E-9	-30.704102077E-3	3.361819537E-3	-366.205064621E+6	40.096119336E+6
680.471994400E+0	3.000000026E-3	108.762781333E-12	6.173322792E-12	27.582965324E+6	1.565595753E+6	24.918770384E-9	-30.749220433E-3	3.412559834E-3	-282.718224528E+6	31.376172919E+6
691.400147915E+0	4.000000190E-3	142.254586667E-12	4.880549201E-12	28.118602596E+6	964.708602009E+3	33.491799844E-9	-23.107837597E-3	2.232696117E-3	-162.440017845E+6	15.695072963E+6
701.057923794E+0	4.999999888E-3	172.086730000E-12	6.820607360E-12	29.055115919E+6	1.151591046E+6	29.832152335E-9	-22.701429067E-3	2.163004717E-3	-131.918533560E+6	12.569270836E+6
710.382184029E+0	6.000000052E-3	200.831606667E-12	7.000033923E-12	29.875775789E+6	1.041327346E+6	28.744871955E-9	-22.649041990E-3	2.283383830E-3	-112.776282409E+6	11.369643794E+6
719.700625420E+0	7.000000216E-3	229.629360000E-12	7.416641589E-12	30.483907703E+6	984.578878143E+3	28.797748613E-9	-22.127748140E-3	2.294518372E-3	-96.362887307E+6	9.992269160E+6
729.018971920E+0	8.000000380E-3	255.650270000E-12	5.551380587E-12	31.292751539E+6	679.514140221E+3	26.020905735E-9	-21.732033613E-3	2.237201912E-3	-85.006887000E+6	8.751025032E+6
738.345858097E+0	8.999999613E-3	284.953883333E-12	5.828981663E-12	31.584056716E+6	646.079587630E+3	29.303635821E-9	-21.186617653E-3	2.279942923E-3	-74.351040265E+6	8.001094411E+6
747.674556732E+0	9.999999776E-3	313.737010000E-12	9.785960500E-12	31.873828900E+6	994.195841297E+3	28.783121949E-9	-20.731493200E-3	2.261074880E-3	-66.079208188E+6	7.206911546E+6
756.997574329E+0	10.999999940E-3	344.454396667E-12	8.410692884E-12	31.934560995E+6	779.760071338E+3	30.717381632E-9	-20.715317247E-3	2.294377760E-3	-60.139505976E+6	6.660904266E+6
766.317823887E+0	12.000000104E-3	366.404750000E-12	5.016336995E-12	32.750667409E+6	448.379516177E+3	21.950349735E-9	-20.462554133E-3	2.323572191E-3	-55.846858244E+6	6.341544948E+6
775.643131256E+0	13.000000268E-3	399.039243333E-12	5.951019010E-12	32.578250098E+6	485.851426566E+3	32.634487984E-9	-19.900382363E-3	2.194264724E-3	-49.870740023E+6	5.498869498E+6
784.987397671E+0	14.000000432E-3	430.081633333E-12	7.964816869E-12	32.551960714E+6	602.839985988E+3	31.042384912E-9	-19.649214537E-3	2.286930076E-3	-45.687174280E+6	5.317432550E+6
794.299706459E+0	14.999999665E-3	456.131506667E-12	6.347841664E-12	32.885252269E+6	457.653925311E+3	26.049893324E-9	-19.697259113E-3	2.443565131E-3	-43.183289962E+6	5.357150505E+6
803.619805336E+0	16.000000760E-3	480.516273333E-12	4.251784827E-12	33.297521120E+6	294.628721064E+3	24.384739960E-9	-19.404958390E-3	2.524958903E-3	-40.383561321E+6	5.254679275E+6
812.947458267E+0	17.000000924E-3	512.686253333E-12	2.067091611E-12	33.158682944E+6	133.691970258E+3	32.169974727E-9	-18.800308080E-3	2.553065956E-3	-36.670201235E+6	4.979782351E+6
822.281857491E+0	17.999999225E-3	544.427100000E-12	6.998865346E-12	33.062276336E+6	425.031046618E+3	31.740900586E-9	-18.877109167E-3	2.586313734E-3	-34.673345920E+6	4.750523503E+6
831.596393585E+0	18.999999389E-3	577.023600000E-12	7.845714147E-12	32.927594970E+6	447.712186635E+3	32.596494657E-9	-18.943875543E-3	2.651907054E-3	-32.830330585E+6	4.595838114E+6
840.912552834E+0	19.999999553E-3	599.083886667E-12	6.265973156E-12	33.384305601E+6	349.175077783E+3	22.060283051E-9	-19.331445560E-3	2.746807572E-3	-32.268345035E+6	4.585013273E+6
850.220785618E+0	20.999999717E-3	631.359636667E-12	6.655064635E-12	33.261549357E+6	350.604866033E+3	32.275744710E-9	-18.952448762E-3	3.212924279E-3	-30.018467545E+6	5.088897188E+6
859.539007664E+0	21.999999881E-3	659.486686667E-12	7.987854517E-12	33.359278247E+6	404.055255141E+3	28.127045390E-9	-18.844262968E-3	2.861965804E-3	-28.574137051E+6	4.339687005E+6
868.863917351E+0	23.000000045E-3	689.055543333E-12	8.597385904E-12	33.379021861E+6	416.471988096E+3	29.568851820E-9	-18.614053736E-3	3.032953565E-3	-27.013865451E+6	4.401609702E+6
878.183561325E+0	24.000000209E-3	714.863890000E-12	4.504234569E-12	33.572824903E+6	211.536602452E+3	25.808342436E-9	-18.887262993E-3	3.056370633E-3	-26.420781994E+6	4.275458134E+6
887.506784439E+0	25.000000373E-3	740.455323333E-12	3.333946564E-12	33.763009846E+6	152.020070800E+3	25.591429139E-9	-18.855990822E-3	2.839569013E-3	-25.465399772E+6	3.834895805E+6
896.825040817E+0	26.000000536E-3	771.280146667E-12	5.043879918E-12	33.710190323E+6	220.451871772E+3	30.824818281E-9	-18.751424554E-3	3.042839702E-3	-24.312079904E+6	3.945180899E+6
906.144382477E+0	27.000000700E-3	804.654346667E-12	5.272074274E-12	33.554781394E+6	219.850051755E+3	33.374194530E-9	-18.640699944E-3	3.009208467E-3	-23.166096128E+6	3.739752950E+6
915.477005482E+0	28.000000864E-3	836.150796667E-12	11.795427169E-12	33.486783695E+6	472.391965404E+3	31.496444837E-9	-18.548932095E-3	3.033064730E-3	-22.183716345E+6	3.627413551E+6
924.790832520E+0	28.999999166E-3	859.509340000E-12	9.048905204E-12	33.740179211E+6	355.216248430E+3	23.358583013E-9	-18.645236482E-3	3.172323835E-3	-21.692884084E+6	3.690854406E+6
934.114333630E+0	29.999999329E-3	891.069533333E-12	6.687838311E-12	33.667405525E+6	252.687535698E+3	31.560188160E-9	-18.265622326E-3	3.047223706E-3	-20.498537592E+6	3.419737284E+6
943.437326431E+0	30.999999493E-3	920.101513333E-12	7.903416496E-12	33.691934036E+6	289.404357439E+3	29.031975241E-9	-18.250435709E-3	3.142599785E-3	-19.835241486E+6	3.415492464E+6
952.775595665E+0	32.000001520E-3	940.569850000E-12	24.006400040E-12	34.021929918E+6	868.350245081E+3	20.468295186E-9	-18.093945474E-3	3.506526697E-3	-19.237216114E+6	3.728087497E+6
962.719930172E+0	32.999999821E-3	981.067643333E-12	13.040945999E-12	33.636824174E+6	447.121063067E+3	40.497862128E-9	-18.052017068E-3	3.255206170E-3	-18.400379617E+6	3.318024188E+6
972.286016464E+0	34.000001848E-3	1.023008967E-9	46.681330245E-12	33.235292119E+6	1.516572873E+6	41.941238337E-9	-18.550263586E-3	3.428627836E-3	-18.133041049E+6	3.351512985E+6
981.789826393E+0	35.000000149E-3	1.044915900E-9	44.057614287E-12	33.495518777E+6	1.412298010E+6	21.906970547E-9	-11.521141793E-3	2.231644897E-3	-11.025903418E+6	2.135717235E+6
989.661939144E+0	35.999998450E-3	1.077888167E-9	55.605224931E-12	33.398639640E+6	1.722942070E+6	32.972322678E-9	-18.426780279E-3	3.337029875E-3	-17.095261687E+6	3.095896196E+6
997.608890057E+0	37.000000477E-3	1.108296667E-9	63.651934825E-12	33.384563529E+6	1.917349502E+6	30.408438376E-9	-10.668368567E-3	2.202394856E-3	-9.625914151E+6	1.987188920E+6
1.004666873E+3	37.999998778E-3	1.126827067E-9	68.730885998E-12	33.723008527E+6	2.056936972E+6	18.530431478E-9	-10.131487905E-3	2.096436886E-3	-8.991164842E+6	1.860477928E+6
1.009371277E+3	39.000000805E-3	1.161809567E-9	69.989283827E-12	33.568324727E+6	2.022210072E+6	34.982429106E-9	-9.708249152E-3	2.196647128E-3	-8.356144957E+6	1.890711861E+6
1.014476300E+3	39.999999106E-3	1.190127700E-9	74.622847054E-12	33.609837924E+6	2.107388808E+6	28.318181438E-9	-8.899366306E-3	2.113109646E-3	-7.477656646E+6	1.775531858E+6
1.019990154E+3	41.000001132E-3	1.218412133E-9	73.073556382E-12	33.650355254E+6	2.018160411E+6	28.284376013E-9	-8.819014312E-3	2.035409332E-3	-7.238120887E+6	1.670542567E+6
1.025107733E+3	41.999999434E-3	1.237309267E-9	58.491471433E-12	33.944625297E+6	1.604668400E+6	18.897165435E-9	-8.284237355E-3	2.063423563E-3	-6.695365159E+6	1.667670015E+6
1.029827524E+3	43.000001460E-3	1.259069233E-9	65.582653616E-12	34.152213653E+6	1.778927432E+6	21.759922569E-9	-8.019193699E-3	2.011894283E-3	-6.369144354E+6	1.597921885E+6
1.034548888E+3	43.999999762E-3	1.278885167E-9	79.207819004E-12	34.404965284E+6	2.130873306E+6	19.815966995E-9	-7.663368470E-3	2.171103405E-3	-5.992225627E+6	1.697653129E+6
1.039277170E+3	45.000001788E-3	1.329918467E-9	80.336268206E-12	33.836662108E+6	2.043968281E+6	51.033196578E-9	-7.532715755E-3	2.151710037E-3	-5.664043281E+6	1.617926279E+6
1.044007079E+3	46.000000089E-3	1.347784867E-9	78.955394887E-12	34.130076118E+6	1.999394491E+6	17.866430350E-9	-7.203732204E-3	2.203991873E-3	-5.344867999E+6	1.635269788E+6
1.048727204E+3	46.999998391E-3	1.374491767E-9	63.796232725E-12	34.194456111E+6	1.587115713E+6	26.706945368E-9	-6.980441234E-3	2.115831749E-3	-5.078561694E+6	1.539355710E+6
1.053452373E+3	48.000000417E-3	1.385910500E-9	83.722916547E-12	34.634271417E+6	2.092257917E+6	11.418710193E-9	-6.389370236E-3	2.071941060E-3	-4.610232938E+6	1.495003509E+6
1.058186044E+3	48.999998719E-3	1.417412000E-9	75.688303208E-12	34.570046478E+6	1.846003956E+6	31.501553513E-9	-6.147093943E-3	2.248301764E-3	-4.336843446E+6	1.586202010E+6
1.062907654E+3	50.000000745E-3	1.445080133E-9	88.968514124E-12	34.600157868E+6	2.130210334E+6	27.668077262E-9	-5.599283213E-3	2.045423195E-3	-3.874721604E+6	1.415439288E+6
1.067637860E+3	50.999999046E-3	1.489136667E-9	71.891839528E-12	34.248031217E+6	1.653410341E+6	44.056608174E-9	-5.924518221E-3	2.236155792E-3	-3.978491937E+6	1.501645780E+6
1.072368280E+3	52.000001073E-3	1.498646267E-9	92.279506717E-12	34.697981925E+6	2.136536638E+6	9.509580728E-9	-5.210589475E-3	2.206396859E-3	-3.476864148E+6	1.472259938E+6
1.077088073E+3	52.999999374E-3	1.530868533E-9	87.007134734E-12	34.620869278E+6	1.967682118E+6	32.222321404E-9	-4.583976935E-3	2.149451435E-3	-2.994363549E+6	1.404073170E+6
1.081816779E+3	54.000001401E-3	1.578717133E-9	76.750309701E-12	34.204988507E+6	1.662896668E+6	47.848503032E-9	-4.536193325E-3	2.362675024E-3	-2.873341417E+6	1.496579073E+6
1.086534085E+3	54.999999702E-3	1.603518867E-9	73.578749622E-12	34.299565066E+6	1.573863060E+6	24.801775465E-9	-4.290469852E-3	2.148864137E-3	-2.675659103E+6	1.340092830E+6
1.091263058E+3	56.000001729E-3	1.628913233E-9	60.997160584E-12	34.378750557E+6	1.287365174E+6	25.394315204E-9	-3.873661122E-3	2.135256475E-3	-2.378064739E+6	1.310847276E+6
1.095981197E+3	57.000000030E-3	1.652361000E-9	73.607948877E-12	34.496093789E+6	1.536702154E+6	23.447806498E-9	-3.686819805E-3	2.435037609E-3	-2.231243538E+6	1.473671679E+6
1.100701145E+3	57.999998331E-3	1.682193333E-9	65.831017434E-12	34.478794549E+6	1.349294448E+6	29.832384011E-9	-3.081480461E-3	2.358734735E-3	-1.831823014E+6	1.402178150E+6
1.105430505E+3	59.000000358E-3	1.696682633E-9	58.201610027E-12	34.773739766E+6	1.192849860E+6	14.489270637E-9	-2.742305699E-3	2.209281485E-3	-1.616274986E+6	1.302118287E+6
1.110140987E+3	59.999998659E-3	1.745556500E-9	75.500623714E-12	34.372991455E+6	1.486736347E+6	48.873949690E-9	-2.127194763E-3	2.177571241E-3	-1.218634151E+6	1.247493989E+6
1.114865568E+3	61.000000685E-3	1.777366733E-9	75.214350589E-12	34.320435699E+6	1.452367277E+6	31.810168868E-9	-1.752226577E-3	2.272112098E-3	-985.855391502E+3	1.278358627E+6
1.119580696E+3	61.999998987E-3	1.805539100E-9	82.314327282E-12	34.338773936E+6	1.565500895E+6	28.172414524E-9	-1.481890549E-3	2.115714204E-3	-820.746860887E+3	1.171790854E+6
1.124294062E+3	63.000001013E-3	1.821129133E-9	73.639885761E-12	34.593923001E+6	1.398853322E+6	15.590001739E-9	-1.297170795E-3	2.169214928E-3	-712.289299455E+3	1.191137349E+6
1.129011062E+3	64.000003040E-3	1.870368133E-9	61.591715962E-12	34.217864333E+6	1.126803298E+6	49.238900215E-9	-812.998870933E-6	2.097125825E-3	-434.673183554E+3	1.121236931E+6
1.133725853E+3	64.999997616E-3	1.887979100E-9	86.236782990E-12	34.428345958E+6	1.572575565E+6	17.611062189E-9	-280.445227367E-6	2.230248243E-3	-148.542548679E+3	1.181288629E+6
1.138450470E+3	65.999999642E-3	1.914354533E-9	57.372101010E-12	34.476372319E+6	1.033236990E+6	26.375379882E-9	58.199242403E-6	2.260037894E-3	30.401496374E+3	1.180574368E+6
1.143172681E+3	67.000001669E-3	1.946048267E-9	68.973280155E-12	34.428746099E+6	1.220249051E+6	31.693669104E-9	782.225209233E-6	2.073849327E-3	401.955708207E+3	1.065672092E+6
1.147871367E+3	68.000003695E-3	1.967675967E-9	77.788712822E-12	34.558537507E+6	1.366212829E+6	21.627656170E-9	1.199162094E-3	2.146601874E-3	609.430675965E+3	1.090932608E+6
1.152585190E+3	68.999998271E-3	1.982509333E-9	81.085213346E-12	34.804374997E+6	1.423509148E+6	14.833447124E-9	1.531272671E-3	2.238902506E-3	772.391153802E+3	1.129327599E+6
1.157300729E+3	70.000000298E-3	2.033336333E-9	62.223495288E-12	34.426178862E+6	1.053498697E+6	50.826896996E-9	1.504174927E-3	2.172421530E-3	739.757069468E+3	1.068402455E+6
1.162009285E+3	71.000002325E-3	2.058083567E-9	76.651461067E-12	34.498114399E+6	1.284851070E+6	24.747183182E-9	1.947607604E-3	2.226358840E-3	946.320953710E+3	1.081763091E+6
1.166730262E+3	71.999996901E-3	2.082918300E-9	95.085096754E-12	34.566884789E+6	1.577976239E+6	24.834868038E-9	2.506198955E-3	2.133594171E-3	1.203215198E+6	1.024329265E+6
1.171445292E+3	72.999998927E-3	2.102855233E-9	73.983619789E-12	34.714704926E+6	1.221348712E+6	19.936892930E-9	2.971715928E-3	2.239328585E-3	1.413181412E+6	1.064899071E+6
1.176161434E+3	74.000000954E-3	2.135045467E-9	77.560139646E-12	34.659683884E+6	1.259087904E+6	32.190168098E-9	3.708102994E-3	2.199500456E-3	1.736779404E+6	1.030189047E+6
1.180879196E+3	75.000002980E-3	2.173193133E-9	65.117890848E-12	34.511430130E+6	1.034105762E+6	38.147589358E-9	3.469624797E-3	2.159218323E-3	1.596556120E+6	993.569457929E+3
1.185599404E+3	75.999997556E-3	2.177769500E-9	87.211874538E-12	34.898090710E+6	1.397543637E+6	4.576391489E-9	4.260297321E-3	2.204482379E-3	1.956266410E+6	1.012266165E+6
1.190327342E+3	76.999999583E-3	2.210417667E-9	78.200878022E-12	34.835045315E+6	1.232405609E+6	32.648100503E-9	4.659960604E-3	2.107084291E-3	2.108181035E+6	953.251651552E+3
1.195037508E+3	78.000001609E-3	2.231386100E-9	67.113083854E-12	34.955851706E+6	1.051362203E+6	20.968390840E-9	5.020037463E-3	2.239875685E-3	2.249739506E+6	1.003804624E+6
1.199758767E+3	79.000003636E-3	2.277052167E-9	81.042153755E-12	34.693980574E+6	1.234787217E+6	45.665974122E-9	5.568250450E-3	2.157217252E-3	2.445376760E+6	947.372784820E+3
1.204480865E+3	79.999998212E-3	2.314770600E-9	64.655642447E-12	34.560659364E+6	965.340424904E+3	37.718637920E-9	5.846758232E-3	2.168899099E-3	2.525847802E+6	936.982307842E+3
1.209197314E+3	81.000000238E-3	2.339450433E-9	77.337153192E-12	34.623516311E+6	1.144578294E+6	24.679783318E-9	6.201549271E-3	2.146931984E-3	2.650857305E+6	917.707831633E+3
1.213944067E+3	82.000002265E-3	2.351961833E-9	78.684550890E-12	34.864512299E+6	1.166387334E+6	12.511374645E-9	6.089057118E-3	2.132382699E-3	2.588926840E+6	906.640009610E+3
1.218666855E+3	82.999996841E-3	2.400068233E-9	76.771518755E-12	34.582348822E+6	1.106193317E+6	48.106660932E-9	6.905867352E-3	2.196307801E-3	2.877362925E+6	915.102233407E+3
1.223386296E+3	83.999998868E-3	2.437113533E-9	70.265823393E-12	34.467002755E+6	993.738000031E+3	37.045224926E-9	7.353949014E-3	2.442268391E-3	3.017483147E+6	1.002115149E+6
1.228106484E+3	85.000000894E-3	2.448895767E-9	83.565970444E-12	34.709521757E+6	1.184425613E+6	11.782209456E-9	7.512782265E-3	2.101122716E-3	3.067824432E+6	857.987810191E+3
1.232827674E+3	86.000002921E-3	2.489715100E-9	82.955669010E-12	34.542106011E+6	1.150920245E+6	40.819250611E-9	8.218027836E-3	2.361922368E-3	3.300790454E+6	948.671744724E+3
1.237552960E+3	86.999997497E-3	2.499308033E-9	63.082718921E-12	34.809633841E+6	878.597723079E+3	9.592985366E-9	8.244447714E-3	2.283350309E-3	3.298692120E+6	913.592994026E+3
1.242272106E+3	87.999999523E-3	2.517249200E-9	77.016219931E-12	34.958795308E+6	1.069577962E+6	17.941130308E-9	8.805322288E-3	2.316069264E-3	3.497993877E+6	920.079451874E+3
1.246998187E+3	89.000001550E-3	2.548075967E-9	81.964713429E-12	34.928315605E+6	1.123549461E+6	30.826704195E-9	8.944688559E-3	2.222814664E-3	3.510369658E+6	872.350233415E+3
1.251713557E+3	90.000003576E-3	2.571955367E-9	89.823418106E-12	34.992832591E+6	1.222095793E+6	23.879351607E-9	9.349839078E-3	2.244386811E-3	3.635303784E+6	872.638320430E+3
1.256434894E+3	90.999998152E-3	2.624186367E-9	86.947799506E-12	34.677414420E+6	1.148975132E+6	52.231283304E-9	10.228077523E-3	2.138173210E-3	3.897618573E+6	814.794725266E+3
1.261155241E+3	92.000000179E-3	2.634149033E-9	67.444292769E-12	34.925890303E+6	894.236408406E+3	9.962646477E-9	10.209066647E-3	2.330734644E-3	3.875660229E+6	884.815025386E+3
1.265866815E+3	93.000002205E-3	2.679053833E-9	63.742503901E-12	34.713748954E+6	825.941326976E+3	44.904708998E-9	10.342805170E-3	2.288420537E-3	3.860618641E+6	854.189829553E+3
1.270606301E+3	93.999996781E-3	2.707614833E-9	87.248028917E-12	34.716901246E+6	1.118689840E+6	28.561154916E-9	11.231674311E-3	2.306548409E-3	4.148180226E+6	851.874638980E+3
1.275320670E+3	94.999998808E-3	2.715463233E-9	72.486171423E-12	34.984822347E+6	933.879641136E+3	7.848384095E-9	11.437064716E-3	2.354716289E-3	4.211828235E+6	867.150864022E+3
1.280036414E+3	96.000000834E-3	2.760988767E-9	81.042928138E-12	34.770152633E+6	1.020603566E+6	45.525441073E-9	11.784187399E-3	2.264848594E-3	4.268104072E+6	820.303444088E+3
1.284741647E+3	97.000002861E-3	2.809750733E-9	73.703900543E-12	34.522636371E+6	905.579604419E+3	48.761867848E-9	12.378411577E-3	2.227550630E-3	4.405519475E+6	792.792970401E+3
1.289440849E+3	97.999997437E-3	2.805333600E-9	74.280730281E-12	34.933455842E+6	924.981831459E+3	-4.417157292E-9	12.534615507E-3	2.452214285E-3	4.468137232E+6	874.125731368E+3
1.294136844E+3	98.999999464E-3	2.820691067E-9	76.694049700E-12	35.097781758E+6	954.301961773E+3	15.357435544E-9	12.721492310E-3	2.498529557E-3	4.510062254E+6	885.786319185E+3
1.298831882E+3	100.000001490E-3	2.838653967E-9	86.962073630E-12	35.227964614E+6	1.079207571E+6	17.962863597E-9	12.830404220E-3	2.212443608E-3	4.519890191E+6	779.398839580E+3
