[Main]
Experiment = "IvsV"
Header length = 32    
Date = "20190903 11:14:43"
Comments = "SD: 1Vb to 2V-, BG: 2Va to 2V-"

[System]
System = "PPMS"
Magnet stability range (G) = 5.000000E+1
Magnet check interval (s) = 1.000000E+0
Magnet approach mode = "Linear Approach"
Magnet mode = "Persistent"
Temperature stability time (s) = 1.000000E+0
Temperature approach mode = "Fast Settle"

[Dynamic Voltage]
Voltage source = "Keithley 6430"
GPIB = "GPIB0::9::INSTR"
Initial Voltage (V) = 0.000000E+0
Final Voltage (V) = 10.000000E+0
Voltage step (V) = 100.000000E-3
Number of measurement sequences = 1.000000E+0
Samples/sequence = 30.000000E+0
Pre-measuement delay (s) = 1.000000E+0
Current limit (A) = 100.000000E-6
Auto-range = TRUE
Manual range (V) = 10.000000E+0
Measurement Type = "Static"
Pattern = "Linear"
Check compliance = TRUE
Measurement Speed = 1.000000
Time (s)	Voltage 1 (V)	Current (A)	STD_Current (A)	Resistance 1 (Ohms)	STD_Resistance 1 (Ohms)	di/dv (A/V)	Voltage 2 (V)	STD_Voltage 2 (V)	Resistance 2 (Ohms)	STD_Resistance 2 (Ohms)
0.000000000E+0	0.000000000E+0	28.160894667E-12	5.454050468E-12	0.000000000E+0	0.000000000E+0	Inf	-25.209207950E-3	2.450528980E-3	-895.184909727E+6	87.018861034E+6
10.127483845E+0	100.000001490E-3	2.694961767E-9	81.864893725E-12	37.106278362E+6	1.127177970E+6	26.668008323E-9	9.101417435E-3	1.961944081E-3	3.377197238E+6	728.004421211E+3
15.140600681E+0	200.000002980E-3	5.111704333E-9	83.008946471E-12	39.125894210E+6	635.365241479E+3	24.167425307E-9	39.133270377E-3	2.199635697E-3	7.655620870E+6	430.313561516E+3
19.836250782E+0	300.000011921E-3	7.301863300E-9	77.191729152E-12	41.085405135E+6	434.334817700E+3	21.901587709E-9	71.541765923E-3	2.338591138E-3	9.797741067E+6	320.273201738E+3
24.552531719E+0	400.000005960E-3	9.339367367E-9	103.565029879E-12	42.829454101E+6	474.939417148E+3	20.375041881E-9	104.400359433E-3	2.648473402E-3	11.178525840E+6	283.581670820E+3
29.244842052E+0	500.000000000E-3	11.295866667E-9	97.261893851E-12	44.263978564E+6	381.130418018E+3	19.564994166E-9	134.165470900E-3	2.675912247E-3	11.877395056E+6	236.893044652E+3
34.138362885E+0	600.000023842E-3	13.092135000E-9	79.586278524E-12	45.829043456E+6	278.591919267E+3	17.962679051E-9	164.418135467E-3	2.827865925E-3	12.558542626E+6	215.997308701E+3
38.847738743E+0	699.999988079E-3	14.740251333E-9	120.310109494E-12	47.489013060E+6	387.605898422E+3	16.481169227E-9	195.783455033E-3	2.863592615E-3	13.282233159E+6	194.270270560E+3
43.545950890E+0	800.000011921E-3	16.307002667E-9	99.890171790E-12	49.058679162E+6	300.513833809E+3	15.667509598E-9	228.154384033E-3	3.242224024E-3	13.991190699E+6	198.824032268E+3
48.251083851E+0	899.999976158E-3	17.888984667E-9	107.601821185E-12	50.310288310E+6	302.615198537E+3	15.819825658E-9	256.322239767E-3	3.615671308E-3	14.328495694E+6	202.117189742E+3
52.950205326E+0	1.000000000E+0	19.290251333E-9	118.394175030E-12	51.839656349E+6	318.166582755E+3	14.012663326E-9	290.485536833E-3	3.984946241E-3	15.058670404E+6	206.578243684E+3
57.653299809E+0	1.100000024E+0	20.949728667E-9	167.053670082E-12	52.506647764E+6	418.689346872E+3	16.594769377E-9	322.989844300E-3	3.055298016E-3	15.417376017E+6	145.839502975E+3
62.354033470E+0	1.200000048E+0	22.316365000E-9	153.271476770E-12	53.772200252E+6	369.313933603E+3	13.666360075E-9	352.371521900E-3	3.724188606E-3	15.789826072E+6	166.881506281E+3
67.045963764E+0	1.299999952E+0	23.659667333E-9	222.701009117E-12	54.945825484E+6	517.187778244E+3	13.433036144E-9	374.478530633E-3	3.487156798E-3	15.827717497E+6	147.388242988E+3
71.750967979E+0	1.399999976E+0	25.079317667E-9	148.476053490E-12	55.822889393E+6	330.485957458E+3	14.196499949E-9	412.340299567E-3	3.936374607E-3	16.441448091E+6	156.957005741E+3
76.449020386E+0	1.500000000E+0	26.349253667E-9	149.050958874E-12	56.927608614E+6	322.024857236E+3	12.699356972E-9	436.499863300E-3	5.745206975E-3	16.565928919E+6	218.040596043E+3
81.142450809E+0	1.600000024E+0	27.625060667E-9	189.420638863E-12	57.918425706E+6	397.137415606E+3	12.758066958E-9	468.084365533E-3	3.426085718E-3	16.944193216E+6	124.020930113E+3
85.840836525E+0	1.700000048E+0	29.100826667E-9	165.618648653E-12	58.417586110E+6	332.466214104E+3	14.757656482E-9	509.496205167E-3	3.601247262E-3	17.507963296E+6	123.750685960E+3
90.541980743E+0	1.799999952E+0	30.603386000E-9	205.194816154E-12	58.817019539E+6	394.366411318E+3	15.025607663E-9	537.462348667E-3	5.343352382E-3	17.562185722E+6	174.600038767E+3
95.292199135E+0	1.899999976E+0	31.577976000E-9	158.812005314E-12	60.168516695E+6	302.599596412E+3	9.745897676E-9	568.097669433E-3	4.187711160E-3	17.990312914E+6	132.614932635E+3
99.988173485E+0	2.000000000E+0	32.985005667E-9	232.572070620E-12	60.633610926E+6	427.518023942E+3	14.070293312E-9	604.286545833E-3	6.316280086E-3	18.320037654E+6	191.489434624E+3
104.738893986E+0	2.099999905E+0	34.099127000E-9	258.112969308E-12	61.585151568E+6	466.168132003E+3	11.141223958E-9	643.546319767E-3	3.249492327E-3	18.872809259E+6	95.295469787E+3
109.425032616E+0	2.200000048E+0	35.862918333E-9	237.028385178E-12	61.344702270E+6	405.444854851E+3	17.637888102E-9	674.971498267E-3	5.341985291E-3	18.820874866E+6	148.955677325E+3
114.136254787E+0	2.299999952E+0	37.176098667E-9	308.096441727E-12	61.867706263E+6	512.727823551E+3	13.131815857E-9	718.043943033E-3	6.684664431E-3	19.314666379E+6	179.810810453E+3
118.832366943E+0	2.400000095E+0	38.302028667E-9	206.228654465E-12	62.659868913E+6	337.377964164E+3	11.259283893E-9	752.883492433E-3	4.763451086E-3	19.656491278E+6	124.365503653E+3
123.519660473E+0	2.500000000E+0	39.210531667E-9	257.224460280E-12	63.758380561E+6	418.260460417E+3	9.085038664E-9	783.593116533E-3	5.184353241E-3	19.984251252E+6	132.218386758E+3
128.249267101E+0	2.599999905E+0	40.134544333E-9	233.832354265E-12	64.782096018E+6	377.434209799E+3	9.240135479E-9	828.577786067E-3	7.148143590E-3	20.645002948E+6	178.104515922E+3
132.940726757E+0	2.700000048E+0	41.439232333E-9	240.668167625E-12	65.155648299E+6	378.406876855E+3	13.046861336E-9	868.227958333E-3	6.613206777E-3	20.951834999E+6	159.588061956E+3
137.634460449E+0	2.799999952E+0	42.730826000E-9	286.217225916E-12	65.526464485E+6	438.905695131E+3	12.915948984E-9	903.516528267E-3	6.507571820E-3	21.144373111E+6	152.292207513E+3
142.326421261E+0	2.900000095E+0	43.592592667E-9	242.488176831E-12	66.525065796E+6	370.052362836E+3	8.617654339E-9	943.306033367E-3	7.618599479E-3	21.639135818E+6	174.768212053E+3
147.077035904E+0	3.000000000E+0	44.242091333E-9	318.788774753E-12	67.808729416E+6	488.599456230E+3	6.494992861E-9	980.645365233E-3	8.738139550E-3	22.165438741E+6	197.507380109E+3
151.815938950E+0	3.099999905E+0	45.825946667E-9	313.854885789E-12	67.647263835E+6	463.305742905E+3	15.838568438E-9	1.019958809E+0	5.892103971E-3	22.257233791E+6	128.575717470E+3
156.505654812E+0	3.200000048E+0	46.677354667E-9	471.958371402E-12	68.555728373E+6	693.172313300E+3	8.514067821E-9	1.053409523E+0	5.769801483E-3	22.567892508E+6	123.610292915E+3
161.180676460E+0	3.299999952E+0	47.419609000E-9	351.844920809E-12	69.591462728E+6	516.356064695E+3	7.422550412E-9	1.103742317E+0	8.013159235E-3	23.276073758E+6	168.984084944E+3
165.857533455E+0	3.400000095E+0	48.386342000E-9	337.099502812E-12	70.267764721E+6	489.543692953E+3	9.667316171E-9	1.149476874E+0	6.098040455E-3	23.756225968E+6	126.028135277E+3
170.544454098E+0	3.500000000E+0	49.310736000E-9	263.883774332E-12	70.978457916E+6	379.837432791E+3	9.243948816E-9	66.000000000E+36	47.466866847E+36	1.338450921E+45	962.607145978E+42
175.122720718E+0	3.599999905E+0	50.179916667E-9	310.403649100E-12	71.741847013E+6	443.781747467E+3	8.691814956E-9	99.000000000E+36	19.212386177E+21	1.972900845E+45	382.870029541E+27
179.558579922E+0	3.700000048E+0	51.055349667E-9	336.023195376E-12	72.470369351E+6	476.967158944E+3	8.754317477E-9	99.000000000E+36	19.212386177E+21	1.939072020E+45	376.305055239E+27
183.997251987E+0	3.799999952E+0	51.728726000E-9	604.691346600E-12	73.460149634E+6	858.724353725E+3	6.733769755E-9	99.000000000E+36	19.212386177E+21	1.913830238E+45	371.406521331E+27
188.436665535E+0	3.900000095E+0	52.805730333E-9	397.458620353E-12	73.855622690E+6	555.897129239E+3	10.770027927E-9	99.000000000E+36	19.212386177E+21	1.874796530E+45	363.831464034E+27
192.878056526E+0	4.000000000E+0	53.264866000E-9	338.714494142E-12	75.096405950E+6	477.542572870E+3	4.591361045E-9	99.000000000E+36	19.212386177E+21	1.858636047E+45	360.695287895E+27
197.222423077E+0	4.099999905E+0	54.333883000E-9	422.321762936E-12	75.459357555E+6	586.524046377E+3	10.690180195E-9	99.000000000E+36	19.212386177E+21	1.822067457E+45	353.598622365E+27
200.939830780E+0	4.199999809E+0	54.334082000E-9	404.575331508E-12	77.299544865E+6	575.577755951E+3	1.990001898E-12	99.000000000E+36	19.212386177E+21	1.822060783E+45	353.597327301E+27
204.383396626E+0	4.300000191E+0	54.800174667E-9	382.973547126E-12	78.466906664E+6	548.369594803E+3	4.660908887E-9	99.000000000E+36	19.212386177E+21	1.806563585E+45	350.589871171E+27
207.826539993E+0	4.400000095E+0	55.752310000E-9	460.648063433E-12	78.920498458E+6	652.072977420E+3	9.521362414E-9	99.000000000E+36	19.212386177E+21	1.775711177E+45	344.602513807E+27
211.247891903E+0	4.500000000E+0	56.301533667E-9	314.736237961E-12	79.926774760E+6	446.805810818E+3	5.492241904E-9	99.000000000E+36	19.212386177E+21	1.758389045E+45	341.240902784E+27
214.675096512E+0	4.599999905E+0	56.823221667E-9	355.087815589E-12	80.952817699E+6	505.873450313E+3	5.216884975E-9	99.000000000E+36	19.212386177E+21	1.742245461E+45	338.108006076E+27
218.097436428E+0	4.699999809E+0	57.544964667E-9	510.311474039E-12	81.675257540E+6	724.300054906E+3	7.217436883E-9	99.000000000E+36	19.212386177E+21	1.720393792E+45	333.867372894E+27
221.515810013E+0	4.800000191E+0	58.115119000E-9	305.635953860E-12	82.594689185E+6	434.377612007E+3	5.701521584E-9	99.000000000E+36	19.212386177E+21	1.703515397E+45	330.591875352E+27
224.936141491E+0	4.900000095E+0	58.286261667E-9	269.158520349E-12	84.067839578E+6	388.214557987E+3	1.711428299E-9	99.000000000E+36	19.212386177E+21	1.698513460E+45	329.621177052E+27
228.360139847E+0	5.000000000E+0	59.156132333E-9	518.755740167E-12	84.522090995E+6	741.196527650E+3	8.698714962E-9	99.000000000E+36	19.212386177E+21	1.673537402E+45	324.774210529E+27
231.793544769E+0	5.099999905E+0	58.744166667E-9	452.698639748E-12	86.817129156E+6	669.036578535E+3	-4.119660595E-9	99.000000000E+36	19.212386177E+21	1.685273715E+45	327.051812405E+27
235.215686798E+0	5.199999809E+0	59.166672000E-9	374.035521892E-12	87.887312798E+6	555.599559664E+3	4.225057363E-9	99.000000000E+36	19.212386177E+21	1.673239286E+45	324.716356812E+27
238.647202969E+0	5.300000191E+0	59.959898333E-9	380.540546248E-12	88.392414565E+6	560.989905880E+3	7.932233074E-9	99.000000000E+36	19.212386177E+21	1.651103533E+45	320.420592939E+27
242.074519634E+0	5.400000095E+0	60.141060667E-9	397.316542266E-12	89.788906872E+6	593.182388482E+3	1.811625061E-9	99.000000000E+36	19.212386177E+21	1.646129930E+45	319.455393097E+27
245.500662327E+0	5.500000000E+0	60.877509333E-9	469.429510738E-12	90.345351842E+6	696.657514034E+3	7.364493690E-9	99.000000000E+36	19.212386177E+21	1.626216333E+45	315.590870700E+27
248.919643879E+0	5.599999905E+0	61.524598000E-9	366.185800968E-12	91.020503777E+6	541.741306136E+3	6.470892838E-9	99.000000000E+36	19.212386177E+21	1.609112505E+45	312.271624701E+27
252.372158051E+0	5.699999809E+0	61.647525000E-9	516.697772402E-12	92.461129774E+6	774.961521780E+3	1.229271172E-9	99.000000000E+36	19.212386177E+21	1.605903887E+45	311.648945786E+27
255.796769142E+0	5.800000191E+0	62.708945333E-9	512.251150193E-12	92.490794733E+6	755.530422849E+3	10.614162844E-9	99.000000000E+36	19.212386177E+21	1.578722134E+45	306.373932370E+27
259.220400333E+0	5.900000095E+0	63.396764333E-9	581.304945753E-12	93.064688039E+6	853.339504010E+3	6.878196560E-9	99.000000000E+36	19.212386177E+21	1.561593893E+45	303.049948662E+27
262.644736767E+0	6.000000000E+0	63.696519667E-9	363.376950301E-12	94.196669322E+6	537.374704393E+3	2.997556192E-9	99.000000000E+36	19.212386177E+21	1.554245044E+45	301.623797926E+27
266.093838215E+0	6.099999905E+0	63.484876667E-9	395.237523412E-12	96.085874698E+6	598.201416536E+3	-2.116432018E-9	99.000000000E+36	19.212386177E+21	1.559426515E+45	302.629337652E+27
269.521681309E+0	6.199999809E+0	64.181386667E-9	548.712570825E-12	96.601213082E+6	825.882747753E+3	6.965106642E-9	99.000000000E+36	19.212386177E+21	1.542503289E+45	299.345139991E+27
272.939970970E+0	6.300000191E+0	64.564694667E-9	549.423948731E-12	97.576550517E+6	830.343796486E+3	3.833065378E-9	99.000000000E+36	19.212386177E+21	1.533345747E+45	297.567986277E+27
276.360369205E+0	6.400000095E+0	64.205746333E-9	385.487575322E-12	99.679553013E+6	598.470252189E+3	-3.589486757E-9	99.000000000E+36	19.212386177E+21	1.541918063E+45	299.231568414E+27
279.784343719E+0	6.500000000E+0	65.097601000E-9	514.329290404E-12	99.850069744E+6	788.904886343E+3	8.918555172E-9	99.000000000E+36	19.212386177E+21	1.520793370E+45	295.132015334E+27
283.200870991E+0	6.599999905E+0	64.782875667E-9	380.981981678E-12	101.878773313E+6	599.139456970E+3	-3.147256335E-9	99.000000000E+36	19.212386177E+21	1.528181622E+45	296.565812783E+27
286.627337456E+0	6.699999809E+0	66.176226333E-9	536.237533957E-12	101.244815253E+6	820.404442280E+3	13.933519955E-9	99.000000000E+36	19.212386177E+21	1.496005522E+45	290.321573789E+27
290.080955029E+0	6.800000191E+0	66.115971667E-9	426.422737127E-12	102.849584137E+6	663.340492085E+3	-602.544368142E-12	99.000000000E+36	19.212386177E+21	1.497368904E+45	290.586157811E+27
293.515383720E+0	6.900000095E+0	66.716575000E-9	436.814801795E-12	103.422576704E+6	677.140760660E+3	6.006039061E-9	99.000000000E+36	19.212386177E+21	1.483889124E+45	287.970210949E+27
296.942966938E+0	7.000000000E+0	66.960184000E-9	382.654243254E-12	104.539736629E+6	597.408361509E+3	2.436092323E-9	99.000000000E+36	19.212386177E+21	1.478490561E+45	286.922541559E+27
300.362264633E+0	7.099999905E+0	68.000242000E-9	471.941273366E-12	104.411391722E+6	724.645144102E+3	10.400589919E-9	99.000000000E+36	19.212386177E+21	1.455877172E+45	282.534085342E+27
303.784224510E+0	7.199999809E+0	68.706051667E-9	389.674924132E-12	104.794259525E+6	594.353687035E+3	7.058103398E-9	99.000000000E+36	19.212386177E+21	1.440921107E+45	279.631643945E+27
307.205415726E+0	7.300000191E+0	68.930249667E-9	473.451909508E-12	105.904160017E+6	727.409620995E+3	2.241971448E-9	99.000000000E+36	19.212386177E+21	1.436234461E+45	278.722132437E+27
310.632167816E+0	7.400000095E+0	69.645976333E-9	450.559370779E-12	106.251652787E+6	687.371767102E+3	7.157273492E-9	99.000000000E+36	19.212386177E+21	1.421474796E+45	275.857805260E+27
314.054444790E+0	7.500000000E+0	69.498724000E-9	468.505468555E-12	107.915650365E+6	727.482023105E+3	-1.472524738E-9	99.000000000E+36	19.212386177E+21	1.424486585E+45	276.442286574E+27
317.481121540E+0	7.599999905E+0	69.452283667E-9	630.975260619E-12	109.427645909E+6	994.152153839E+3	-464.403776223E-12	99.000000000E+36	19.212386177E+21	1.425439090E+45	276.627133943E+27
320.907327175E+0	7.699999809E+0	70.232398333E-9	468.936411181E-12	109.636008338E+6	732.031334630E+3	7.801154106E-9	99.000000000E+36	19.212386177E+21	1.409605856E+45	273.554465353E+27
324.330733299E+0	7.800000191E+0	70.802662333E-9	481.110299746E-12	110.165351608E+6	748.583225363E+3	5.702618246E-9	99.000000000E+36	19.212386177E+21	1.398252505E+45	271.351182899E+27
327.752929211E+0	7.900000095E+0	71.830260000E-9	484.271455445E-12	109.981504945E+6	741.482816178E+3	10.275986467E-9	99.000000000E+36	19.212386177E+21	1.378249223E+45	267.469255667E+27
331.171934128E+0	8.000000000E+0	71.634404667E-9	586.323611438E-12	111.678180858E+6	914.079688719E+3	-1.958555201E-9	99.000000000E+36	19.212386177E+21	1.382017488E+45	268.200542266E+27
334.657319069E+0	8.100000381E+0	72.600800667E-9	633.564451044E-12	111.569022753E+6	973.627921524E+3	9.663923135E-9	99.000000000E+36	19.212386177E+21	1.363621325E+45	264.630499941E+27
338.078569412E+0	8.199999809E+0	72.960289333E-9	547.103989006E-12	112.389902565E+6	842.773028711E+3	3.594907237E-9	99.000000000E+36	19.212386177E+21	1.356902514E+45	263.326617151E+27
341.552444458E+0	8.300000191E+0	73.569590000E-9	478.394958758E-12	112.818355937E+6	733.614700524E+3	6.092983424E-9	99.000000000E+36	19.212386177E+21	1.345664697E+45	261.145755692E+27
344.972730160E+0	8.399999619E+0	72.473670000E-9	484.771052581E-12	115.904156896E+6	775.274387749E+3	-10.959262709E-9	99.000000000E+36	19.212386177E+21	1.366013340E+45	265.094705105E+27
348.407797337E+0	8.500000000E+0	73.960849333E-9	616.976328741E-12	114.925667791E+6	958.702032640E+3	14.871736602E-9	99.000000000E+36	19.212386177E+21	1.338546013E+45	259.764271905E+27
351.851827145E+0	8.600000381E+0	73.782213000E-9	572.183373568E-12	116.559263158E+6	903.920737841E+3	-1.786356519E-9	99.000000000E+36	19.212386177E+21	1.341786807E+45	260.393194990E+27
355.277774334E+0	8.699999809E+0	73.487928667E-9	552.204328098E-12	118.386787696E+6	889.584149960E+3	-2.942860173E-9	99.000000000E+36	19.212386177E+21	1.347160027E+45	261.435946354E+27
358.697245598E+0	8.800000191E+0	74.165948667E-9	560.951939860E-12	118.652836631E+6	897.427189629E+3	6.780174136E-9	99.000000000E+36	19.212386177E+21	1.334844383E+45	259.045916919E+27
362.118080616E+0	8.899999619E+0	74.428268667E-9	544.608996397E-12	119.578216422E+6	874.981691811E+3	2.623215010E-9	99.000000000E+36	19.212386177E+21	1.330139768E+45	258.132918053E+27
365.544657230E+0	9.000000000E+0	74.401091667E-9	643.339521854E-12	120.965967009E+6	1.045981795E+6	-271.768963284E-12	99.000000000E+36	19.212386177E+21	1.330625637E+45	258.227208044E+27
368.975196362E+0	9.100000381E+0	74.341124667E-9	523.738966305E-12	122.408699388E+6	862.378743549E+3	-599.667712449E-12	99.000000000E+36	19.212386177E+21	1.331698981E+45	258.435506090E+27
372.395185471E+0	9.199999809E+0	76.000409333E-9	714.801507707E-12	121.051977088E+6	1.138521970E+6	16.592941612E-9	99.000000000E+36	19.212386177E+21	1.302624563E+45	252.793193419E+27
375.821683884E+0	9.300000191E+0	75.279682333E-9	720.800497860E-12	123.539312368E+6	1.182884878E+6	-7.207242507E-9	99.000000000E+36	19.212386177E+21	1.315095879E+45	255.213433174E+27
379.243215561E+0	9.399999619E+0	75.979150333E-9	750.149443509E-12	123.718146061E+6	1.221481130E+6	6.994720024E-9	99.000000000E+36	19.212386177E+21	1.302989038E+45	252.863925067E+27
382.703848362E+0	9.500000000E+0	75.994918667E-9	535.298774625E-12	125.008358015E+6	880.543357864E+3	157.682731821E-12	99.000000000E+36	19.212386177E+21	1.302718678E+45	252.811457840E+27
386.132875919E+0	9.600000381E+0	77.036438667E-9	536.082810708E-12	124.616357501E+6	867.182963613E+3	10.415160269E-9	99.000000000E+36	19.212386177E+21	1.285106136E+45	249.393488446E+27
389.556439877E+0	9.699999809E+0	76.906326000E-9	504.457961624E-12	126.127463289E+6	827.318197928E+3	-1.301134112E-9	99.000000000E+36	19.212386177E+21	1.287280321E+45	249.815420601E+27
392.978683949E+0	9.800000191E+0	77.179847333E-9	643.287337386E-12	126.976154130E+6	1.058335238E+6	2.735202899E-9	99.000000000E+36	19.212386177E+21	1.282718267E+45	248.930087845E+27
396.438502312E+0	9.899999619E+0	77.260375000E-9	603.719719176E-12	128.138125378E+6	1.001283168E+6	805.281274523E-12	99.000000000E+36	19.212386177E+21	1.281381303E+45	248.670630663E+27
399.862277985E+0	10.000000000E+0	78.358729333E-9	624.532395797E-12	127.618200105E+6	1.017138753E+6	10.983501435E-9	99.000000000E+36	19.212386177E+21	1.263420181E+45	245.185014356E+27
