#Taken in groups of Flip Current
106.546257000E-9	1.429579820E-6	4.949188320E-6	727.475469000E-9	3.646145660E-6	2.461230990E-6	3.769119930E-6	2.661139900E-6	2.601167230E-6	3.378994650E-6	2.472740890E-6	3.278434410E-6	2.682342360E-6	2.779267900E-6	3.509238340E-6	2.627215960E-6	3.689156360E-6	2.876193430E-6	2.504847480E-6	3.781235620E-6	2.257687360E-6	3.420188000E-6	2.014767740E-6	3.346888070E-6	3.753975310E-6	2.704756390E-6	3.695214210E-6	2.068076780E-6	3.651597720E-6	3.869680170E-6
1.597986230E-6	453.054417000E-9	1.675526580E-6	1.124868900E-6	1.599197790E-6	2.292214720E-6	726.263013000E-9	1.591322600E-6	1.107301170E-6	2.040814350E-6	2.242540430E-6	1.252689330E-6	2.126835680E-6	1.546494580E-6	1.837876700E-6	2.246175130E-6	1.106695380E-6	1.762759480E-6	1.232698460E-6	1.585264760E-6	2.063834140E-6	778.360439000E-9	1.571937510E-6	859.535499000E-9	1.467136880E-6	2.168029000E-6	993.413768000E-9	1.806981720E-6	1.322354490E-6	1.803347010E-6
591.777118000E-9	3.562170570E-9	1.876642110E-6	701.423776000E-9	2.188014380E-6	1.903296540E-6	871.042917000E-9	2.324921260E-6	858.321481000E-9	2.275852870E-6	2.261919870E-6	1.133346800E-6	2.043232330E-6	694.154385000E-9	2.031116680E-6	1.596164740E-6	859.533046000E-9	1.474402430E-6	547.554985000E-9	1.896632930E-6	1.793044100E-6	1.607068830E-6	1.728831140E-6	1.166059060E-6	1.866949580E-6	1.971749980E-6	1.921470020E-6	2.038991850E-6	1.015824970E-6	1.593741610E-6
2.123807330E-6	634.184047000E-9	2.087460280E-6	1.127292360E-6	1.864531700E-6	2.136528800E-6	877.103501000E-9	1.982659620E-6	674.771587000E-9	1.969332370E-6	2.195289860E-6	430.640565000E-9	1.771240940E-6	778.360680000E-9	1.777904570E-6	2.158337030E-6	769.273918000E-9	1.906936600E-6	939.499271000E-9	1.849992880E-6	2.385506090E-6	722.628536000E-9	1.752461630E-6	644.482378000E-9	1.875435820E-6	2.480614210E-6	691.733544000E-9	1.691277430E-6	679.617860000E-9	1.588293750E-6
1.187870160E-6	1.706421180E-6	863.775771000E-9	2.137133540E-6	888.007127000E-9	873.468314000E-9	1.704603830E-6	646.299349000E-9	1.883915870E-6	605.711828000E-9	122.296271000E-9	1.305998020E-6	459.717906000E-9	2.182567330E-6	1.061867110E-6	1.490762110E-6	1.619188300E-6	523.325216000E-9	2.092305530E-6	712.935579000E-9	1.055809270E-6	1.961456210E-6	654.780324000E-9	1.688853450E-6	780.783376000E-9	1.390807770E-6	1.959033070E-6	1.238150220E-6	2.077160930E-6	1.118205010E-6
119.267352000E-9	534.835112000E-9	1.277526180E-6	647.510918000E-9	1.528926500E-6	1.531349640E-6	456.083204000E-9	1.557398340E-6	718.993419000E-9	1.602832140E-6	1.097002580E-6	638.424160000E-9	1.528320720E-6	674.165410000E-9	1.989928010E-6	1.261169980E-6	1.318719450E-6	1.994168490E-6	1.133349580E-6	1.882704260E-6	1.768816890E-6	1.127291740E-6	1.506512460E-6	643.876197000E-9	1.381115190E-6	1.556792520E-6	868.016237000E-9	1.541647930E-6	708.089289000E-9	1.688853410E-6
-284.790266000E-9	-264.193686000E-9	1.038847970E-6	325.234159000E-9	1.298729400E-6	834.698687000E-9	117.450172000E-9	1.170303140E-6	264.655737000E-9	1.670075120E-6	1.334470670E-6	284.040832000E-9	1.462896920E-6	366.427486000E-9	1.115176780E-6	1.465320060E-6	405.197676000E-9	1.522869560E-6	483.949624000E-9	1.571938080E-6	1.396260660E-6	156.220362000E-9	1.293883120E-6	437.910024000E-9	1.340528510E-6	1.522263770E-6	581.480883000E-9	1.088522270E-6	297.368085000E-9	1.115176780E-6
250.723382000E-9	907.394437000E-9	687.494443000E-9	1.124265500E-6	892.855203000E-9	777.756073000E-9	1.753069750E-6	891.643633000E-9	1.840302770E-6	977.059303000E-9	788.054417000E-9	1.887553990E-6	809.862673000E-9	1.574968990E-6	897.095697000E-9	545.740460000E-9	1.680981350E-6	425.795051000E-9	1.189084010E-6	669.926363000E-9	677.801566000E-9	1.568305360E-6	490.614035000E-9	1.480466550E-6	634.790839000E-9	663.868514000E-9	1.850601120E-6	768.669300000E-9	1.545285530E-6	877.104796000E-9
1.505302040E-6	1.615554780E-6	1.088522440E-6	1.353250180E-6	631.761083000E-9	1.168485970E-6	1.066108420E-6	940.711074000E-9	1.396260870E-6	689.310591000E-9	1.224218130E-6	944.951565000E-9	943.739996000E-9	1.201198320E-6	722.628728000E-9	1.244814790E-6	1.261776750E-6	1.015222540E-6	1.185447930E-6	589.356182000E-9	1.511359880E-6	1.279344500E-6	624.491672000E-9	1.241785870E-6	480.315009000E-9	1.272680870E-6	529.383537000E-9	922.537546000E-9	977.058132000E-9	946.768917000E-9
1.065504220E-6	542.711725000E-9	1.157583540E-6	151.980372000E-9	1.148496370E-6	1.336895460E-6	-114.565076000E-9	1.425340050E-6	156.826543000E-9	1.392627670E-6	1.250874010E-6	247.088488000E-9	1.250268220E-6	461.536330000E-9	1.524082980E-6	1.569516850E-6	287.070289000E-9	1.410801210E-6	531.807374000E-9	1.545891240E-6	1.482889610E-6	230.126512000E-9	1.364155780E-6	132.595149000E-9	1.070350120E-6	1.581026760E-6	205.895117000E-9	1.101245150E-6	171.365380000E-9	1.027339390E-6
-378.080529000E-9	608.740534000E-9	19.918730400E-9	1.034000720E-6	136.229210000E-9	557.248915000E-9	615.404155000E-9	45.967431600E-9	998.865267000E-9	118.661481000E-9	328.262658000E-9	1.195744990E-6	480.314379000E-9	1.318719090E-6	436.092165000E-9	471.833407000E-9	1.281766280E-6	448.813624000E-9	1.050962670E-6	382.783196000E-9	284.646228000E-9	1.301757140E-6	358.551846000E-9	1.185446660E-6	398.533573000E-9	665.684206000E-9	1.346585140E-6	588.749670000E-9	1.175754120E-6	597.836426000E-9
795.322434000E-9	361.581053000E-9	728.080405000E-9	437.304060000E-9	407.620641000E-9	494.247761000E-9	-86.699144900E-9	576.028608000E-9	583.298016000E-9	814.707524000E-9	1.360518950E-6	168.941725000E-9	863.170248000E-9	499.094033000E-9	840.150454000E-9	1.213919210E-6	400.351233000E-9	921.931301000E-9	832.881045000E-9	726.868836000E-9	1.301152120E-6	342.195964000E-9	509.392362000E-9	269.501877000E-9	442.756116000E-9	1.324171910E-6	24.159336500E-9	610.558299000E-9	446.996605000E-9	686.281305000E-9
1.237544190E-6	670.530551000E-9	1.144859270E-6	645.693415000E-9	1.246630940E-6	671.742119000E-9	80.497130400E-9	992.201749000E-9	419.736058000E-9	1.021885160E-6	1.968119450E-6	-330.223818000E-9	834.697961000E-9	583.903468000E-9	1.100031270E-6	1.190293050E-6	462.746708000E-9	1.138195640E-6	377.331192000E-9	950.402667000E-9	1.224216940E-6	657.203308000E-9	1.186658350E-6	629.337253000E-9	1.137588230E-6	1.263591110E-6	603.893348000E-9	1.273889420E-6	782.599354000E-9	1.191502930E-6
-210.884875000E-9	560.278239000E-9	606.317828000E-9	924.960247000E-9	732.926698000E-9	703.243279000E-9	878.314874000E-9	815.919115000E-9	1.185447390E-6	775.331583000E-9	1.190293670E-6	1.280555490E-6	820.159603000E-9	1.324171950E-6	680.223484000E-9	1.295700090E-6	1.284795980E-6	605.106260000E-9	1.073377340E-6	539.681581000E-9	739.590323000E-9	1.047934410E-6	483.343663000E-9	974.028756000E-9	516.056003000E-9	954.037882000E-9	897.094180000E-9	471.227982000E-9	1.044299710E-6	523.325411000E-9
792.901033000E-9	778.362190000E-9	548.163855000E-9	1.038849780E-6	455.478735000E-9	587.539886000E-9	801.382024000E-9	342.802708000E-9	672.955584000E-9	602.684513000E-9	730.505168000E-9	935.260530000E-9	347.648988000E-9	778.967975000E-9	462.747995000E-9	612.982663000E-9	1.015829650E-6	620.857867000E-9	814.709051000E-9	561.490942000E-9	1.309635360E-6	1.121842020E-6	311.907543000E-9	911.028858000E-9	469.411630000E-9	1.072773440E-6	806.228062000E-9	281.618295000E-9	825.007395000E-9	501.518232000E-9
1.228456810E-6	878.313927000E-9	450.024964000E-9	777.753859000E-9	730.502743000E-9	629.942675000E-9	897.093217000E-9	666.895471000E-9	944.344333000E-9	652.356666000E-9	473.044738000E-9	616.009654000E-9	347.647545000E-9	795.321582000E-9	607.528684000E-9	987.354964000E-9	953.431086000E-9	709.906103000E-9	835.909079000E-9	674.770657000E-9	1.232091510E-6	1.079434060E-6	867.409823000E-9	975.239294000E-9	647.510398000E-9	1.119415780E-6	897.699000000E-9	722.021774000E-9	898.910567000E-9	572.999023000E-9
-370.205572000E-9	-179.384077000E-9	36.880999000E-9	219.827926000E-9	212.558512000E-9	503.335084000E-9	-63.679232300E-9	304.637760000E-9	419.131035000E-9	522.720189000E-9	608.741592000E-9	499.700377000E-9	480.315272000E-9	563.913537000E-9	476.680565000E-9	473.651642000E-9	345.831107000E-9	371.274057000E-9	395.505438000E-9	324.022864000E-9	838.333927000E-9	706.878685000E-9	520.902835000E-9	787.448027000E-9	766.245568000E-9	614.799437000E-9	754.129878000E-9	679.618381000E-9	642.059741000E-9	607.530023000E-9
397.322786000E-9	492.430955000E-9	422.159951000E-9	283.435296000E-9	354.312085000E-9	320.993936000E-9	340.379041000E-9	385.207095000E-9	481.526834000E-9	380.360819000E-9	310.089815000E-9	193.173403000E-9	286.464219000E-9	291.916279000E-9	480.921049000E-9	599.654815000E-9	544.528424000E-9	518.479690000E-9	291.310495000E-9	486.978895000E-9	611.770506000E-9	628.126688000E-9	598.443246000E-9	626.915119000E-9	581.481280000E-9	1.053387420E-6	449.420254000E-9	378.543466000E-9	297.368340000E-9	420.948382000E-9
1.250870990E-6	866.804176000E-9	865.592609000E-9	855.900071000E-9	706.271342000E-9	574.816322000E-9	502.122302000E-9	640.846724000E-9	525.142075000E-9	448.813354000E-9	880.736991000E-9	520.901591000E-9	470.621560000E-9	480.919879000E-9	374.301983000E-9	1.089126520E-6	223.461891000E-9	554.219683000E-9	664.472280000E-9	675.982167000E-9	741.406785000E-9	592.989827000E-9	662.654930000E-9	460.323240000E-9	691.732538000E-9	838.937929000E-9	571.787405000E-9	559.065951000E-9	487.583498000E-9	730.502682000E-9
-1.286752010E-6	504.545427000E-9	396.715965000E-9	55.659858100E-9	234.971772000E-9	523.324716000E-9	-122.440489000E-9	85.949032800E-9	304.636874000E-9	253.145277000E-9	251.933710000E-9	121.084475000E-9	482.737222000E-9	327.656647000E-9	275.559266000E-9	629.942611000E-9	496.064458000E-9	578.451014000E-9	513.026396000E-9	721.415918000E-9	605.105487000E-9	606.922838000E-9	372.484626000E-9	614.798023000E-9	522.113149000E-9	567.546911000E-9	413.677903000E-9	570.575828000E-9	538.469303000E-9	420.341522000E-9
230.730800000E-9	-292.665251000E-9	245.269588000E-9	516.054513000E-9	342.800623000E-9	154.402163000E-9	221.038274000E-9	435.485396000E-9	268.895118000E-9	93.218097100E-9	207.105269000E-9	-153.941298000E-9	-32.784731800E-9	-78.218444100E-9	81.102440400E-9	805.618706000E-9	-468.341557000E-9	171.969865000E-9	144.103855000E-9	305.847871000E-9	560.882442000E-9	377.330245000E-9	431.244917000E-9	524.535473000E-9	367.637719000E-9	575.421230000E-9	418.523477000E-9	579.661710000E-9	385.205422000E-9	633.576382000E-9
290.098676000E-9	518.479327000E-9	716.570767000E-9	500.305800000E-9	596.019707000E-9	381.572093000E-9	22.342050400E-9	433.063752000E-9	98.670862200E-9	142.893110000E-9	726.263314000E-9	498.488447000E-9	454.266199000E-9	293.733381000E-9	539.075990000E-9	582.692454000E-9	408.832383000E-9	435.486889000E-9	235.578096000E-9	400.351404000E-9	450.025710000E-9	313.118476000E-9	596.019707000E-9	281.011912000E-9	551.191675000E-9	738.378999000E-9	377.331603000E-9	453.054631000E-9	250.722701000E-9	433.669536000E-9
409.437537000E-9	241.635478000E-9	443.361419000E-9	84.737522800E-9	346.436042000E-9	331.291452000E-9	131.988644000E-9	377.331006000E-9	196.201707000E-9	531.200043000E-9	599.047807000E-9	73.833417800E-9	219.827268000E-9	29.611214300E-9	168.941444000E-9	640.846876000E-9	-130.921442000E-9	445.178770000E-9	269.501524000E-9	291.915517000E-9	949.190733000E-9	396.110298000E-9	636.606391000E-9	215.586782000E-9	706.271506000E-9	1.166061270E-6	522.113289000E-9	784.417591000E-9	511.209184000E-9	506.968698000E-9
-105.478432000E-9	34.457707600E-9	290.098621000E-9	207.106191000E-9	126.536899000E-9	82.920439900E-9	-92.151180600E-9	251.328435000E-9	-63.073541200E-9	-78.218145000E-9	30.217218500E-9	-384.138456000E-9	94.430338800E-9	188.932667000E-9	328.263022000E-9	517.267678000E-9	250.722651000E-9	406.409178000E-9	348.859684000E-9	424.582703000E-9	1.096397330E-6	430.034760000E-9	629.943531000E-9	394.293495000E-9	506.363564000E-9	921.325709000E-9	219.221875000E-9	250.116866000E-9	140.469935000E-9	186.509530000E-9
-220.577393000E-9	161.671990000E-9	-163.633764000E-9	426.399391000E-9	-144.854475000E-9	-205.432827000E-9	240.423848000E-9	-11.582099000E-9	677.799554000E-9	-542.247138000E-9	239.818064000E-9	327.656676000E-9	-179.384136000E-9	528.171023000E-9	-192.105590000E-9	719.598617000E-9	269.501457000E-9	-29.149821300E-9	109.574606000E-9	-443.504825000E-9	728.685370000E-9	-114.565298000E-9	-120.017350000E-9	362.186337000E-9	245.270116000E-9	1.193321330E-6	474.256289000E-9	781.994320000E-9	434.274576000E-9	595.412994000E-9
-55.804180800E-9	98.064946600E-9	330.685990000E-9	28.399790500E-9	-140.613936000E-9	-73.371915800E-9	252.539858000E-9	282.223272000E-9	395.504874000E-9	388.841250000E-9	-68.525644100E-9	378.542923000E-9	559.066545000E-9	484.555117000E-9	460.323294000E-9	97.458947600E-9	-118.199996000E-9	554.219744000E-9	198.624800000E-9	293.732818000E-9	781.994358000E-9	66.563986600E-9	529.382618000E-9	168.335623000E-9	337.349233000E-9	799.562081000E-9	-99.420705900E-9	548.767692000E-9	171.970324000E-9	840.755363000E-9
-500.448467000E-9	548.162475000E-9	535.441011000E-9	260.415075000E-9	637.818507000E-9	5.190891040E-6	-2.591606330E-6	1.345980000E-6	1.541648230E-6	1.577995270E-6	1.415039380E-6	1.547706070E-6	1.556792830E-6	1.547706070E-6	1.221188500E-6	1.219976930E-6	1.212707520E-6	1.433818680E-6	1.743374310E-6	1.329623830E-6	1.774875070E-6	1.975995360E-6	1.719748730E-6	1.903301280E-6	1.219371150E-6	1.495608650E-6	1.727623920E-6	1.577995270E-6	1.374451850E-6	1.426551360E-6
-697.328209000E-9	627.521477000E-9	-230.875708000E-9	544.528941000E-9	-191.499751000E-9	-324.166208000E-9	683.253691000E-9	-106.689861000E-9	901.336266000E-9	2.944043060E-6	-1.115923900E-6	1.645845950E-6	1.305394820E-6	1.662807930E-6	798.352828000E-9	892.249492000E-9	1.930564870E-6	1.203017160E-6	1.559218700E-6	375.514945000E-9	987.963512000E-9	1.962065680E-6	1.313270020E-6	2.138349100E-6	954.039556000E-9	1.078225470E-6	2.025673100E-6	1.382935290E-6	1.731261620E-6	1.558612920E-6
340.379594000E-9	576.635793000E-9	114.421743000E-9	622.675462000E-9	243.453975000E-9	94.430834300E-9	975.848189000E-9	340.379594000E-9	5.083071330E-6	-1.877998770E-6	1.133958110E-6	1.992961410E-6	1.318722570E-6	1.835457280E-6	440.939925000E-9	1.041878770E-6	2.070501910E-6	1.250874630E-6	2.002048190E-6	474.258107000E-9	877.710999000E-9	2.155917610E-6	1.532564720E-6	2.206803560E-6	826.825049000E-9	1.465322570E-6	2.349163060E-6	1.458658930E-6	2.112301080E-6	867.412652000E-9
113.815468000E-9	-100.026362000E-9	292.521813000E-9	-342.945315000E-9	726.263316000E-9	-18.851276200E-9	-116.988320000E-9	519.085112000E-9	4.061105450E-6	-1.302503620E-6	1.412616840E-6	1.341134300E-6	1.484099380E-6	923.143188000E-9	940.105146000E-9	1.150312270E-6	1.380510270E-6	1.424126740E-6	837.727612000E-9	891.642408000E-9	894.671329000E-9	1.322960770E-6	1.536802600E-6	1.189688240E-6	1.136379230E-6	1.579813280E-6	1.754884920E-6	1.920869800E-6	1.376269790E-6	1.369606160E-6
-1.209820590E-6	784.420185000E-9	-163.633623000E-9	943.741688000E-9	3.690977480E-6	-3.176797070E-6	1.907545910E-6	612.377194000E-9	1.910574840E-6	808.045807000E-9	1.324780570E-6	2.160158330E-6	1.235730150E-6	2.130474860E-6	734.140015000E-9	1.061264010E-6	2.273440160E-6	1.287827670E-6	2.169850890E-6	93.825078600E-9	1.169699560E-6	2.075954190E-6	1.321751640E-6	2.375212070E-6	592.386283000E-9	1.224220230E-6	2.446088940E-6	1.146679720E-6	2.189841810E-6	463.354039000E-9
-923.888656000E-9	1.029153030E-6	-394.436419000E-9	3.057314700E-6	-1.568439210E-6	1.361122150E-6	2.198920110E-6	1.293880230E-6	2.309778410E-6	639.028744000E-9	1.630695600E-6	2.211035770E-6	1.716716800E-6	2.500600070E-6	69.592672000E-9	1.591925490E-6	2.241930710E-6	1.219974690E-6	2.138947590E-6	1.369603110E-6	1.780929800E-6	2.375202980E-6	1.751852220E-6	1.919048340E-6	1.602830290E-6	1.956001950E-6	1.600407160E-6	1.598589810E-6	1.199378620E-6	1.936616880E-6
307.059460000E-9	147.132786000E-9	897.697747000E-9	-349.608612000E-9	4.503317320E-6	-1.628411030E-6	712.933976000E-9	1.888758500E-6	925.563759000E-9	2.007491940E-6	2.280094230E-6	1.298726000E-6	2.478791010E-6	1.291456610E-6	1.284187210E-6	2.206794500E-6	597.835232000E-9	2.198313540E-6	1.164847990E-6	1.793650600E-6	2.466675350E-6	1.245417110E-6	2.622967330E-6	1.216945310E-6	1.548308540E-6	2.525436290E-6	1.090336700E-6	2.344913000E-6	1.064288030E-6	2.039598440E-6
-111.536390000E-9	368.244120000E-9	409.437396000E-9	2.636297440E-6	-864.522606000E-9	1.831816990E-6	1.511963320E-6	1.224216170E-6	1.831816990E-6	729.291070000E-9	1.467135340E-6	1.641600980E-6	1.510145970E-6	1.954791030E-6	511.814803000E-9	1.888760640E-6	1.580416850E-6	1.596167220E-6	1.889366420E-6	1.324170440E-6	1.741555250E-6	1.896635820E-6	1.584051550E-6	1.561637560E-6	1.627667960E-6	1.966906700E-6	1.528319470E-6	1.501665000E-6	-379.292017000E-9	1.747007300E-6
-1.186799180E-6	743.830935000E-9	-411.398628000E-9	1.870589440E-6	-1.518161760E-6	830.458067000E-9	2.072315560E-6	684.464089000E-9	1.949341380E-6	-33.995905000E-9	507.575119000E-9	2.265560700E-6	858.324138000E-9	1.911176980E-6	66.564262800E-9	927.383530000E-9	1.979630590E-6	717.176433000E-9	1.829396120E-6	568.152971000E-9	1.023702320E-6	2.166210390E-6	969.787569000E-9	1.737315530E-6	597.230589000E-9	659.020527000E-9	1.725805640E-6	493.641575000E-9	845.601909000E-9	755.340136000E-9
128.960244000E-9	155.614763000E-9	3.771542570E-6	-1.413362270E-6	1.263594650E-6	1.444118440E-6	648.723363000E-9	1.445330010E-6	704.455539000E-9	1.322355750E-6	1.628882720E-6	1.471984530E-6	2.087461600E-6	1.246026900E-6	1.279345050E-6	1.583448880E-6	934.653657000E-9	2.036575700E-6	883.161973000E-9	2.295851480E-6	2.271014310E-6	1.494398550E-6	2.066259140E-6	-86.699045400E-9	2.341285310E-6	1.700971080E-6	851.661178000E-9	1.930563410E-6	179.846144000E-9	2.137741720E-6
600.864607000E-9	204.682394000E-9	1.023095500E-6	947.978380000E-9	694.155219000E-9	1.063682970E-6	720.203897000E-9	1.797286430E-6	804.407762000E-9	1.599195320E-6	2.052321150E-6	754.127756000E-9	2.249806480E-6	1.293880590E-6	2.303721180E-6	2.361270590E-6	916.477654000E-9	2.312202150E-6	1.233302270E-6	1.331439150E-6	1.856047400E-6	504.545078000E-9	2.014762600E-6	1.353853120E-6	1.052173090E-6	2.279489850E-6	828.033307000E-9	2.280701420E-6	1.045509480E-6	1.390805900E-6
