#Static
4.036216000E-9	3.948285000E-9	3.981512000E-9	3.933982000E-9	4.046925000E-9	4.021387000E-9	4.036205000E-9	4.023931000E-9	4.037750000E-9	3.968229000E-9	4.017310000E-9	3.963122000E-9	3.973335000E-9	4.087311000E-9	4.074017000E-9	4.024451000E-9	3.986622000E-9	4.011151000E-9	3.965663000E-9	3.973345000E-9	4.062263000E-9	4.030589000E-9	4.058695000E-9	3.998396000E-9	3.984076000E-9	3.963630000E-9	3.992756000E-9	3.936538000E-9	3.868037000E-9	3.997361000E-9	NaN	NaN	NaN	NaN	NaN	NaN	NaN	NaN	NaN	NaN	NaN	NaN	NaN	NaN	NaN	NaN	NaN	NaN	NaN	NaN	NaN	NaN	NaN	NaN	NaN	NaN	NaN	NaN	NaN	NaN
3.578221000E-9	3.594063000E-9	3.616551000E-9	3.638541000E-9	3.540930000E-9	3.569020000E-9	3.599187000E-9	3.585382000E-9	3.478039000E-9	3.600706000E-9	3.558300000E-9	3.582329000E-9	3.592032000E-9	3.687606000E-9	3.526597000E-9	3.560332000E-9	3.569018000E-9	3.559318000E-9	3.579749000E-9	3.477540000E-9	3.571085000E-9	3.507176000E-9	3.541439000E-9	3.532216000E-9	3.607361000E-9	3.539913000E-9	3.570546000E-9	3.558311000E-9	3.498483000E-9	3.572601000E-9	NaN	NaN	NaN	NaN	NaN	NaN	NaN	NaN	NaN	NaN	NaN	NaN	NaN	NaN	NaN	NaN	NaN	NaN	NaN	NaN	NaN	NaN	NaN	NaN	NaN	NaN	NaN	NaN	NaN	NaN
3.826125000E-9	3.758143000E-9	3.823560000E-9	3.767859000E-9	3.749459000E-9	3.756113000E-9	3.757632000E-9	3.787797000E-9	3.782680000E-9	3.741274000E-9	3.836349000E-9	3.832776000E-9	3.868043000E-9	3.809254000E-9	3.802100000E-9	3.800571000E-9	3.745887000E-9	3.759170000E-9	3.758668000E-9	3.735671000E-9	3.768897000E-9	3.777556000E-9	3.733109000E-9	3.791879000E-9	3.785241000E-9	3.873676000E-9	3.866000000E-9	3.713669000E-9	3.778073000E-9	3.787801000E-9	NaN	NaN	NaN	NaN	NaN	NaN	NaN	NaN	NaN	NaN	NaN	NaN	NaN	NaN	NaN	NaN	NaN	NaN	NaN	NaN	NaN	NaN	NaN	NaN	NaN	NaN	NaN	NaN	NaN	NaN
4.094985000E-9	4.003490000E-9	4.047957000E-9	4.058693000E-9	4.010649000E-9	4.031091000E-9	4.080162000E-9	4.011678000E-9	4.069447000E-9	4.070444000E-9	4.078622000E-9	4.039786000E-9	3.973352000E-9	3.943156000E-9	4.054096000E-9	4.074035000E-9	4.055615000E-9	4.069928000E-9	4.059205000E-9	4.081705000E-9	4.041321000E-9	4.077092000E-9	4.023942000E-9	4.023433000E-9	4.068911000E-9	4.056646000E-9	4.027525000E-9	4.114917000E-9	4.137407000E-9	4.092423000E-9	NaN	NaN	NaN	NaN	NaN	NaN	NaN	NaN	NaN	NaN	NaN	NaN	NaN	NaN	NaN	NaN	NaN	NaN	NaN	NaN	NaN	NaN	NaN	NaN	NaN	NaN	NaN	NaN	NaN	NaN
4.332135000E-9	4.375602000E-9	4.271826000E-9	4.384285000E-9	4.344923000E-9	4.304036000E-9	4.346980000E-9	4.395027000E-9	4.296869000E-9	4.353606000E-9	4.366906000E-9	4.342367000E-9	4.342891000E-9	4.393998000E-9	4.392981000E-9	4.268764000E-9	4.331630000E-9	4.337762000E-9	4.297891000E-9	4.374066000E-9	4.359745000E-9	4.328569000E-9	4.372525000E-9	4.388873000E-9	4.334199000E-9	4.397576000E-9	4.270814000E-9	4.305057000E-9	4.369457000E-9	4.315274000E-9	NaN	NaN	NaN	NaN	NaN	NaN	NaN	NaN	NaN	NaN	NaN	NaN	NaN	NaN	NaN	NaN	NaN	NaN	NaN	NaN	NaN	NaN	NaN	NaN	NaN	NaN	NaN	NaN	NaN	NaN
4.669507000E-9	4.616850000E-9	4.666954000E-9	4.643447000E-9	4.658265000E-9	4.676142000E-9	4.611255000E-9	4.601020000E-9	4.683307000E-9	4.548872000E-9	4.668993000E-9	4.633214000E-9	4.590287000E-9	4.599460000E-9	4.659788000E-9	4.609696000E-9	4.595373000E-9	4.742066000E-9	4.703234000E-9	4.657743000E-9	4.733378000E-9	4.679720000E-9	4.709363000E-9	4.720615000E-9	4.739013000E-9	4.708342000E-9	4.739023000E-9	4.713464000E-9	4.707321000E-9	4.681248000E-9	NaN	NaN	NaN	NaN	NaN	NaN	NaN	NaN	NaN	NaN	NaN	NaN	NaN	NaN	NaN	NaN	NaN	NaN	NaN	NaN	NaN	NaN	NaN	NaN	NaN	NaN	NaN	NaN	NaN	NaN
5.072794000E-9	5.032405000E-9	5.065141000E-9	5.041609000E-9	4.995080000E-9	5.086083000E-9	5.056939000E-9	5.044175000E-9	5.043150000E-9	5.056432000E-9	5.063066000E-9	5.057954000E-9	5.106009000E-9	5.053884000E-9	5.106004000E-9	5.104472000E-9	5.032901000E-9	5.132593000E-9	5.052336000E-9	5.036488000E-9	5.101916000E-9	5.061529000E-9	5.053360000E-9	5.142807000E-9	5.040072000E-9	5.053368000E-9	5.084540000E-9	5.097311000E-9	5.036005000E-9	5.140770000E-9	NaN	NaN	NaN	NaN	NaN	NaN	NaN	NaN	NaN	NaN	NaN	NaN	NaN	NaN	NaN	NaN	NaN	NaN	NaN	NaN	NaN	NaN	NaN	NaN	NaN	NaN	NaN	NaN	NaN	NaN
5.474535000E-9	5.484249000E-9	5.453575000E-9	5.466368000E-9	5.480155000E-9	5.536889000E-9	5.562461000E-9	5.551208000E-9	5.518502000E-9	5.487336000E-9	5.467374000E-9	5.455621000E-9	5.555806000E-9	5.455616000E-9	5.442341000E-9	5.437220000E-9	5.482192000E-9	5.447947000E-9	5.479150000E-9	5.536380000E-9	5.478119000E-9	5.496517000E-9	5.515428000E-9	5.461751000E-9	5.494979000E-9	5.529232000E-9	5.480669000E-9	5.476606000E-9	5.532296000E-9	5.454595000E-9	NaN	NaN	NaN	NaN	NaN	NaN	NaN	NaN	NaN	NaN	NaN	NaN	NaN	NaN	NaN	NaN	NaN	NaN	NaN	NaN	NaN	NaN	NaN	NaN	NaN	NaN	NaN	NaN	NaN	NaN
5.892636000E-9	5.982090000E-9	5.919219000E-9	5.907459000E-9	5.965754000E-9	5.932498000E-9	5.883444000E-9	5.892643000E-9	5.910528000E-9	5.922829000E-9	5.973409000E-9	5.902848000E-9	5.919741000E-9	5.948364000E-9	5.909003000E-9	5.881905000E-9	5.967277000E-9	5.971885000E-9	5.880390000E-9	5.976993000E-9	5.918712000E-9	5.927401000E-9	5.910553000E-9	5.896232000E-9	5.917685000E-9	6.016344000E-9	5.941208000E-9	5.928428000E-9	6.007656000E-9	5.919718000E-9	NaN	NaN	NaN	NaN	NaN	NaN	NaN	NaN	NaN	NaN	NaN	NaN	NaN	NaN	NaN	NaN	NaN	NaN	NaN	NaN	NaN	NaN	NaN	NaN	NaN	NaN	NaN	NaN	NaN	NaN
6.367483000E-9	6.277015000E-9	6.283151000E-9	6.245849000E-9	6.270888000E-9	6.243285000E-9	6.365439000E-9	6.333762000E-9	6.373627000E-9	6.359314000E-9	6.370569000E-9	6.415549000E-9	6.300014000E-9	6.329666000E-9	6.317912000E-9	6.446212000E-9	6.319966000E-9	6.344489000E-9	6.437518000E-9	6.353701000E-9	6.435476000E-9	6.400185000E-9	6.311256000E-9	6.397654000E-9	6.419638000E-9	6.347545000E-9	6.404831000E-9	6.407358000E-9	6.366466000E-9	6.392558000E-9	NaN	NaN	NaN	NaN	NaN	NaN	NaN	NaN	NaN	NaN	NaN	NaN	NaN	NaN	NaN	NaN	NaN	NaN	NaN	NaN	NaN	NaN	NaN	NaN	NaN	NaN	NaN	NaN	NaN	NaN
6.931803000E-9	7.015621000E-9	6.890915000E-9	6.926665000E-9	6.919509000E-9	6.908293000E-9	6.973173000E-9	6.906762000E-9	6.880186000E-9	6.891410000E-9	6.928691000E-9	6.844381000E-9	6.970123000E-9	6.875031000E-9	6.811677000E-9	6.932825000E-9	6.871463000E-9	6.812171000E-9	6.897546000E-9	6.905733000E-9	6.700224000E-9	6.865840000E-9	6.934844000E-9	6.851014000E-9	6.877094000E-9	7.010493000E-9	6.800920000E-9	6.962463000E-9	7.059055000E-9	6.880653000E-9	NaN	NaN	NaN	NaN	NaN	NaN	NaN	NaN	NaN	NaN	NaN	NaN	NaN	NaN	NaN	NaN	NaN	NaN	NaN	NaN	NaN	NaN	NaN	NaN	NaN	NaN	NaN	NaN	NaN	NaN
7.525189000E-9	7.438819000E-9	7.390764000E-9	7.575309000E-9	7.460802000E-9	7.435751000E-9	7.420436000E-9	7.371871000E-9	7.426560000E-9	7.568654000E-9	7.462329000E-9	7.451084000E-9	7.527759000E-9	7.500678000E-9	7.487866000E-9	7.481763000E-9	7.419914000E-9	7.472546000E-9	7.445467000E-9	7.442917000E-9	7.479221000E-9	7.493506000E-9	7.416838000E-9	7.465425000E-9	7.499141000E-9	7.489411000E-9	7.556868000E-9	7.530812000E-9	7.554839000E-9	7.512438000E-9	NaN	NaN	NaN	NaN	NaN	NaN	NaN	NaN	NaN	NaN	NaN	NaN	NaN	NaN	NaN	NaN	NaN	NaN	NaN	NaN	NaN	NaN	NaN	NaN	NaN	NaN	NaN	NaN	NaN	NaN
8.171275000E-9	7.972975000E-9	8.050159000E-9	8.159017000E-9	7.960670000E-9	7.962728000E-9	8.000056000E-9	7.961200000E-9	8.062393000E-9	8.103820000E-9	8.001089000E-9	7.972974000E-9	7.979589000E-9	8.120158000E-9	7.969882000E-9	8.043990000E-9	8.072621000E-9	8.025625000E-9	8.034807000E-9	8.045551000E-9	8.043515000E-9	8.024082000E-9	8.036842000E-9	8.069049000E-9	8.140609000E-9	8.106871000E-9	8.050661000E-9	8.011295000E-9	8.086946000E-9	8.022031000E-9	NaN	NaN	NaN	NaN	NaN	NaN	NaN	NaN	NaN	NaN	NaN	NaN	NaN	NaN	NaN	NaN	NaN	NaN	NaN	NaN	NaN	NaN	NaN	NaN	NaN	NaN	NaN	NaN	NaN	NaN
8.873581000E-9	8.801507000E-9	8.899656000E-9	8.865417000E-9	8.872041000E-9	8.806137000E-9	8.773388000E-9	8.840381000E-9	8.817358000E-9	8.865900000E-9	8.792298000E-9	8.765766000E-9	8.849033000E-9	8.792330000E-9	8.814289000E-9	8.651751000E-9	8.798969000E-9	8.807164000E-9	8.850585000E-9	8.894025000E-9	8.857746000E-9	8.858271000E-9	8.796897000E-9	8.797445000E-9	8.845473000E-9	8.877191000E-9	8.830140000E-9	8.937476000E-9	8.855189000E-9	8.845460000E-9	NaN	NaN	NaN	NaN	NaN	NaN	NaN	NaN	NaN	NaN	NaN	NaN	NaN	NaN	NaN	NaN	NaN	NaN	NaN	NaN	NaN	NaN	NaN	NaN	NaN	NaN	NaN	NaN	NaN	NaN
9.387261000E-9	9.593773000E-9	9.570798000E-9	9.546238000E-9	9.607057000E-9	9.598373000E-9	9.661744000E-9	9.671528000E-9	9.609118000E-9	9.530873000E-9	9.685293000E-9	9.640282000E-9	9.566694000E-9	9.646929000E-9	9.557995000E-9	9.403637000E-9	9.728208000E-9	9.494646000E-9	9.581523000E-9	9.634693000E-9	9.589190000E-9	9.620869000E-9	9.597844000E-9	9.635174000E-9	9.467047000E-9	9.626988000E-9	9.664836000E-9	9.506358000E-9	9.590196000E-9	9.553395000E-9	NaN	NaN	NaN	NaN	NaN	NaN	NaN	NaN	NaN	NaN	NaN	NaN	NaN	NaN	NaN	NaN	NaN	NaN	NaN	NaN	NaN	NaN	NaN	NaN	NaN	NaN	NaN	NaN	NaN	NaN
10.297630000E-9	10.386060000E-9	10.338510000E-9	10.386020000E-9	10.361480000E-9	10.270030000E-9	10.368630000E-9	10.307360000E-9	10.333390000E-9	10.364580000E-9	10.315040000E-9	10.340520000E-9	10.420290000E-9	10.308860000E-9	10.310400000E-9	10.398320000E-9	10.338490000E-9	10.358950000E-9	10.429500000E-9	10.356400000E-9	10.315000000E-9	10.405990000E-9	10.352820000E-9	10.304270000E-9	10.287360000E-9	10.359430000E-9	10.419240000E-9	10.393700000E-9	10.401380000E-9	10.473980000E-9	NaN	NaN	NaN	NaN	NaN	NaN	NaN	NaN	NaN	NaN	NaN	NaN	NaN	NaN	NaN	NaN	NaN	NaN	NaN	NaN	NaN	NaN	NaN	NaN	NaN	NaN	NaN	NaN	NaN	NaN
11.181350000E-9	11.247820000E-9	11.168070000E-9	11.283080000E-9	11.193110000E-9	11.189060000E-9	11.261090000E-9	11.272370000E-9	11.241660000E-9	11.335720000E-9	11.245770000E-9	11.221250000E-9	11.309640000E-9	11.271810000E-9	11.287660000E-9	11.251910000E-9	11.227890000E-9	11.266750000E-9	11.301480000E-9	11.265190000E-9	11.285650000E-9	11.221210000E-9	11.243720000E-9	11.255510000E-9	11.267780000E-9	11.291760000E-9	11.249330000E-9	11.315770000E-9	11.252930000E-9	11.223250000E-9	NaN	NaN	NaN	NaN	NaN	NaN	NaN	NaN	NaN	NaN	NaN	NaN	NaN	NaN	NaN	NaN	NaN	NaN	NaN	NaN	NaN	NaN	NaN	NaN	NaN	NaN	NaN	NaN	NaN	NaN
12.122360000E-9	12.145360000E-9	12.118840000E-9	12.191850000E-9	12.177080000E-9	12.091180000E-9	12.136150000E-9	12.120320000E-9	12.073280000E-9	12.157620000E-9	12.097800000E-9	12.107010000E-9	12.250130000E-9	12.158620000E-9	12.125430000E-9	12.232270000E-9	12.084520000E-9	12.171930000E-9	12.141250000E-9	12.196470000E-9	12.162740000E-9	12.171950000E-9	12.136140000E-9	12.138740000E-9	12.221010000E-9	12.162780000E-9	12.162230000E-9	12.206210000E-9	12.197480000E-9	12.160170000E-9	NaN	NaN	NaN	NaN	NaN	NaN	NaN	NaN	NaN	NaN	NaN	NaN	NaN	NaN	NaN	NaN	NaN	NaN	NaN	NaN	NaN	NaN	NaN	NaN	NaN	NaN	NaN	NaN	NaN	NaN
13.107290000E-9	13.164060000E-9	12.975950000E-9	13.117080000E-9	13.076640000E-9	12.958110000E-9	13.090470000E-9	13.147660000E-9	13.081270000E-9	13.098640000E-9	13.234100000E-9	13.107350000E-9	13.108830000E-9	13.078180000E-9	13.016300000E-9	13.158960000E-9	13.168660000E-9	12.994840000E-9	13.173770000E-9	13.217200000E-9	13.163580000E-9	13.121640000E-9	13.111900000E-9	13.015340000E-9	13.137500000E-9	13.120070000E-9	13.023460000E-9	13.133450000E-9	13.186570000E-9	13.048550000E-9	NaN	NaN	NaN	NaN	NaN	NaN	NaN	NaN	NaN	NaN	NaN	NaN	NaN	NaN	NaN	NaN	NaN	NaN	NaN	NaN	NaN	NaN	NaN	NaN	NaN	NaN	NaN	NaN	NaN	NaN
14.208810000E-9	14.399460000E-9	14.214940000E-9	14.179700000E-9	14.269690000E-9	14.231360000E-9	14.206790000E-9	14.068260000E-9	14.241530000E-9	14.249210000E-9	14.228230000E-9	14.224190000E-9	14.145950000E-9	14.271700000E-9	14.229770000E-9	14.140850000E-9	14.336580000E-9	14.201150000E-9	14.282420000E-9	14.252270000E-9	14.214470000E-9	14.220550000E-9	14.331530000E-9	14.214460000E-9	14.211930000E-9	14.235930000E-9	14.229300000E-9	14.202160000E-9	14.312570000E-9	14.167930000E-9	NaN	NaN	NaN	NaN	NaN	NaN	NaN	NaN	NaN	NaN	NaN	NaN	NaN	NaN	NaN	NaN	NaN	NaN	NaN	NaN	NaN	NaN	NaN	NaN	NaN	NaN	NaN	NaN	NaN	NaN
15.414620000E-9	15.380830000E-9	15.428400000E-9	15.391130000E-9	15.441120000E-9	15.311330000E-9	15.426820000E-9	15.368140000E-9	15.368050000E-9	15.427370000E-9	15.474370000E-9	15.344040000E-9	15.435560000E-9	15.461100000E-9	15.355820000E-9	15.412040000E-9	15.511190000E-9	15.371630000E-9	15.443700000E-9	15.437040000E-9	15.398720000E-9	15.386980000E-9	15.520360000E-9	15.366040000E-9	15.485130000E-9	15.446820000E-9	15.436600000E-9	15.431920000E-9	15.456480000E-9	15.440160000E-9	NaN	NaN	NaN	NaN	NaN	NaN	NaN	NaN	NaN	NaN	NaN	NaN	NaN	NaN	NaN	NaN	NaN	NaN	NaN	NaN	NaN	NaN	NaN	NaN	NaN	NaN	NaN	NaN	NaN	NaN
16.771160000E-9	16.655630000E-9	16.736890000E-9	16.797780000E-9	16.651500000E-9	16.687810000E-9	16.744020000E-9	16.634160000E-9	16.630590000E-9	16.728160000E-9	16.664770000E-9	16.694990000E-9	16.728760000E-9	16.761960000E-9	16.769620000E-9	16.892270000E-9	16.667920000E-9	16.719010000E-9	16.740970000E-9	16.780400000E-9	16.721590000E-9	16.897870000E-9	16.751160000E-9	16.741520000E-9	16.902490000E-9	16.719980000E-9	16.782420000E-9	16.961340000E-9	16.785440000E-9	16.813530000E-9	NaN	NaN	NaN	NaN	NaN	NaN	NaN	NaN	NaN	NaN	NaN	NaN	NaN	NaN	NaN	NaN	NaN	NaN	NaN	NaN	NaN	NaN	NaN	NaN	NaN	NaN	NaN	NaN	NaN	NaN
18.159900000E-9	18.141500000E-9	18.081670000E-9	18.201260000E-9	18.109810000E-9	18.112850000E-9	18.259590000E-9	18.128670000E-9	18.222760000E-9	18.216150000E-9	18.115920000E-9	18.196210000E-9	18.237610000E-9	18.167020000E-9	18.219160000E-9	18.236060000E-9	18.122580000E-9	18.210540000E-9	18.243210000E-9	18.100610000E-9	18.195210000E-9	18.173720000E-9	18.195200000E-9	18.177780000E-9	18.172160000E-9	18.136940000E-9	18.225850000E-9	18.213570000E-9	18.129790000E-9	18.161960000E-9	NaN	NaN	NaN	NaN	NaN	NaN	NaN	NaN	NaN	NaN	NaN	NaN	NaN	NaN	NaN	NaN	NaN	NaN	NaN	NaN	NaN	NaN	NaN	NaN	NaN	NaN	NaN	NaN	NaN	NaN
19.467920000E-9	19.648800000E-9	19.648400000E-9	19.608990000E-9	19.666740000E-9	19.682560000E-9	19.465360000E-9	19.670370000E-9	19.602340000E-9	19.632010000E-9	19.625370000E-9	19.643230000E-9	19.508720000E-9	19.645840000E-9	19.695350000E-9	19.652500000E-9	19.705080000E-9	19.636570000E-9	19.445920000E-9	19.629930000E-9	19.628890000E-9	19.649340000E-9	19.730610000E-9	19.646290000E-9	19.547640000E-9	19.653970000E-9	19.702480000E-9	19.656000000E-9	19.706590000E-9	19.741860000E-9	NaN	NaN	NaN	NaN	NaN	NaN	NaN	NaN	NaN	NaN	NaN	NaN	NaN	NaN	NaN	NaN	NaN	NaN	NaN	NaN	NaN	NaN	NaN	NaN	NaN	NaN	NaN	NaN	NaN	NaN
23.825290000E-9	23.857440000E-9	23.845260000E-9	23.837570000E-9	23.836000000E-9	23.815620000E-9	23.805890000E-9	23.785440000E-9	23.833010000E-9	23.797170000E-9	23.856500000E-9	23.860600000E-9	23.831920000E-9	23.753790000E-9	23.781850000E-9	23.815610000E-9	23.886680000E-9	23.870320000E-9	23.860080000E-9	23.863210000E-9	23.757830000E-9	23.769060000E-9	23.823240000E-9	23.811970000E-9	23.773130000E-9	23.840640000E-9	23.780810000E-9	23.843720000E-9	23.796180000E-9	23.767120000E-9	NaN	NaN	NaN	NaN	NaN	NaN	NaN	NaN	NaN	NaN	NaN	NaN	NaN	NaN	NaN	NaN	NaN	NaN	NaN	NaN	NaN	NaN	NaN	NaN	NaN	NaN	NaN	NaN	NaN	NaN
22.790760000E-9	22.889440000E-9	22.831110000E-9	22.875620000E-9	22.873610000E-9	22.761150000E-9	22.895070000E-9	22.865920000E-9	22.849090000E-9	22.848540000E-9	22.876670000E-9	22.931910000E-9	22.822950000E-9	22.883280000E-9	22.904770000E-9	22.908890000E-9	22.817360000E-9	22.855740000E-9	22.908900000E-9	22.926270000E-9	22.933900000E-9	22.945680000E-9	22.966640000E-9	22.878170000E-9	22.913970000E-9	22.810670000E-9	22.943590000E-9	22.939520000E-9	22.939550000E-9	22.968100000E-9	NaN	NaN	NaN	NaN	NaN	NaN	NaN	NaN	NaN	NaN	NaN	NaN	NaN	NaN	NaN	NaN	NaN	NaN	NaN	NaN	NaN	NaN	NaN	NaN	NaN	NaN	NaN	NaN	NaN	NaN
24.490310000E-9	24.524030000E-9	24.371810000E-9	24.438170000E-9	24.496450000E-9	24.428010000E-9	24.502610000E-9	24.579760000E-9	24.541920000E-9	24.502060000E-9	24.551610000E-9	24.544540000E-9	24.519450000E-9	24.483580000E-9	24.501100000E-9	24.531230000E-9	24.519400000E-9	24.578200000E-9	24.551160000E-9	24.469310000E-9	24.566960000E-9	24.609960000E-9	24.590070000E-9	24.555660000E-9	24.602830000E-9	24.630920000E-9	24.580720000E-9	24.498980000E-9	24.607920000E-9	24.555780000E-9	NaN	NaN	NaN	NaN	NaN	NaN	NaN	NaN	NaN	NaN	NaN	NaN	NaN	NaN	NaN	NaN	NaN	NaN	NaN	NaN	NaN	NaN	NaN	NaN	NaN	NaN	NaN	NaN	NaN	NaN
26.816470000E-9	26.816460000E-9	26.804750000E-9	26.864030000E-9	26.801640000E-9	26.737750000E-9	26.832820000E-9	26.802630000E-9	26.829250000E-9	26.802650000E-9	26.812930000E-9	26.845530000E-9	26.852750000E-9	26.847650000E-9	26.804670000E-9	26.860930000E-9	26.826720000E-9	26.878290000E-9	26.801680000E-9	26.807790000E-9	26.897700000E-9	26.913070000E-9	26.877270000E-9	26.857380000E-9	26.920800000E-9	26.908020000E-9	26.929470000E-9	26.888110000E-9	26.977480000E-9	26.891030000E-9	NaN	NaN	NaN	NaN	NaN	NaN	NaN	NaN	NaN	NaN	NaN	NaN	NaN	NaN	NaN	NaN	NaN	NaN	NaN	NaN	NaN	NaN	NaN	NaN	NaN	NaN	NaN	NaN	NaN	NaN
29.016390000E-9	29.080250000E-9	29.045040000E-9	28.981120000E-9	29.082760000E-9	29.081870000E-9	29.004650000E-9	29.038390000E-9	28.984670000E-9	29.072150000E-9	29.059430000E-9	28.992880000E-9	28.978150000E-9	29.013890000E-9	29.015330000E-9	29.133450000E-9	29.045080000E-9	29.040400000E-9	29.055290000E-9	29.075770000E-9	29.086950000E-9	28.999600000E-9	29.090010000E-9	29.006740000E-9	29.068020000E-9	29.081390000E-9	29.150350000E-9	29.022060000E-9	29.110500000E-9	29.082290000E-9	NaN	NaN	NaN	NaN	NaN	NaN	NaN	NaN	NaN	NaN	NaN	NaN	NaN	NaN	NaN	NaN	NaN	NaN	NaN	NaN	NaN	NaN	NaN	NaN	NaN	NaN	NaN	NaN	NaN	NaN
23.229870000E-9	23.267080000E-9	23.253820000E-9	23.296910000E-9	23.261560000E-9	23.275820000E-9	23.266630000E-9	23.281460000E-9	23.339780000E-9	23.363280000E-9	23.344300000E-9	23.388250000E-9	23.400070000E-9	23.367350000E-9	23.392410000E-9	23.407730000E-9	23.372440000E-9	23.396490000E-9	23.382130000E-9	23.420550000E-9	23.451580000E-9	23.445570000E-9	23.471120000E-9	23.483330000E-9	23.556030000E-9	23.503850000E-9	23.508890000E-9	23.519560000E-9	23.580460000E-9	23.590660000E-9	NaN	NaN	NaN	NaN	NaN	NaN	NaN	NaN	NaN	NaN	NaN	NaN	NaN	NaN	NaN	NaN	NaN	NaN	NaN	NaN	NaN	NaN	NaN	NaN	NaN	NaN	NaN	NaN	NaN	NaN
36.836210000E-9	36.851720000E-9	36.709000000E-9	36.855220000E-9	36.879140000E-9	36.755970000E-9	36.819420000E-9	36.848020000E-9	36.798520000E-9	36.860780000E-9	36.811230000E-9	36.912540000E-9	36.943170000E-9	36.860780000E-9	36.838380000E-9	36.836250000E-9	36.952250000E-9	36.859310000E-9	36.842830000E-9	36.881780000E-9	36.857890000E-9	36.887330000E-9	36.901820000E-9	36.855670000E-9	36.915970000E-9	36.977850000E-9	36.932340000E-9	36.834160000E-9	36.836190000E-9	36.902190000E-9	NaN	NaN	NaN	NaN	NaN	NaN	NaN	NaN	NaN	NaN	NaN	NaN	NaN	NaN	NaN	NaN	NaN	NaN	NaN	NaN	NaN	NaN	NaN	NaN	NaN	NaN	NaN	NaN	NaN	NaN
35.835520000E-9	35.788610000E-9	35.795090000E-9	35.816150000E-9	35.851770000E-9	35.803700000E-9	35.810000000E-9	35.807900000E-9	35.837470000E-9	35.879990000E-9	35.886090000E-9	35.885550000E-9	35.842560000E-9	35.852500000E-9	35.931020000E-9	35.964730000E-9	35.919310000E-9	35.964180000E-9	35.943360000E-9	35.871350000E-9	35.969980000E-9	35.926940000E-9	35.908080000E-9	35.999550000E-9	36.027110000E-9	35.994910000E-9	35.988440000E-9	36.052200000E-9	35.937610000E-9	35.980120000E-9	NaN	NaN	NaN	NaN	NaN	NaN	NaN	NaN	NaN	NaN	NaN	NaN	NaN	NaN	NaN	NaN	NaN	NaN	NaN	NaN	NaN	NaN	NaN	NaN	NaN	NaN	NaN	NaN	NaN	NaN
38.263850000E-9	38.159530000E-9	38.216950000E-9	38.332930000E-9	38.268420000E-9	38.227980000E-9	38.347670000E-9	38.339470000E-9	38.326200000E-9	38.333440000E-9	38.307870000E-9	38.363570000E-9	38.355870000E-9	38.337080000E-9	38.356860000E-9	38.413560000E-9	38.366700000E-9	38.323660000E-9	38.488840000E-9	38.417230000E-9	38.376810000E-9	38.442730000E-9	38.363000000E-9	38.455030000E-9	38.438790000E-9	38.421960000E-9	38.477600000E-9	38.529210000E-9	38.490420000E-9	38.448410000E-9	NaN	NaN	NaN	NaN	NaN	NaN	NaN	NaN	NaN	NaN	NaN	NaN	NaN	NaN	NaN	NaN	NaN	NaN	NaN	NaN	NaN	NaN	NaN	NaN	NaN	NaN	NaN	NaN	NaN	NaN
42.030860000E-9	42.031950000E-9	41.979790000E-9	42.151030000E-9	42.095350000E-9	42.034070000E-9	42.127450000E-9	42.100910000E-9	42.054960000E-9	42.177600000E-9	42.145900000E-9	42.070240000E-9	42.110690000E-9	42.178160000E-9	42.137740000E-9	42.175590000E-9	42.195480000E-9	42.158110000E-9	42.120360000E-9	42.203630000E-9	42.139870000E-9	42.240500000E-9	42.275110000E-9	42.117750000E-9	42.126010000E-9	42.240060000E-9	42.160220000E-9	42.179570000E-9	42.288040000E-9	42.199080000E-9	NaN	NaN	NaN	NaN	NaN	NaN	NaN	NaN	NaN	NaN	NaN	NaN	NaN	NaN	NaN	NaN	NaN	NaN	NaN	NaN	NaN	NaN	NaN	NaN	NaN	NaN	NaN	NaN	NaN	NaN
32.654220000E-9	32.667900000E-9	32.659830000E-9	32.736330000E-9	32.735460000E-9	32.767470000E-9	32.825880000E-9	32.782950000E-9	32.808060000E-9	32.799340000E-9	32.766990000E-9	32.804510000E-9	32.859060000E-9	32.902070000E-9	32.858080000E-9	32.924040000E-9	32.944470000E-9	32.987330000E-9	32.964930000E-9	33.015950000E-9	33.025800000E-9	33.077320000E-9	33.073250000E-9	33.080980000E-9	33.076890000E-9	33.127880000E-9	33.200550000E-9	33.146820000E-9	33.167400000E-9	33.197550000E-9	NaN	NaN	NaN	NaN	NaN	NaN	NaN	NaN	NaN	NaN	NaN	NaN	NaN	NaN	NaN	NaN	NaN	NaN	NaN	NaN	NaN	NaN	NaN	NaN	NaN	NaN	NaN	NaN	NaN	NaN
51.541060000E-9	51.526840000E-9	51.606160000E-9	51.618380000E-9	51.592180000E-9	51.597250000E-9	51.690810000E-9	51.671520000E-9	51.622460000E-9	51.627600000E-9	51.699540000E-9	51.658630000E-9	51.716450000E-9	51.680190000E-9	51.720470000E-9	51.780340000E-9	51.662140000E-9	51.670940000E-9	51.721060000E-9	51.708240000E-9	51.751580000E-9	51.715380000E-9	51.726760000E-9	51.791540000E-9	51.811850000E-9	51.809900000E-9	51.865270000E-9	51.888200000E-9	51.873810000E-9	51.904570000E-9	NaN	NaN	NaN	NaN	NaN	NaN	NaN	NaN	NaN	NaN	NaN	NaN	NaN	NaN	NaN	NaN	NaN	NaN	NaN	NaN	NaN	NaN	NaN	NaN	NaN	NaN	NaN	NaN	NaN	NaN
51.948930000E-9	52.029280000E-9	51.871240000E-9	51.935250000E-9	51.954570000E-9	51.948870000E-9	51.996000000E-9	52.059890000E-9	51.991940000E-9	52.045070000E-9	52.098200000E-9	52.033740000E-9	52.079880000E-9	52.078800000E-9	52.018960000E-9	52.122790000E-9	52.090040000E-9	52.052740000E-9	52.132480000E-9	52.189670000E-9	52.110060000E-9	52.185070000E-9	52.261780000E-9	52.130510000E-9	52.221510000E-9	52.226960000E-9	52.210140000E-9	52.278180000E-9	52.443460000E-9	52.184520000E-9	NaN	NaN	NaN	NaN	NaN	NaN	NaN	NaN	NaN	NaN	NaN	NaN	NaN	NaN	NaN	NaN	NaN	NaN	NaN	NaN	NaN	NaN	NaN	NaN	NaN	NaN	NaN	NaN	NaN	NaN
58.737500000E-9	58.801100000E-9	58.827910000E-9	58.727620000E-9	58.802600000E-9	58.805600000E-9	58.813970000E-9	58.884630000E-9	58.898910000E-9	58.930620000E-9	58.877850000E-9	58.963290000E-9	59.019380000E-9	58.993420000E-9	59.043020000E-9	58.920200000E-9	59.015790000E-9	59.064500000E-9	59.074300000E-9	59.050000000E-9	59.057340000E-9	59.152850000E-9	59.163210000E-9	59.134510000E-9	59.146170000E-9	59.215760000E-9	59.212700000E-9	59.269330000E-9	59.263300000E-9	59.229920000E-9	NaN	NaN	NaN	NaN	NaN	NaN	NaN	NaN	NaN	NaN	NaN	NaN	NaN	NaN	NaN	NaN	NaN	NaN	NaN	NaN	NaN	NaN	NaN	NaN	NaN	NaN	NaN	NaN	NaN	NaN
60.694900000E-9	60.702640000E-9	60.693080000E-9	60.751710000E-9	60.684190000E-9	60.713820000E-9	60.800340000E-9	60.743500000E-9	60.762910000E-9	60.754800000E-9	60.863980000E-9	60.852840000E-9	60.872740000E-9	60.907600000E-9	60.888080000E-9	60.882530000E-9	60.937360000E-9	60.935210000E-9	60.877940000E-9	60.973580000E-9	60.978100000E-9	61.012900000E-9	60.999030000E-9	61.023980000E-9	61.103800000E-9	61.073270000E-9	61.093230000E-9	61.109550000E-9	61.064020000E-9	61.143870000E-9	NaN	NaN	NaN	NaN	NaN	NaN	NaN	NaN	NaN	NaN	NaN	NaN	NaN	NaN	NaN	NaN	NaN	NaN	NaN	NaN	NaN	NaN	NaN	NaN	NaN	NaN	NaN	NaN	NaN	NaN
47.797670000E-9	47.841480000E-9	47.901380000E-9	47.864050000E-9	47.934640000E-9	47.934580000E-9	47.986150000E-9	48.040290000E-9	48.096120000E-9	48.080770000E-9	48.076120000E-9	48.105200000E-9	48.125210000E-9	48.199910000E-9	48.262840000E-9	48.250320000E-9	48.280470000E-9	48.182410000E-9	48.415560000E-9	48.356120000E-9	48.399690000E-9	48.436090000E-9	48.456000000E-9	48.514170000E-9	48.539850000E-9	48.485540000E-9	48.562580000E-9	48.619950000E-9	48.586710000E-9	48.647650000E-9	NaN	NaN	NaN	NaN	NaN	NaN	NaN	NaN	NaN	NaN	NaN	NaN	NaN	NaN	NaN	NaN	NaN	NaN	NaN	NaN	NaN	NaN	NaN	NaN	NaN	NaN	NaN	NaN	NaN	NaN
75.531820000E-9	75.505850000E-9	75.661090000E-9	75.602990000E-9	75.599800000E-9	75.666690000E-9	75.635170000E-9	75.596060000E-9	75.704040000E-9	75.661540000E-9	75.729720000E-9	75.734780000E-9	75.683350000E-9	75.718640000E-9	75.784700000E-9	75.782080000E-9	75.694490000E-9	75.830940000E-9	75.841410000E-9	75.792500000E-9	75.882830000E-9	75.849730000E-9	75.843600000E-9	75.879830000E-9	75.851280000E-9	75.847640000E-9	75.985550000E-9	75.894700000E-9	75.928010000E-9	75.877260000E-9	NaN	NaN	NaN	NaN	NaN	NaN	NaN	NaN	NaN	NaN	NaN	NaN	NaN	NaN	NaN	NaN	NaN	NaN	NaN	NaN	NaN	NaN	NaN	NaN	NaN	NaN	NaN	NaN	NaN	NaN
75.753000000E-9	75.791950000E-9	75.794450000E-9	75.804350000E-9	75.724810000E-9	75.824870000E-9	75.879750000E-9	75.838320000E-9	75.903270000E-9	75.960130000E-9	75.900810000E-9	75.945910000E-9	75.971960000E-9	75.931010000E-9	75.978360000E-9	75.966700000E-9	75.971300000E-9	76.028510000E-9	76.064870000E-9	76.028060000E-9	76.032580000E-9	76.142620000E-9	76.056840000E-9	76.086910000E-9	76.058830000E-9	76.036430000E-9	76.077850000E-9	76.169930000E-9	76.097560000E-9	76.134750000E-9	NaN	NaN	NaN	NaN	NaN	NaN	NaN	NaN	NaN	NaN	NaN	NaN	NaN	NaN	NaN	NaN	NaN	NaN	NaN	NaN	NaN	NaN	NaN	NaN	NaN	NaN	NaN	NaN	NaN	NaN
57.720290000E-9	57.865420000E-9	57.874670000E-9	57.839890000E-9	57.967850000E-9	57.983030000E-9	57.979410000E-9	58.047380000E-9	58.116290000E-9	58.079630000E-9	58.095860000E-9	58.220110000E-9	58.189980000E-9	58.229210000E-9	58.313720000E-9	58.307620000E-9	58.325680000E-9	58.436520000E-9	58.441410000E-9	58.498670000E-9	58.570690000E-9	58.567150000E-9	58.562910000E-9	58.579440000E-9	58.692860000E-9	58.709310000E-9	58.756910000E-9	58.900040000E-9	58.847260000E-9	58.919980000E-9	NaN	NaN	NaN	NaN	NaN	NaN	NaN	NaN	NaN	NaN	NaN	NaN	NaN	NaN	NaN	NaN	NaN	NaN	NaN	NaN	NaN	NaN	NaN	NaN	NaN	NaN	NaN	NaN	NaN	NaN
89.339170000E-9	89.394410000E-9	89.385280000E-9	89.390070000E-9	89.393880000E-9	89.469230000E-9	89.525830000E-9	89.443220000E-9	89.434340000E-9	89.512400000E-9	89.484640000E-9	89.558190000E-9	89.583280000E-9	89.553300000E-9	89.580750000E-9	89.626840000E-9	89.646740000E-9	89.682510000E-9	89.742260000E-9	89.677800000E-9	89.711360000E-9	89.695260000E-9	89.754610000E-9	89.789710000E-9	89.811490000E-9	89.848310000E-9	89.917700000E-9	89.889210000E-9	89.876980000E-9	89.939520000E-9	NaN	NaN	NaN	NaN	NaN	NaN	NaN	NaN	NaN	NaN	NaN	NaN	NaN	NaN	NaN	NaN	NaN	NaN	NaN	NaN	NaN	NaN	NaN	NaN	NaN	NaN	NaN	NaN	NaN	NaN
71.952760000E-9	71.967640000E-9	71.942660000E-9	71.990390000E-9	72.072840000E-9	72.048380000E-9	72.131190000E-9	72.154680000E-9	72.096780000E-9	72.227550000E-9	72.200220000E-9	72.345980000E-9	72.301020000E-9	72.345730000E-9	72.370970000E-9	72.377920000E-9	72.438330000E-9	72.516180000E-9	72.570270000E-9	72.681350000E-9	72.653560000E-9	72.715760000E-9	72.804970000E-9	72.749010000E-9	72.779920000E-9	72.864590000E-9	72.915870000E-9	72.992420000E-9	73.047530000E-9	73.007530000E-9	NaN	NaN	NaN	NaN	NaN	NaN	NaN	NaN	NaN	NaN	NaN	NaN	NaN	NaN	NaN	NaN	NaN	NaN	NaN	NaN	NaN	NaN	NaN	NaN	NaN	NaN	NaN	NaN	NaN	NaN
109.409000000E-9	109.420300000E-9	109.386700000E-9	109.389500000E-9	109.339200000E-9	109.421700000E-9	109.410100000E-9	109.404500000E-9	109.426000000E-9	109.462100000E-9	109.467000000E-9	109.531000000E-9	109.473200000E-9	109.489600000E-9	109.521500000E-9	109.472600000E-9	109.602100000E-9	109.583700000E-9	109.501600000E-9	109.610000000E-9	109.653100000E-9	109.656700000E-9	109.641500000E-9	109.712900000E-9	109.689300000E-9	109.655500000E-9	109.778400000E-9	109.698800000E-9	109.732900000E-9	109.697700000E-9	NaN	NaN	NaN	NaN	NaN	NaN	NaN	NaN	NaN	NaN	NaN	NaN	NaN	NaN	NaN	NaN	NaN	NaN	NaN	NaN	NaN	NaN	NaN	NaN	NaN	NaN	NaN	NaN	NaN	NaN
113.675600000E-9	113.731900000E-9	113.821400000E-9	113.776400000E-9	113.848000000E-9	113.853500000E-9	113.825800000E-9	113.783100000E-9	114.033900000E-9	113.907500000E-9	113.873900000E-9	113.937100000E-9	113.986100000E-9	114.010200000E-9	113.990900000E-9	113.977300000E-9	113.982900000E-9	114.062300000E-9	114.058500000E-9	114.136400000E-9	114.185100000E-9	114.111600000E-9	114.221700000E-9	114.312200000E-9	114.214700000E-9	114.287800000E-9	114.367000000E-9	114.307100000E-9	114.437100000E-9	114.392900000E-9	NaN	NaN	NaN	NaN	NaN	NaN	NaN	NaN	NaN	NaN	NaN	NaN	NaN	NaN	NaN	NaN	NaN	NaN	NaN	NaN	NaN	NaN	NaN	NaN	NaN	NaN	NaN	NaN	NaN	NaN
85.828110000E-9	85.906890000E-9	85.992470000E-9	85.970630000E-9	86.042800000E-9	86.094510000E-9	86.096060000E-9	86.142510000E-9	86.326520000E-9	86.244770000E-9	86.293220000E-9	86.415770000E-9	86.434310000E-9	86.382240000E-9	86.556950000E-9	86.589660000E-9	86.672660000E-9	86.725810000E-9	86.758800000E-9	86.811700000E-9	86.841340000E-9	86.839740000E-9	86.982440000E-9	87.063160000E-9	87.008940000E-9	87.054960000E-9	87.229590000E-9	87.200060000E-9	87.212850000E-9	87.336400000E-9	NaN	NaN	NaN	NaN	NaN	NaN	NaN	NaN	NaN	NaN	NaN	NaN	NaN	NaN	NaN	NaN	NaN	NaN	NaN	NaN	NaN	NaN	NaN	NaN	NaN	NaN	NaN	NaN	NaN	NaN
132.135800000E-9	132.170300000E-9	132.125000000E-9	132.219300000E-9	132.215500000E-9	132.193000000E-9	132.237300000E-9	132.255300000E-9	132.226200000E-9	132.363600000E-9	132.437800000E-9	132.283000000E-9	132.362800000E-9	132.449900000E-9	132.426000000E-9	132.372900000E-9	132.449600000E-9	132.467100000E-9	132.484700000E-9	132.509300000E-9	132.500100000E-9	132.497200000E-9	132.550900000E-9	132.625200000E-9	132.576400000E-9	132.566700000E-9	132.649100000E-9	132.582800000E-9	132.681100000E-9	132.669700000E-9	NaN	NaN	NaN	NaN	NaN	NaN	NaN	NaN	NaN	NaN	NaN	NaN	NaN	NaN	NaN	NaN	NaN	NaN	NaN	NaN	NaN	NaN	NaN	NaN	NaN	NaN	NaN	NaN	NaN	NaN
104.903000000E-9	104.945200000E-9	104.968600000E-9	105.030100000E-9	105.112800000E-9	105.165100000E-9	105.239200000E-9	105.325500000E-9	105.350500000E-9	105.473700000E-9	105.499000000E-9	105.530200000E-9	105.610100000E-9	105.605500000E-9	105.676900000E-9	105.814600000E-9	105.880000000E-9	105.844000000E-9	106.003000000E-9	105.982700000E-9	106.041300000E-9	106.047100000E-9	106.142800000E-9	106.180400000E-9	106.322100000E-9	106.313900000E-9	106.403700000E-9	106.477700000E-9	106.480100000E-9	106.572600000E-9	NaN	NaN	NaN	NaN	NaN	NaN	NaN	NaN	NaN	NaN	NaN	NaN	NaN	NaN	NaN	NaN	NaN	NaN	NaN	NaN	NaN	NaN	NaN	NaN	NaN	NaN	NaN	NaN	NaN	NaN
156.086500000E-9	156.130900000E-9	156.170400000E-9	156.179400000E-9	156.183300000E-9	156.134400000E-9	156.177300000E-9	156.137500000E-9	156.223200000E-9	156.181500000E-9	156.204600000E-9	156.192900000E-9	156.239400000E-9	156.274700000E-9	156.284300000E-9	156.286000000E-9	156.356000000E-9	156.256600000E-9	156.347100000E-9	156.326300000E-9	156.392400000E-9	156.306400000E-9	156.309200000E-9	156.382600000E-9	156.433000000E-9	156.438300000E-9	156.478500000E-9	156.439300000E-9	156.492400000E-9	156.476300000E-9	NaN	NaN	NaN	NaN	NaN	NaN	NaN	NaN	NaN	NaN	NaN	NaN	NaN	NaN	NaN	NaN	NaN	NaN	NaN	NaN	NaN	NaN	NaN	NaN	NaN	NaN	NaN	NaN	NaN	NaN
122.741500000E-9	122.780700000E-9	122.900500000E-9	122.936600000E-9	122.946700000E-9	123.123300000E-9	123.130200000E-9	123.150700000E-9	123.277500000E-9	123.392100000E-9	123.379900000E-9	123.439900000E-9	123.581400000E-9	123.551800000E-9	123.689000000E-9	123.821900000E-9	123.855300000E-9	123.852600000E-9	123.985100000E-9	124.024400000E-9	124.083900000E-9	124.166200000E-9	124.188900000E-9	124.355100000E-9	124.454800000E-9	124.473600000E-9	124.453700000E-9	124.614700000E-9	124.613200000E-9	124.614200000E-9	NaN	NaN	NaN	NaN	NaN	NaN	NaN	NaN	NaN	NaN	NaN	NaN	NaN	NaN	NaN	NaN	NaN	NaN	NaN	NaN	NaN	NaN	NaN	NaN	NaN	NaN	NaN	NaN	NaN	NaN
181.184100000E-9	181.155800000E-9	181.160300000E-9	181.149100000E-9	181.236000000E-9	181.170400000E-9	181.352700000E-9	181.251800000E-9	181.187300000E-9	181.257700000E-9	181.229900000E-9	181.283800000E-9	181.357400000E-9	181.317500000E-9	181.294600000E-9	181.386100000E-9	181.357100000E-9	181.280300000E-9	181.387800000E-9	181.300000000E-9	181.286700000E-9	181.461400000E-9	181.417600000E-9	181.399900000E-9	181.480200000E-9	181.452900000E-9	181.460900000E-9	181.505300000E-9	181.423000000E-9	181.405900000E-9	NaN	NaN	NaN	NaN	NaN	NaN	NaN	NaN	NaN	NaN	NaN	NaN	NaN	NaN	NaN	NaN	NaN	NaN	NaN	NaN	NaN	NaN	NaN	NaN	NaN	NaN	NaN	NaN	NaN	NaN
193.819900000E-9	193.903100000E-9	193.861900000E-9	193.866000000E-9	193.915700000E-9	193.959600000E-9	193.972400000E-9	193.934100000E-9	193.966400000E-9	194.016500000E-9	194.065800000E-9	193.999500000E-9	194.010500000E-9	194.017100000E-9	194.076200000E-9	194.062500000E-9	194.179200000E-9	194.104100000E-9	194.034400000E-9	194.149100000E-9	194.171600000E-9	194.155300000E-9	194.231800000E-9	194.190000000E-9	194.204200000E-9	194.288300000E-9	194.250400000E-9	194.208800000E-9	194.215500000E-9	194.274700000E-9	NaN	NaN	NaN	NaN	NaN	NaN	NaN	NaN	NaN	NaN	NaN	NaN	NaN	NaN	NaN	NaN	NaN	NaN	NaN	NaN	NaN	NaN	NaN	NaN	NaN	NaN	NaN	NaN	NaN	NaN
199.604900000E-9	199.619100000E-9	199.679200000E-9	199.680200000E-9	199.813800000E-9	199.739600000E-9	199.797100000E-9	199.767800000E-9	199.821000000E-9	199.841900000E-9	199.870100000E-9	199.972600000E-9	199.985400000E-9	200.045400000E-9	200.076000000E-9	200.100400000E-9	200.064400000E-9	200.102700000E-9	200.138000000E-9	200.130400000E-9	200.207000000E-9	200.251200000E-9	200.294200000E-9	200.349200000E-9	200.394700000E-9	200.301500000E-9	200.501000000E-9	200.410200000E-9	200.469500000E-9	200.506300000E-9	NaN	NaN	NaN	NaN	NaN	NaN	NaN	NaN	NaN	NaN	NaN	NaN	NaN	NaN	NaN	NaN	NaN	NaN	NaN	NaN	NaN	NaN	NaN	NaN	NaN	NaN	NaN	NaN	NaN	NaN
222.212600000E-9	222.067400000E-9	222.169600000E-9	222.099900000E-9	222.122700000E-9	222.145400000E-9	222.169500000E-9	222.073100000E-9	222.260000000E-9	222.275600000E-9	222.162200000E-9	222.277200000E-9	222.346500000E-9	222.340100000E-9	222.390800000E-9	222.476100000E-9	222.264200000E-9	222.475600000E-9	222.468700000E-9	222.459200000E-9	222.506900000E-9	222.552400000E-9	222.389500000E-9	222.600600000E-9	222.625300000E-9	222.489100000E-9	222.611400000E-9	222.626500000E-9	222.556300000E-9	222.691500000E-9	NaN	NaN	NaN	NaN	NaN	NaN	NaN	NaN	NaN	NaN	NaN	NaN	NaN	NaN	NaN	NaN	NaN	NaN	NaN	NaN	NaN	NaN	NaN	NaN	NaN	NaN	NaN	NaN	NaN	NaN
230.332200000E-9	230.344400000E-9	230.435200000E-9	230.536600000E-9	230.600400000E-9	230.621100000E-9	230.556900000E-9	230.577700000E-9	230.730900000E-9	230.595400000E-9	230.581000000E-9	230.798200000E-9	230.710300000E-9	230.739500000E-9	230.688100000E-9	230.828600000E-9	230.940800000E-9	230.808100000E-9	230.953500000E-9	230.892700000E-9	231.120200000E-9	230.970000000E-9	231.086000000E-9	231.107300000E-9	231.105100000E-9	231.040700000E-9	231.167200000E-9	231.226000000E-9	231.160000000E-9	231.279300000E-9	NaN	NaN	NaN	NaN	NaN	NaN	NaN	NaN	NaN	NaN	NaN	NaN	NaN	NaN	NaN	NaN	NaN	NaN	NaN	NaN	NaN	NaN	NaN	NaN	NaN	NaN	NaN	NaN	NaN	NaN
198.266900000E-9	198.233900000E-9	198.324400000E-9	198.550600000E-9	198.570400000E-9	198.636100000E-9	198.708300000E-9	198.814100000E-9	198.915600000E-9	199.010700000E-9	199.120800000E-9	199.105800000E-9	199.205600000E-9	199.301100000E-9	199.283700000E-9	199.455900000E-9	199.560900000E-9	199.677700000E-9	199.837100000E-9	199.785300000E-9	199.848100000E-9	200.027100000E-9	200.151200000E-9	200.161600000E-9	200.222500000E-9	200.418000000E-9	200.407000000E-9	200.649600000E-9	200.725700000E-9	200.633400000E-9	NaN	NaN	NaN	NaN	NaN	NaN	NaN	NaN	NaN	NaN	NaN	NaN	NaN	NaN	NaN	NaN	NaN	NaN	NaN	NaN	NaN	NaN	NaN	NaN	NaN	NaN	NaN	NaN	NaN	NaN
274.080600000E-9	273.982600000E-9	274.031000000E-9	274.076300000E-9	274.001200000E-9	274.089600000E-9	274.136500000E-9	274.186600000E-9	274.111600000E-9	274.283900000E-9	274.202000000E-9	274.348100000E-9	274.207700000E-9	274.290400000E-9	274.295800000E-9	274.184700000E-9	274.205800000E-9	274.246600000E-9	274.163300000E-9	274.242800000E-9	274.214400000E-9	274.256200000E-9	274.325100000E-9	274.267000000E-9	274.327700000E-9	274.344000000E-9	274.348400000E-9	274.294000000E-9	274.445900000E-9	274.336800000E-9	NaN	NaN	NaN	NaN	NaN	NaN	NaN	NaN	NaN	NaN	NaN	NaN	NaN	NaN	NaN	NaN	NaN	NaN	NaN	NaN	NaN	NaN	NaN	NaN	NaN	NaN	NaN	NaN	NaN	NaN
240.024100000E-9	240.165500000E-9	240.215900000E-9	240.339500000E-9	240.467300000E-9	240.474600000E-9	240.553800000E-9	240.697000000E-9	240.762900000E-9	240.860400000E-9	240.992400000E-9	241.070200000E-9	241.269700000E-9	241.408900000E-9	241.384200000E-9	241.537200000E-9	241.628100000E-9	241.663300000E-9	241.797300000E-9	241.882500000E-9	241.985600000E-9	242.098300000E-9	242.268200000E-9	242.317900000E-9	242.395400000E-9	242.554100000E-9	242.674700000E-9	242.702500000E-9	242.808000000E-9	242.924200000E-9	NaN	NaN	NaN	NaN	NaN	NaN	NaN	NaN	NaN	NaN	NaN	NaN	NaN	NaN	NaN	NaN	NaN	NaN	NaN	NaN	NaN	NaN	NaN	NaN	NaN	NaN	NaN	NaN	NaN	NaN
320.532200000E-9	320.534500000E-9	320.573100000E-9	320.469500000E-9	320.489000000E-9	320.542700000E-9	320.546500000E-9	320.463600000E-9	320.495800000E-9	320.518700000E-9	320.521000000E-9	320.457000000E-9	320.440900000E-9	320.489100000E-9	320.504700000E-9	320.469700000E-9	320.358600000E-9	320.409000000E-9	320.381300000E-9	320.329800000E-9	320.387600000E-9	320.353700000E-9	320.410900000E-9	320.328600000E-9	320.414400000E-9	320.458600000E-9	320.408400000E-9	320.294800000E-9	320.326300000E-9	320.324700000E-9	NaN	NaN	NaN	NaN	NaN	NaN	NaN	NaN	NaN	NaN	NaN	NaN	NaN	NaN	NaN	NaN	NaN	NaN	NaN	NaN	NaN	NaN	NaN	NaN	NaN	NaN	NaN	NaN	NaN	NaN
261.589300000E-9	261.793000000E-9	261.919800000E-9	262.082200000E-9	262.019700000E-9	262.311600000E-9	262.487700000E-9	262.611500000E-9	262.560900000E-9	262.772400000E-9	262.926400000E-9	263.015900000E-9	263.157000000E-9	263.295400000E-9	263.293300000E-9	263.689700000E-9	263.643900000E-9	263.766000000E-9	264.010600000E-9	264.018600000E-9	264.113600000E-9	264.260100000E-9	264.318600000E-9	264.456100000E-9	264.620200000E-9	264.728700000E-9	264.745700000E-9	265.040400000E-9	265.142100000E-9	265.305500000E-9	NaN	NaN	NaN	NaN	NaN	NaN	NaN	NaN	NaN	NaN	NaN	NaN	NaN	NaN	NaN	NaN	NaN	NaN	NaN	NaN	NaN	NaN	NaN	NaN	NaN	NaN	NaN	NaN	NaN	NaN
356.604200000E-9	356.486400000E-9	356.476300000E-9	356.706000000E-9	356.622400000E-9	356.621800000E-9	356.607200000E-9	356.587200000E-9	356.727200000E-9	356.678300000E-9	356.698500000E-9	356.718300000E-9	356.776300000E-9	356.677200000E-9	356.725800000E-9	356.775300000E-9	356.810000000E-9	356.835200000E-9	356.907800000E-9	356.867500000E-9	356.872500000E-9	356.957800000E-9	356.946500000E-9	356.860700000E-9	356.816100000E-9	356.941600000E-9	356.998900000E-9	357.029200000E-9	356.920200000E-9	356.881100000E-9	NaN	NaN	NaN	NaN	NaN	NaN	NaN	NaN	NaN	NaN	NaN	NaN	NaN	NaN	NaN	NaN	NaN	NaN	NaN	NaN	NaN	NaN	NaN	NaN	NaN	NaN	NaN	NaN	NaN	NaN
343.998600000E-9	343.808200000E-9	344.010000000E-9	343.963800000E-9	344.012600000E-9	344.230100000E-9	344.281600000E-9	344.352100000E-9	344.423300000E-9	344.494500000E-9	344.608800000E-9	344.726700000E-9	344.708500000E-9	344.708600000E-9	344.827700000E-9	344.857600000E-9	344.913700000E-9	345.071400000E-9	345.099400000E-9	345.193600000E-9	345.222200000E-9	345.283100000E-9	345.467000000E-9	345.472800000E-9	345.533800000E-9	345.457700000E-9	345.593200000E-9	345.714700000E-9	345.846900000E-9	345.912200000E-9	NaN	NaN	NaN	NaN	NaN	NaN	NaN	NaN	NaN	NaN	NaN	NaN	NaN	NaN	NaN	NaN	NaN	NaN	NaN	NaN	NaN	NaN	NaN	NaN	NaN	NaN	NaN	NaN	NaN	NaN
357.986200000E-9	358.110700000E-9	358.300700000E-9	358.237400000E-9	358.311500000E-9	358.394000000E-9	358.411500000E-9	358.577200000E-9	358.762500000E-9	358.764800000E-9	358.774100000E-9	358.938500000E-9	358.910700000E-9	359.178000000E-9	359.176000000E-9	359.306900000E-9	359.121600000E-9	359.310800000E-9	359.530300000E-9	359.532800000E-9	359.429700000E-9	359.774400000E-9	359.652300000E-9	359.949500000E-9	359.995400000E-9	360.017000000E-9	360.218700000E-9	360.299900000E-9	360.318800000E-9	360.409900000E-9	NaN	NaN	NaN	NaN	NaN	NaN	NaN	NaN	NaN	NaN	NaN	NaN	NaN	NaN	NaN	NaN	NaN	NaN	NaN	NaN	NaN	NaN	NaN	NaN	NaN	NaN	NaN	NaN	NaN	NaN
388.483600000E-9	388.457400000E-9	388.412100000E-9	388.482800000E-9	388.651500000E-9	388.631500000E-9	388.741500000E-9	388.834000000E-9	388.841700000E-9	388.894000000E-9	389.062300000E-9	389.214100000E-9	389.173400000E-9	389.213500000E-9	389.316500000E-9	389.491400000E-9	389.460300000E-9	389.456200000E-9	389.679000000E-9	389.754200000E-9	389.688600000E-9	389.884000000E-9	389.868600000E-9	389.929800000E-9	390.007900000E-9	390.103500000E-9	390.189500000E-9	390.350600000E-9	390.286200000E-9	390.277200000E-9	NaN	NaN	NaN	NaN	NaN	NaN	NaN	NaN	NaN	NaN	NaN	NaN	NaN	NaN	NaN	NaN	NaN	NaN	NaN	NaN	NaN	NaN	NaN	NaN	NaN	NaN	NaN	NaN	NaN	NaN
419.679300000E-9	419.926500000E-9	419.892600000E-9	420.016200000E-9	420.026500000E-9	419.994400000E-9	420.191200000E-9	420.246200000E-9	420.135400000E-9	420.291900000E-9	420.494000000E-9	420.332600000E-9	420.430500000E-9	420.571600000E-9	420.430400000E-9	420.539400000E-9	420.709700000E-9	420.731000000E-9	420.853500000E-9	420.870900000E-9	420.836800000E-9	421.036900000E-9	421.201300000E-9	420.972900000E-9	421.111100000E-9	421.187400000E-9	421.174600000E-9	421.275600000E-9	421.375400000E-9	421.285200000E-9	NaN	NaN	NaN	NaN	NaN	NaN	NaN	NaN	NaN	NaN	NaN	NaN	NaN	NaN	NaN	NaN	NaN	NaN	NaN	NaN	NaN	NaN	NaN	NaN	NaN	NaN	NaN	NaN	NaN	NaN
449.598900000E-9	449.709300000E-9	449.739600000E-9	449.730600000E-9	449.730500000E-9	449.891500000E-9	449.941900000E-9	450.014000000E-9	450.070600000E-9	449.997600000E-9	450.087600000E-9	450.228100000E-9	450.247900000E-9	450.215500000E-9	450.405500000E-9	450.277300000E-9	450.416700000E-9	450.560500000E-9	450.558000000E-9	450.526600000E-9	450.630400000E-9	450.690300000E-9	450.678200000E-9	450.853800000E-9	450.862000000E-9	450.913900000E-9	451.047000000E-9	451.104100000E-9	451.027900000E-9	451.257700000E-9	NaN	NaN	NaN	NaN	NaN	NaN	NaN	NaN	NaN	NaN	NaN	NaN	NaN	NaN	NaN	NaN	NaN	NaN	NaN	NaN	NaN	NaN	NaN	NaN	NaN	NaN	NaN	NaN	NaN	NaN
480.153400000E-9	480.178500000E-9	480.171800000E-9	480.378800000E-9	480.372300000E-9	480.386800000E-9	480.467600000E-9	480.465500000E-9	480.585600000E-9	480.554100000E-9	480.711100000E-9	480.784300000E-9	480.823800000E-9	480.747300000E-9	480.842800000E-9	480.953200000E-9	480.980500000E-9	480.884200000E-9	481.145400000E-9	481.114700000E-9	481.223900000E-9	481.278500000E-9	481.338500000E-9	481.430900000E-9	481.618900000E-9	481.568400000E-9	481.662600000E-9	481.706500000E-9	481.654200000E-9	481.678300000E-9	NaN	NaN	NaN	NaN	NaN	NaN	NaN	NaN	NaN	NaN	NaN	NaN	NaN	NaN	NaN	NaN	NaN	NaN	NaN	NaN	NaN	NaN	NaN	NaN	NaN	NaN	NaN	NaN	NaN	NaN
512.221800000E-9	512.220800000E-9	512.221200000E-9	512.364600000E-9	512.504000000E-9	512.557100000E-9	512.510900000E-9	512.664700000E-9	512.651600000E-9	512.632900000E-9	512.751500000E-9	512.730300000E-9	512.871300000E-9	512.927600000E-9	512.884400000E-9	513.081000000E-9	513.084800000E-9	513.042300000E-9	513.229100000E-9	513.306100000E-9	513.236200000E-9	513.409100000E-9	513.513700000E-9	513.366600000E-9	513.587800000E-9	513.641800000E-9	513.620200000E-9	513.797900000E-9	513.725600000E-9	513.797200000E-9	NaN	NaN	NaN	NaN	NaN	NaN	NaN	NaN	NaN	NaN	NaN	NaN	NaN	NaN	NaN	NaN	NaN	NaN	NaN	NaN	NaN	NaN	NaN	NaN	NaN	NaN	NaN	NaN	NaN	NaN
547.397500000E-9	547.553300000E-9	547.409000000E-9	547.703000000E-9	547.661200000E-9	547.684200000E-9	547.725500000E-9	547.847900000E-9	547.777500000E-9	548.035500000E-9	548.031300000E-9	547.983900000E-9	548.217200000E-9	548.319300000E-9	548.286100000E-9	548.335000000E-9	548.431300000E-9	548.418300000E-9	548.513600000E-9	548.707100000E-9	548.598400000E-9	548.697100000E-9	548.868500000E-9	548.756900000E-9	548.899900000E-9	548.959000000E-9	549.076000000E-9	549.138700000E-9	549.217900000E-9	549.249700000E-9	NaN	NaN	NaN	NaN	NaN	NaN	NaN	NaN	NaN	NaN	NaN	NaN	NaN	NaN	NaN	NaN	NaN	NaN	NaN	NaN	NaN	NaN	NaN	NaN	NaN	NaN	NaN	NaN	NaN	NaN
585.175600000E-9	585.183100000E-9	585.335600000E-9	585.418100000E-9	585.496000000E-9	585.602200000E-9	585.727500000E-9	585.712400000E-9	585.795100000E-9	585.939600000E-9	585.909200000E-9	585.996000000E-9	586.029400000E-9	586.093000000E-9	586.240300000E-9	586.307600000E-9	586.306200000E-9	586.467300000E-9	586.547300000E-9	586.508300000E-9	586.751600000E-9	586.812300000E-9	586.764000000E-9	586.891200000E-9	586.879000000E-9	586.885000000E-9	587.090100000E-9	587.147600000E-9	587.163800000E-9	587.298000000E-9	NaN	NaN	NaN	NaN	NaN	NaN	NaN	NaN	NaN	NaN	NaN	NaN	NaN	NaN	NaN	NaN	NaN	NaN	NaN	NaN	NaN	NaN	NaN	NaN	NaN	NaN	NaN	NaN	NaN	NaN
625.334200000E-9	625.389500000E-9	625.573400000E-9	625.614900000E-9	625.637000000E-9	625.769900000E-9	625.863900000E-9	625.863300000E-9	625.940600000E-9	626.155500000E-9	626.093900000E-9	626.210600000E-9	626.287100000E-9	626.451200000E-9	626.536500000E-9	626.632500000E-9	626.644500000E-9	626.695300000E-9	626.741000000E-9	626.775300000E-9	626.946800000E-9	627.017800000E-9	626.898700000E-9	627.054700000E-9	627.261800000E-9	627.188600000E-9	627.413000000E-9	627.414100000E-9	627.395500000E-9	627.589200000E-9	NaN	NaN	NaN	NaN	NaN	NaN	NaN	NaN	NaN	NaN	NaN	NaN	NaN	NaN	NaN	NaN	NaN	NaN	NaN	NaN	NaN	NaN	NaN	NaN	NaN	NaN	NaN	NaN	NaN	NaN
668.314000000E-9	668.412100000E-9	668.463700000E-9	668.499200000E-9	668.643500000E-9	668.714300000E-9	668.792800000E-9	668.861700000E-9	668.896900000E-9	669.022700000E-9	669.068100000E-9	669.028700000E-9	669.197100000E-9	669.271000000E-9	669.388700000E-9	669.416800000E-9	669.531500000E-9	669.575100000E-9	669.681800000E-9	669.796300000E-9	669.798600000E-9	669.837800000E-9	670.120000000E-9	670.167500000E-9	670.233500000E-9	670.378500000E-9	670.414600000E-9	670.429800000E-9	670.479200000E-9	670.623000000E-9	NaN	NaN	NaN	NaN	NaN	NaN	NaN	NaN	NaN	NaN	NaN	NaN	NaN	NaN	NaN	NaN	NaN	NaN	NaN	NaN	NaN	NaN	NaN	NaN	NaN	NaN	NaN	NaN	NaN	NaN
714.237300000E-9	714.345200000E-9	714.387000000E-9	714.472400000E-9	714.504900000E-9	714.593100000E-9	714.672700000E-9	714.845200000E-9	714.839300000E-9	714.900000000E-9	715.043200000E-9	715.126400000E-9	715.221700000E-9	715.270200000E-9	715.325200000E-9	715.495000000E-9	715.502300000E-9	715.601200000E-9	715.673100000E-9	715.771000000E-9	715.879000000E-9	715.974900000E-9	716.014500000E-9	716.127700000E-9	716.164200000E-9	716.285600000E-9	716.267800000E-9	716.381000000E-9	716.526800000E-9	716.547900000E-9	NaN	NaN	NaN	NaN	NaN	NaN	NaN	NaN	NaN	NaN	NaN	NaN	NaN	NaN	NaN	NaN	NaN	NaN	NaN	NaN	NaN	NaN	NaN	NaN	NaN	NaN	NaN	NaN	NaN	NaN
761.922500000E-9	762.015100000E-9	762.146200000E-9	762.174000000E-9	762.219900000E-9	762.347800000E-9	762.456400000E-9	762.485300000E-9	762.638600000E-9	762.686800000E-9	762.705800000E-9	762.986400000E-9	762.974600000E-9	763.086100000E-9	763.182600000E-9	763.233300000E-9	763.232900000E-9	763.451900000E-9	763.494400000E-9	763.515300000E-9	763.727900000E-9	763.756500000E-9	763.792500000E-9	763.911200000E-9	764.002500000E-9	764.134100000E-9	764.148400000E-9	764.213000000E-9	764.262600000E-9	764.480000000E-9	NaN	NaN	NaN	NaN	NaN	NaN	NaN	NaN	NaN	NaN	NaN	NaN	NaN	NaN	NaN	NaN	NaN	NaN	NaN	NaN	NaN	NaN	NaN	NaN	NaN	NaN	NaN	NaN	NaN	NaN
812.431500000E-9	812.430100000E-9	812.532800000E-9	812.733700000E-9	812.832700000E-9	812.850500000E-9	812.910700000E-9	813.031200000E-9	813.225000000E-9	813.254000000E-9	813.404500000E-9	813.512400000E-9	813.509800000E-9	813.464900000E-9	813.726400000E-9	813.766100000E-9	813.799900000E-9	814.003800000E-9	813.922200000E-9	814.047800000E-9	814.248200000E-9	814.320600000E-9	814.417000000E-9	814.497100000E-9	814.620100000E-9	814.708500000E-9	814.817300000E-9	814.858300000E-9	814.836600000E-9	814.974300000E-9	NaN	NaN	NaN	NaN	NaN	NaN	NaN	NaN	NaN	NaN	NaN	NaN	NaN	NaN	NaN	NaN	NaN	NaN	NaN	NaN	NaN	NaN	NaN	NaN	NaN	NaN	NaN	NaN	NaN	NaN
865.222800000E-9	865.255900000E-9	865.299800000E-9	865.372600000E-9	865.590200000E-9	865.596800000E-9	865.758100000E-9	865.887800000E-9	865.919800000E-9	865.970400000E-9	866.027800000E-9	866.135400000E-9	866.373500000E-9	866.449400000E-9	866.538900000E-9	866.623100000E-9	866.661600000E-9	866.799800000E-9	866.792500000E-9	867.035500000E-9	867.010400000E-9	867.002900000E-9	867.318300000E-9	867.347600000E-9	867.477200000E-9	867.572100000E-9	867.696700000E-9	867.745200000E-9	867.874200000E-9	867.973800000E-9	NaN	NaN	NaN	NaN	NaN	NaN	NaN	NaN	NaN	NaN	NaN	NaN	NaN	NaN	NaN	NaN	NaN	NaN	NaN	NaN	NaN	NaN	NaN	NaN	NaN	NaN	NaN	NaN	NaN	NaN
922.597600000E-9	922.687000000E-9	922.865100000E-9	923.004600000E-9	922.954400000E-9	923.218000000E-9	923.283000000E-9	923.309600000E-9	923.445700000E-9	923.471000000E-9	923.627100000E-9	923.763300000E-9	923.865300000E-9	923.924100000E-9	924.111500000E-9	924.320100000E-9	924.325700000E-9	924.449800000E-9	924.478600000E-9	924.618600000E-9	924.834700000E-9	924.835800000E-9	924.883400000E-9	924.988200000E-9	925.168500000E-9	925.138500000E-9	925.348600000E-9	925.369000000E-9	925.590300000E-9	925.616000000E-9	NaN	NaN	NaN	NaN	NaN	NaN	NaN	NaN	NaN	NaN	NaN	NaN	NaN	NaN	NaN	NaN	NaN	NaN	NaN	NaN	NaN	NaN	NaN	NaN	NaN	NaN	NaN	NaN	NaN	NaN
985.209700000E-9	985.348000000E-9	985.437400000E-9	985.641100000E-9	985.705900000E-9	985.747800000E-9	985.875900000E-9	986.037000000E-9	985.978800000E-9	986.166400000E-9	986.236300000E-9	986.365400000E-9	986.511300000E-9	986.584800000E-9	986.682300000E-9	986.700200000E-9	986.967100000E-9	987.007600000E-9	987.218300000E-9	987.233900000E-9	987.363600000E-9	987.547200000E-9	987.698900000E-9	987.683800000E-9	987.902900000E-9	988.082300000E-9	988.071000000E-9	988.101100000E-9	988.187700000E-9	988.298200000E-9	NaN	NaN	NaN	NaN	NaN	NaN	NaN	NaN	NaN	NaN	NaN	NaN	NaN	NaN	NaN	NaN	NaN	NaN	NaN	NaN	NaN	NaN	NaN	NaN	NaN	NaN	NaN	NaN	NaN	NaN
1.049392000E-6	1.049496000E-6	1.049636000E-6	1.049648000E-6	1.049894000E-6	1.049894000E-6	1.050067000E-6	1.050052000E-6	1.050314000E-6	1.050413000E-6	1.050533000E-6	1.050587000E-6	1.050740000E-6	1.050797000E-6	1.050934000E-6	1.051110000E-6	1.051119000E-6	1.051254000E-6	1.051404000E-6	1.051470000E-6	1.051503000E-6	1.051694000E-6	1.051716000E-6	1.051896000E-6	1.051993000E-6	1.052028000E-6	1.052179000E-6	1.052251000E-6	1.052528000E-6	1.052596000E-6	NaN	NaN	NaN	NaN	NaN	NaN	NaN	NaN	NaN	NaN	NaN	NaN	NaN	NaN	NaN	NaN	NaN	NaN	NaN	NaN	NaN	NaN	NaN	NaN	NaN	NaN	NaN	NaN	NaN	NaN
1.117170000E-6	1.117271000E-6	1.117382000E-6	1.117606000E-6	1.117720000E-6	1.117731000E-6	1.117870000E-6	1.118069000E-6	1.118017000E-6	1.118217000E-6	1.118352000E-6	1.118414000E-6	1.118712000E-6	1.118811000E-6	1.118830000E-6	1.119039000E-6	1.119118000E-6	1.119194000E-6	1.119301000E-6	1.119397000E-6	1.119647000E-6	1.119723000E-6	1.119871000E-6	1.119935000E-6	1.120100000E-6	1.120157000E-6	1.120386000E-6	1.120458000E-6	1.120585000E-6	1.120762000E-6	NaN	NaN	NaN	NaN	NaN	NaN	NaN	NaN	NaN	NaN	NaN	NaN	NaN	NaN	NaN	NaN	NaN	NaN	NaN	NaN	NaN	NaN	NaN	NaN	NaN	NaN	NaN	NaN	NaN	NaN
1.188421000E-6	1.188778000E-6	1.188807000E-6	1.188778000E-6	1.189022000E-6	1.189215000E-6	1.189189000E-6	1.189460000E-6	1.189472000E-6	1.189664000E-6	1.189845000E-6	1.190009000E-6	1.190051000E-6	1.190169000E-6	1.190214000E-6	1.190419000E-6	1.190685000E-6	1.190729000E-6	1.190813000E-6	1.190946000E-6	1.191005000E-6	1.191154000E-6	1.191259000E-6	1.191406000E-6	1.191454000E-6	1.191544000E-6	1.191697000E-6	1.191763000E-6	1.191968000E-6	1.192160000E-6	NaN	NaN	NaN	NaN	NaN	NaN	NaN	NaN	NaN	NaN	NaN	NaN	NaN	NaN	NaN	NaN	NaN	NaN	NaN	NaN	NaN	NaN	NaN	NaN	NaN	NaN	NaN	NaN	NaN	NaN
1.261850000E-6	1.262208000E-6	1.262354000E-6	1.262466000E-6	1.262764000E-6	1.262753000E-6	1.262770000E-6	1.263030000E-6	1.263081000E-6	1.263219000E-6	1.263462000E-6	1.263499000E-6	1.263704000E-6	1.263796000E-6	1.263965000E-6	1.264012000E-6	1.264179000E-6	1.264291000E-6	1.264345000E-6	1.264630000E-6	1.264736000E-6	1.264794000E-6	1.264876000E-6	1.265259000E-6	1.265214000E-6	1.265392000E-6	1.265508000E-6	1.265667000E-6	1.265888000E-6	1.265975000E-6	NaN	NaN	NaN	NaN	NaN	NaN	NaN	NaN	NaN	NaN	NaN	NaN	NaN	NaN	NaN	NaN	NaN	NaN	NaN	NaN	NaN	NaN	NaN	NaN	NaN	NaN	NaN	NaN	NaN	NaN
1.342444000E-6	1.342702000E-6	1.342713000E-6	1.342776000E-6	1.343092000E-6	1.342948000E-6	1.343206000E-6	1.343384000E-6	1.343529000E-6	1.343722000E-6	1.343715000E-6	1.343854000E-6	1.343993000E-6	1.344288000E-6	1.344408000E-6	1.344443000E-6	1.344414000E-6	1.344901000E-6	1.344815000E-6	1.345144000E-6	1.345264000E-6	1.345397000E-6	1.345512000E-6	1.345624000E-6	1.345784000E-6	1.346050000E-6	1.346114000E-6	1.346186000E-6	1.346101000E-6	1.346341000E-6	NaN	NaN	NaN	NaN	NaN	NaN	NaN	NaN	NaN	NaN	NaN	NaN	NaN	NaN	NaN	NaN	NaN	NaN	NaN	NaN	NaN	NaN	NaN	NaN	NaN	NaN	NaN	NaN	NaN	NaN
1.427385000E-6	1.427698000E-6	1.428042000E-6	1.428114000E-6	1.428164000E-6	1.428208000E-6	1.428388000E-6	1.428568000E-6	1.428852000E-6	1.429080000E-6	1.429092000E-6	1.429295000E-6	1.429253000E-6	1.429694000E-6	1.429654000E-6	1.429977000E-6	1.430025000E-6	1.430139000E-6	1.430301000E-6	1.430482000E-6	1.430533000E-6	1.430594000E-6	1.430979000E-6	1.430939000E-6	1.431141000E-6	1.431360000E-6	1.431592000E-6	1.431620000E-6	1.431761000E-6	1.431740000E-6	NaN	NaN	NaN	NaN	NaN	NaN	NaN	NaN	NaN	NaN	NaN	NaN	NaN	NaN	NaN	NaN	NaN	NaN	NaN	NaN	NaN	NaN	NaN	NaN	NaN	NaN	NaN	NaN	NaN	NaN
1.515962000E-6	1.516160000E-6	1.516373000E-6	1.516584000E-6	1.516683000E-6	1.516811000E-6	1.516875000E-6	1.517206000E-6	1.517306000E-6	1.517402000E-6	1.517598000E-6	1.517729000E-6	1.517822000E-6	1.518038000E-6	1.518168000E-6	1.518239000E-6	1.518527000E-6	1.518569000E-6	1.518592000E-6	1.519028000E-6	1.519225000E-6	1.519206000E-6	1.519412000E-6	1.519685000E-6	1.519588000E-6	1.519933000E-6	1.520082000E-6	1.520132000E-6	1.520366000E-6	1.520608000E-6	NaN	NaN	NaN	NaN	NaN	NaN	NaN	NaN	NaN	NaN	NaN	NaN	NaN	NaN	NaN	NaN	NaN	NaN	NaN	NaN	NaN	NaN	NaN	NaN	NaN	NaN	NaN	NaN	NaN	NaN
1.608476000E-6	1.608488000E-6	1.608755000E-6	1.608846000E-6	1.609144000E-6	1.609333000E-6	1.609358000E-6	1.609504000E-6	1.609578000E-6	1.609897000E-6	1.610058000E-6	1.610086000E-6	1.610322000E-6	1.610618000E-6	1.610619000E-6	1.610827000E-6	1.611062000E-6	1.611187000E-6	1.611297000E-6	1.611393000E-6	1.611634000E-6	1.611905000E-6	1.611901000E-6	1.612328000E-6	1.612474000E-6	1.612510000E-6	1.612852000E-6	1.613213000E-6	1.613107000E-6	1.613164000E-6	NaN	NaN	NaN	NaN	NaN	NaN	NaN	NaN	NaN	NaN	NaN	NaN	NaN	NaN	NaN	NaN	NaN	NaN	NaN	NaN	NaN	NaN	NaN	NaN	NaN	NaN	NaN	NaN	NaN	NaN
1.708384000E-6	1.708518000E-6	1.708685000E-6	1.708776000E-6	1.709178000E-6	1.709188000E-6	1.709392000E-6	1.709450000E-6	1.709752000E-6	1.709886000E-6	1.710104000E-6	1.710302000E-6	1.710498000E-6	1.710592000E-6	1.710900000E-6	1.711001000E-6	1.711127000E-6	1.711283000E-6	1.711684000E-6	1.711647000E-6	1.711924000E-6	1.712159000E-6	1.712319000E-6	1.712547000E-6	1.712730000E-6	1.712942000E-6	1.713132000E-6	1.713099000E-6	1.713280000E-6	1.713660000E-6	NaN	NaN	NaN	NaN	NaN	NaN	NaN	NaN	NaN	NaN	NaN	NaN	NaN	NaN	NaN	NaN	NaN	NaN	NaN	NaN	NaN	NaN	NaN	NaN	NaN	NaN	NaN	NaN	NaN	NaN
1.814132000E-6	1.814276000E-6	1.814382000E-6	1.814507000E-6	1.814767000E-6	1.815054000E-6	1.815168000E-6	1.815383000E-6	1.815581000E-6	1.815690000E-6	1.815920000E-6	1.816068000E-6	1.816311000E-6	1.816492000E-6	1.816730000E-6	1.816923000E-6	1.817116000E-6	1.817374000E-6	1.817554000E-6	1.817752000E-6	1.817769000E-6	1.818079000E-6	1.818129000E-6	1.818261000E-6	1.818660000E-6	1.818711000E-6	1.818944000E-6	1.819307000E-6	1.819287000E-6	1.819419000E-6	NaN	NaN	NaN	NaN	NaN	NaN	NaN	NaN	NaN	NaN	NaN	NaN	NaN	NaN	NaN	NaN	NaN	NaN	NaN	NaN	NaN	NaN	NaN	NaN	NaN	NaN	NaN	NaN	NaN	NaN
1.923235000E-6	1.923380000E-6	1.923627000E-6	1.923744000E-6	1.923774000E-6	1.924268000E-6	1.924149000E-6	1.924483000E-6	1.924644000E-6	1.924902000E-6	1.925048000E-6	1.925368000E-6	1.925452000E-6	1.925673000E-6	1.925883000E-6	1.926112000E-6	1.926399000E-6	1.926507000E-6	1.926746000E-6	1.926789000E-6	1.927061000E-6	1.927284000E-6	1.927392000E-6	1.927694000E-6	1.927814000E-6	1.927738000E-6	1.928306000E-6	1.928556000E-6	1.928654000E-6	1.928899000E-6	NaN	NaN	NaN	NaN	NaN	NaN	NaN	NaN	NaN	NaN	NaN	NaN	NaN	NaN	NaN	NaN	NaN	NaN	NaN	NaN	NaN	NaN	NaN	NaN	NaN	NaN	NaN	NaN	NaN	NaN
2.038536000E-6	2.038671000E-6	2.038834000E-6	2.039284000E-6	2.039256000E-6	2.039573000E-6	2.039851000E-6	2.039976000E-6	2.040186000E-6	2.040359000E-6	2.040518000E-6	2.040717000E-6	2.040970000E-6	2.041140000E-6	2.041349000E-6	2.041652000E-6	2.041771000E-6	2.042030000E-6	2.042215000E-6	2.042335000E-6	2.042515000E-6	2.042913000E-6	2.043024000E-6	2.043212000E-6	2.043517000E-6	2.043571000E-6	2.043673000E-6	2.044010000E-6	2.044153000E-6	2.044409000E-6	NaN	NaN	NaN	NaN	NaN	NaN	NaN	NaN	NaN	NaN	NaN	NaN	NaN	NaN	NaN	NaN	NaN	NaN	NaN	NaN	NaN	NaN	NaN	NaN	NaN	NaN	NaN	NaN	NaN	NaN
2.159625000E-6	2.159878000E-6	2.160104000E-6	2.160496000E-6	2.160622000E-6	2.160836000E-6	2.160956000E-6	2.161187000E-6	2.161328000E-6	2.161542000E-6	2.161926000E-6	2.162118000E-6	2.162471000E-6	2.162795000E-6	2.162808000E-6	2.163114000E-6	2.163463000E-6	2.163430000E-6	2.163675000E-6	2.164018000E-6	2.164040000E-6	2.164384000E-6	2.164583000E-6	2.164917000E-6	2.165187000E-6	2.165366000E-6	2.165344000E-6	2.165794000E-6	2.166130000E-6	2.166289000E-6	NaN	NaN	NaN	NaN	NaN	NaN	NaN	NaN	NaN	NaN	NaN	NaN	NaN	NaN	NaN	NaN	NaN	NaN	NaN	NaN	NaN	NaN	NaN	NaN	NaN	NaN	NaN	NaN	NaN	NaN
2.290009000E-6	2.290255000E-6	2.290512000E-6	2.290626000E-6	2.290875000E-6	2.291236000E-6	2.291497000E-6	2.291863000E-6	2.291922000E-6	2.292154000E-6	2.292480000E-6	2.292520000E-6	2.292898000E-6	2.293066000E-6	2.293323000E-6	2.293455000E-6	2.293741000E-6	2.293951000E-6	2.294273000E-6	2.294597000E-6	2.294688000E-6	2.295020000E-6	2.295313000E-6	2.295143000E-6	2.295765000E-6	2.296008000E-6	2.296090000E-6	2.296290000E-6	2.296464000E-6	2.296817000E-6	NaN	NaN	NaN	NaN	NaN	NaN	NaN	NaN	NaN	NaN	NaN	NaN	NaN	NaN	NaN	NaN	NaN	NaN	NaN	NaN	NaN	NaN	NaN	NaN	NaN	NaN	NaN	NaN	NaN	NaN
2.426561000E-6	2.426735000E-6	2.427358000E-6	2.427250000E-6	2.427493000E-6	2.427759000E-6	2.428093000E-6	2.428381000E-6	2.428748000E-6	2.428889000E-6	2.429066000E-6	2.429467000E-6	2.429510000E-6	2.429842000E-6	2.430123000E-6	2.430153000E-6	2.430484000E-6	2.430767000E-6	2.430976000E-6	2.431322000E-6	2.431625000E-6	2.431824000E-6	2.431834000E-6	2.432318000E-6	2.432398000E-6	2.432634000E-6	2.432954000E-6	2.433188000E-6	2.433506000E-6	2.433879000E-6	NaN	NaN	NaN	NaN	NaN	NaN	NaN	NaN	NaN	NaN	NaN	NaN	NaN	NaN	NaN	NaN	NaN	NaN	NaN	NaN	NaN	NaN	NaN	NaN	NaN	NaN	NaN	NaN	NaN	NaN
2.574748000E-6	2.574890000E-6	2.575123000E-6	2.575425000E-6	2.575757000E-6	2.576043000E-6	2.576284000E-6	2.576530000E-6	2.576793000E-6	2.577046000E-6	2.577440000E-6	2.577699000E-6	2.578052000E-6	2.578144000E-6	2.578358000E-6	2.578679000E-6	2.579060000E-6	2.578998000E-6	2.579515000E-6	2.579703000E-6	2.579853000E-6	2.580154000E-6	2.580354000E-6	2.580617000E-6	2.580960000E-6	2.581099000E-6	2.581261000E-6	2.581711000E-6	2.581973000E-6	2.582122000E-6	NaN	NaN	NaN	NaN	NaN	NaN	NaN	NaN	NaN	NaN	NaN	NaN	NaN	NaN	NaN	NaN	NaN	NaN	NaN	NaN	NaN	NaN	NaN	NaN	NaN	NaN	NaN	NaN	NaN	NaN
2.729608000E-6	2.730098000E-6	2.730322000E-6	2.730583000E-6	2.730666000E-6	2.731087000E-6	2.731077000E-6	2.731628000E-6	2.731795000E-6	2.732101000E-6	2.732363000E-6	2.732658000E-6	2.732901000E-6	2.733273000E-6	2.733428000E-6	2.733728000E-6	2.733894000E-6	2.734311000E-6	2.734739000E-6	2.734903000E-6	2.735237000E-6	2.735459000E-6	2.735707000E-6	2.736089000E-6	2.736170000E-6	2.736590000E-6	2.736897000E-6	2.737047000E-6	2.737288000E-6	2.737668000E-6	NaN	NaN	NaN	NaN	NaN	NaN	NaN	NaN	NaN	NaN	NaN	NaN	NaN	NaN	NaN	NaN	NaN	NaN	NaN	NaN	NaN	NaN	NaN	NaN	NaN	NaN	NaN	NaN	NaN	NaN
2.893456000E-6	2.893622000E-6	2.893910000E-6	2.894430000E-6	2.894675000E-6	2.894890000E-6	2.895244000E-6	2.895706000E-6	2.895745000E-6	2.896094000E-6	2.896375000E-6	2.896634000E-6	2.896882000E-6	2.897120000E-6	2.897301000E-6	2.897802000E-6	2.898084000E-6	2.898256000E-6	2.898793000E-6	2.898986000E-6	2.899078000E-6	2.899556000E-6	2.899795000E-6	2.900085000E-6	2.900310000E-6	2.900521000E-6	2.900769000E-6	2.901258000E-6	2.901467000E-6	2.901676000E-6	NaN	NaN	NaN	NaN	NaN	NaN	NaN	NaN	NaN	NaN	NaN	NaN	NaN	NaN	NaN	NaN	NaN	NaN	NaN	NaN	NaN	NaN	NaN	NaN	NaN	NaN	NaN	NaN	NaN	NaN
3.062089000E-6	3.062532000E-6	3.062559000E-6	3.062982000E-6	3.063393000E-6	3.063625000E-6	3.063910000E-6	3.064197000E-6	3.064436000E-6	3.064864000E-6	3.064880000E-6	3.065544000E-6	3.065874000E-6	3.065921000E-6	3.066270000E-6	3.066667000E-6	3.066865000E-6	3.067071000E-6	3.067526000E-6	3.067845000E-6	3.068197000E-6	3.068423000E-6	3.068675000E-6	3.069043000E-6	3.069257000E-6	3.069454000E-6	3.069803000E-6	3.069930000E-6	3.070538000E-6	3.070698000E-6	NaN	NaN	NaN	NaN	NaN	NaN	NaN	NaN	NaN	NaN	NaN	NaN	NaN	NaN	NaN	NaN	NaN	NaN	NaN	NaN	NaN	NaN	NaN	NaN	NaN	NaN	NaN	NaN	NaN	NaN
3.234647000E-6	3.234914000E-6	3.235176000E-6	3.235434000E-6	3.235976000E-6	3.236006000E-6	3.236305000E-6	3.236602000E-6	3.236700000E-6	3.237137000E-6	3.237468000E-6	3.237871000E-6	3.238142000E-6	3.238636000E-6	3.238920000E-6	3.239047000E-6	3.239402000E-6	3.239540000E-6	3.239763000E-6	3.240311000E-6	3.240541000E-6	3.240885000E-6	3.241227000E-6	3.241518000E-6	3.241657000E-6	3.242034000E-6	3.242375000E-6	3.242620000E-6	3.242795000E-6	3.243167000E-6	NaN	NaN	NaN	NaN	NaN	NaN	NaN	NaN	NaN	NaN	NaN	NaN	NaN	NaN	NaN	NaN	NaN	NaN	NaN	NaN	NaN	NaN	NaN	NaN	NaN	NaN	NaN	NaN	NaN	NaN
3.426502000E-6	3.426558000E-6	3.426960000E-6	3.427501000E-6	3.427713000E-6	3.428240000E-6	3.428592000E-6	3.428706000E-6	3.428910000E-6	3.429331000E-6	3.429557000E-6	3.429883000E-6	3.430420000E-6	3.430670000E-6	3.431025000E-6	3.431320000E-6	3.431756000E-6	3.431993000E-6	3.432250000E-6	3.432670000E-6	3.432972000E-6	3.433401000E-6	3.433711000E-6	3.434072000E-6	3.434516000E-6	3.434797000E-6	3.435030000E-6	3.435400000E-6	3.435941000E-6	3.436221000E-6	NaN	NaN	NaN	NaN	NaN	NaN	NaN	NaN	NaN	NaN	NaN	NaN	NaN	NaN	NaN	NaN	NaN	NaN	NaN	NaN	NaN	NaN	NaN	NaN	NaN	NaN	NaN	NaN	NaN	NaN
