#Static
1.482635430E-3	-29.528030900E-3	-43.622248200E-3	-62.672422100E-3	-81.678099400E-3	-100.146140000E-3	-12.769794100E-3	-52.306923900E-3	-71.642330700E-3	-84.963884100E-3	-103.716397000E-3	-21.507945000E-3	-54.463482700E-3	-73.418216200E-3	-89.830364200E-3	-107.037416000E-3	-19.961753900E-3	-58.652106300E-3	-71.768474100E-3	-90.294378000E-3	-108.660420000E-3	-12.885475400E-3	-51.901594900E-3	-70.772665900E-3	-89.518465500E-3	-101.779407000E-3	-19.702838900E-3	-53.052477800E-3	-71.960726600E-3	-89.185109700E-3	NaN	NaN	NaN	NaN	NaN	NaN	NaN	NaN	NaN	NaN	NaN	NaN	NaN	NaN	NaN	NaN	NaN	NaN	NaN	NaN	NaN	NaN	NaN	NaN	NaN	NaN	NaN	NaN	NaN	NaN
-14.011506900E-3	-49.678224200E-3	-60.899534000E-3	-78.357292000E-3	-93.940527100E-3	-109.515994000E-3	-14.286478400E-3	-52.170952000E-3	-70.354405600E-3	-82.753590700E-3	-100.647269000E-3	-18.139181600E-3	-50.384695000E-3	-68.935894100E-3	-87.286217000E-3	-105.386697000E-3	-18.566996100E-3	-56.368046000E-3	-68.990775000E-3	-88.473960100E-3	-106.402495000E-3	-14.415540500E-3	-51.752468200E-3	-70.126996800E-3	-88.463044400E-3	-100.159891000E-3	-20.500372500E-3	-52.288638900E-3	-70.983344300E-3	-89.007275700E-3	NaN	NaN	NaN	NaN	NaN	NaN	NaN	NaN	NaN	NaN	NaN	NaN	NaN	NaN	NaN	NaN	NaN	NaN	NaN	NaN	NaN	NaN	NaN	NaN	NaN	NaN	NaN	NaN	NaN	NaN
-19.125483300E-3	-52.925780400E-3	-63.119932800E-3	-79.835391200E-3	-96.519541400E-3	-13.817995700E-3	-49.651339100E-3	-66.713059300E-3	-83.748224800E-3	-93.970037000E-3	-19.569476900E-3	-49.217016700E-3	-66.757678300E-3	-83.923707400E-3	-100.785378000E-3	-13.485365400E-3	-49.737295100E-3	-67.140229400E-3	-77.972168900E-3	-94.896955900E-3	-18.891991300E-3	-48.658044400E-3	-65.628377700E-3	-81.286614500E-3	-96.935666400E-3	-107.622138000E-3	-17.381804800E-3	-46.688525100E-3	-63.927477200E-3	-81.379184200E-3	NaN	NaN	NaN	NaN	NaN	NaN	NaN	NaN	NaN	NaN	NaN	NaN	NaN	NaN	NaN	NaN	NaN	NaN	NaN	NaN	NaN	NaN	NaN	NaN	NaN	NaN	NaN	NaN	NaN	NaN
-20.096413700E-3	-51.585907100E-3	-57.527270700E-3	-70.657048700E-3	-86.051486800E-3	-101.534518000E-3	-12.993616500E-3	-46.219551800E-3	-60.610468600E-3	-67.918345900E-3	-82.119176000E-3	-96.047284100E-3	-111.590666000E-3	-11.376933700E-3	-45.679294500E-3	-61.656409700E-3	-69.763111500E-3	-85.872411700E-3	-101.467871000E-3	-19.935177300E-3	-53.272976800E-3	-69.522286300E-3	-85.062720000E-3	-93.740370700E-3	-109.120737000E-3	-19.111965100E-3	-46.251826100E-3	-62.348959600E-3	-80.991160600E-3	-96.352885700E-3	NaN	NaN	NaN	NaN	NaN	NaN	NaN	NaN	NaN	NaN	NaN	NaN	NaN	NaN	NaN	NaN	NaN	NaN	NaN	NaN	NaN	NaN	NaN	NaN	NaN	NaN	NaN	NaN	NaN	NaN
-16.130537500E-3	-44.004836600E-3	-49.730862500E-3	-63.522170600E-3	-77.499489700E-3	-90.946468900E-3	-104.615093000E-3	-109.823129000E-3	-13.653356600E-3	-34.081399100E-3	-48.478274400E-3	-62.643198200E-3	-74.831047800E-3	-87.120507300E-3	-93.625072900E-3	-107.749320000E-3	-18.835979800E-3	-42.941680200E-3	-57.830768000E-3	-72.145341400E-3	-86.135049300E-3	-92.508146100E-3	-106.140053000E-3	-12.671643900E-3	-35.749450800E-3	-50.198947000E-3	-64.355480100E-3	-78.502673000E-3	-84.889780200E-3	-98.846336300E-3	NaN	NaN	NaN	NaN	NaN	NaN	NaN	NaN	NaN	NaN	NaN	NaN	NaN	NaN	NaN	NaN	NaN	NaN	NaN	NaN	NaN	NaN	NaN	NaN	NaN	NaN	NaN	NaN	NaN	NaN
-13.643128400E-3	-35.394759800E-3	-39.360707300E-3	-51.743897800E-3	-64.209501200E-3	-76.557235500E-3	-89.312625100E-3	-92.766480900E-3	-104.705649000E-3	-14.251095300E-3	-30.603472900E-3	-43.259057400E-3	-55.414406100E-3	-67.845225200E-3	-71.965514300E-3	-84.690978400E-3	-96.951663000E-3	-17.006773700E-3	-41.803918200E-3	-54.273658700E-3	-66.605755500E-3	-70.987365800E-3	-83.084257500E-3	-92.804830300E-3	-102.824202000E-3	-15.201241100E-3	-42.480147100E-3	-55.676154900E-3	-59.904212100E-3	-70.688000600E-3	NaN	NaN	NaN	NaN	NaN	NaN	NaN	NaN	NaN	NaN	NaN	NaN	NaN	NaN	NaN	NaN	NaN	NaN	NaN	NaN	NaN	NaN	NaN	NaN	NaN	NaN	NaN	NaN	NaN	NaN
-9.947093390E-3	-31.326551600E-3	-31.360181000E-3	-41.899416400E-3	-52.464895700E-3	-63.131835100E-3	-73.328501800E-3	-74.329975500E-3	-84.551531000E-3	-94.708537700E-3	-104.732254000E-3	-10.178943000E-3	-34.677400900E-3	-45.888107800E-3	-47.923624000E-3	-59.019921100E-3	-69.861160200E-3	-80.071043200E-3	-90.662222100E-3	-91.564712300E-3	-101.964960000E-3	-14.834242800E-3	-30.514692900E-3	-42.040431100E-3	-53.296256700E-3	-64.451455200E-3	-64.503726300E-3	-75.113180300E-3	-85.523740100E-3	-95.762482300E-3	NaN	NaN	NaN	NaN	NaN	NaN	NaN	NaN	NaN	NaN	NaN	NaN	NaN	NaN	NaN	NaN	NaN	NaN	NaN	NaN	NaN	NaN	NaN	NaN	NaN	NaN	NaN	NaN	NaN	NaN
-10.307027400E-3	-28.583873800E-3	-24.718074100E-3	-33.702978100E-3	-41.107779500E-3	-48.743655100E-3	-57.984733100E-3	-56.733327600E-3	-65.147265400E-3	-73.841671900E-3	-82.410468000E-3	-89.807745000E-3	-86.554520700E-3	-95.270645200E-3	-103.655957000E-3	-13.954526300E-3	-35.366959600E-3	-44.719998500E-3	-53.872221800E-3	-52.826613000E-3	-61.553093900E-3	-70.698848000E-3	-79.461845900E-3	-88.054386900E-3	-86.825354800E-3	-95.390758000E-3	-103.841973000E-3	-13.152297500E-3	-34.400942800E-3	-43.266389200E-3	NaN	NaN	NaN	NaN	NaN	NaN	NaN	NaN	NaN	NaN	NaN	NaN	NaN	NaN	NaN	NaN	NaN	NaN	NaN	NaN	NaN	NaN	NaN	NaN	NaN	NaN	NaN	NaN	NaN	NaN
-4.516691450E-3	-18.718880900E-3	-14.277903300E-3	-20.649993800E-3	-27.084711800E-3	-32.523192700E-3	-38.332357600E-3	-34.803543600E-3	-41.723138900E-3	-48.475997800E-3	-55.314040700E-3	-61.920437400E-3	-56.334317100E-3	-63.183699400E-3	-69.697404200E-3	-76.074098300E-3	-82.697864900E-3	-78.331981400E-3	-84.882619800E-3	-90.819688400E-3	-96.898288200E-3	-102.735685000E-3	-97.307427200E-3	-103.137305000E-3	-108.980927000E-3	-6.541913500E-3	-20.754030500E-3	-28.239644600E-3	-33.827375300E-3	-28.377460600E-3	NaN	NaN	NaN	NaN	NaN	NaN	NaN	NaN	NaN	NaN	NaN	NaN	NaN	NaN	NaN	NaN	NaN	NaN	NaN	NaN	NaN	NaN	NaN	NaN	NaN	NaN	NaN	NaN	NaN	NaN
-3.370092110E-3	13.553536400E-3	10.901687700E-3	2.304733500E-3	-1.442620180E-3	-4.603156990E-3	-2.824719550E-3	-11.746665500E-3	-12.800607200E-3	-11.303587400E-3	-13.941368500E-3	-14.692790900E-3	-14.449706000E-3	-10.317607700E-3	-13.133393900E-3	-13.205455800E-3	-15.225789500E-3	-10.338770400E-3	-15.426343500E-3	-15.824619500E-3	-16.122063200E-3	-10.355557300E-3	-14.795705600E-3	-14.319631300E-3	-13.359586300E-3	-10.420167100E-3	-7.856450630E-3	-12.359298400E-3	-10.616845100E-3	-6.857223330E-3	NaN	NaN	NaN	NaN	NaN	NaN	NaN	NaN	NaN	NaN	NaN	NaN	NaN	NaN	NaN	NaN	NaN	NaN	NaN	NaN	NaN	NaN	NaN	NaN	NaN	NaN	NaN	NaN	NaN	NaN
-7.801809560E-3	11.788740200E-3	26.451355500E-3	22.791705900E-3	19.554418500E-3	16.129214600E-3	13.129377100E-3	22.761191700E-3	19.954668200E-3	17.112721500E-3	14.354865200E-3	11.978711300E-3	23.580688200E-3	22.482526800E-3	18.786282500E-3	15.477254700E-3	12.659114100E-3	21.688530100E-3	18.771044800E-3	16.072523200E-3	13.403072000E-3	10.737596300E-3	21.436169100E-3	18.453377500E-3	15.035678300E-3	11.726303400E-3	26.645225900E-3	22.841353100E-3	20.968825900E-3	31.758369500E-3	NaN	NaN	NaN	NaN	NaN	NaN	NaN	NaN	NaN	NaN	NaN	NaN	NaN	NaN	NaN	NaN	NaN	NaN	NaN	NaN	NaN	NaN	NaN	NaN	NaN	NaN	NaN	NaN	NaN	NaN
-5.652277930E-3	30.934508800E-3	30.359586700E-3	31.591266700E-3	32.454910300E-3	44.775507800E-3	44.052584900E-3	42.814213500E-3	44.293761000E-3	45.627812000E-3	59.053756800E-3	58.612797400E-3	56.918084500E-3	55.080896200E-3	53.534461800E-3	65.092981600E-3	63.900623100E-3	62.776234300E-3	61.934214400E-3	61.090053000E-3	73.501731300E-3	72.136729300E-3	70.800286700E-3	70.363320600E-3	69.558290900E-3	82.439976100E-3	81.282664800E-3	79.996161100E-3	80.477268600E-3	81.719736400E-3	NaN	NaN	NaN	NaN	NaN	NaN	NaN	NaN	NaN	NaN	NaN	NaN	NaN	NaN	NaN	NaN	NaN	NaN	NaN	NaN	NaN	NaN	NaN	NaN	NaN	NaN	NaN	NaN	NaN	NaN
-5.073871670E-3	40.949070000E-3	42.427108100E-3	44.067324300E-3	46.024338700E-3	62.852350200E-3	65.919971400E-3	68.988153600E-3	71.263348900E-3	73.253559700E-3	89.140588900E-3	92.766673300E-3	96.386977000E-3	97.487777100E-3	98.772506700E-3	113.976350000E-3	114.722380000E-3	115.370776000E-3	116.067761000E-3	116.592217000E-3	-690.381135000E-6	34.569452600E-3	36.361029300E-3	38.891794500E-3	41.251763300E-3	57.519357000E-3	58.678253500E-3	60.325211100E-3	61.665016200E-3	63.922314000E-3	NaN	NaN	NaN	NaN	NaN	NaN	NaN	NaN	NaN	NaN	NaN	NaN	NaN	NaN	NaN	NaN	NaN	NaN	NaN	NaN	NaN	NaN	NaN	NaN	NaN	NaN	NaN	NaN	NaN	NaN
-4.214839040E-3	56.359329700E-3	60.463815200E-3	65.004434600E-3	69.536691100E-3	89.274651200E-3	93.172689700E-3	96.760227400E-3	102.497803000E-3	107.958486000E-3	-1.220680250E-3	55.373192500E-3	59.799645400E-3	64.738970900E-3	69.671055100E-3	90.334904700E-3	94.557403700E-3	98.950538200E-3	103.222893000E-3	107.314300000E-3	881.845628000E-6	50.492096700E-3	56.354385000E-3	63.783045000E-3	70.096888400E-3	90.668895500E-3	95.458198600E-3	100.256414000E-3	104.537060000E-3	108.965090000E-3	NaN	NaN	NaN	NaN	NaN	NaN	NaN	NaN	NaN	NaN	NaN	NaN	NaN	NaN	NaN	NaN	NaN	NaN	NaN	NaN	NaN	NaN	NaN	NaN	NaN	NaN	NaN	NaN	NaN	NaN
-3.185201470E-3	65.713077200E-3	74.054468100E-3	82.211384600E-3	90.127062800E-3	115.725355000E-3	-4.531293390E-3	55.071642700E-3	63.371246500E-3	71.286691500E-3	96.559171600E-3	104.081950000E-3	111.420372000E-3	-2.966184800E-3	35.912844800E-3	61.185580400E-3	69.328625200E-3	78.064264900E-3	86.391289900E-3	94.797818800E-3	3.166355330E-3	22.071140700E-3	48.454493100E-3	57.114671600E-3	65.418973200E-3	73.696797700E-3	82.472286500E-3	107.250251000E-3	114.759125000E-3	586.497833000E-6	NaN	NaN	NaN	NaN	NaN	NaN	NaN	NaN	NaN	NaN	NaN	NaN	NaN	NaN	NaN	NaN	NaN	NaN	NaN	NaN	NaN	NaN	NaN	NaN	NaN	NaN	NaN	NaN	NaN	NaN
-75.246644400E-3	35.690378400E-3	66.651959600E-3	78.146159600E-3	90.071368800E-3	101.382567000E-3	113.309047000E-3	5.325937520E-3	26.695155300E-3	57.209556700E-3	68.187318700E-3	79.409789000E-3	90.771930800E-3	103.455799000E-3	5.297898900E-3	27.442113500E-3	58.114500500E-3	70.038204800E-3	81.411041900E-3	91.009842200E-3	100.456782000E-3	1.528984960E-3	25.083268900E-3	56.849121800E-3	68.466839400E-3	80.133996200E-3	91.550030800E-3	102.604848000E-3	3.189771770E-3	27.098365700E-3	NaN	NaN	NaN	NaN	NaN	NaN	NaN	NaN	NaN	NaN	NaN	NaN	NaN	NaN	NaN	NaN	NaN	NaN	NaN	NaN	NaN	NaN	NaN	NaN	NaN	NaN	NaN	NaN	NaN	NaN
9.159674630E-3	45.736719700E-3	87.279247400E-3	106.086294000E-3	6.013392590E-3	60.968992500E-3	78.223821500E-3	95.618633000E-3	112.518746000E-3	4.227012350E-3	36.620760000E-3	75.541173900E-3	91.892852000E-3	108.373373000E-3	7.508743260E-3	39.290596600E-3	56.837296500E-3	75.762598200E-3	114.877254000E-3	4.024112740E-3	57.575098200E-3	74.271657200E-3	92.064853700E-3	108.797419000E-3	8.165308400E-3	40.917088800E-3	58.274344700E-3	95.929201300E-3	112.084944000E-3	3.795729040E-3	NaN	NaN	NaN	NaN	NaN	NaN	NaN	NaN	NaN	NaN	NaN	NaN	NaN	NaN	NaN	NaN	NaN	NaN	NaN	NaN	NaN	NaN	NaN	NaN	NaN	NaN	NaN	NaN	NaN	NaN
-67.789598000E-3	60.145040900E-3	104.874306000E-3	7.361069340E-3	69.183215300E-3	89.565058100E-3	109.299599000E-3	9.487744340E-3	47.468380400E-3	68.100995300E-3	88.817667400E-3	8.098952460E-3	46.471566900E-3	88.904084600E-3	108.444334000E-3	7.266309870E-3	68.064872400E-3	89.224636900E-3	109.460950000E-3	4.032749360E-3	43.749357700E-3	64.854675500E-3	109.051589000E-3	9.169588510E-3	73.362032100E-3	95.369898700E-3	114.255688000E-3	9.843974270E-3	51.481625700E-3	72.907739000E-3	NaN	NaN	NaN	NaN	NaN	NaN	NaN	NaN	NaN	NaN	NaN	NaN	NaN	NaN	NaN	NaN	NaN	NaN	NaN	NaN	NaN	NaN	NaN	NaN	NaN	NaN	NaN	NaN	NaN	NaN
5.958595960E-3	56.545246600E-3	105.917157000E-3	11.279483100E-3	82.353989900E-3	106.934606000E-3	8.431223460E-3	79.125244700E-3	103.564246000E-3	10.503408800E-3	57.334396500E-3	82.501468900E-3	108.854765000E-3	5.841517850E-3	53.401091600E-3	102.146397000E-3	8.978436660E-3	80.602339300E-3	104.729895000E-3	8.665146200E-3	82.961176100E-3	107.803259000E-3	12.076977200E-3	59.926646300E-3	85.750721700E-3	110.704356000E-3	3.245665220E-3	52.288635200E-3	101.838178000E-3	12.125573400E-3	NaN	NaN	NaN	NaN	NaN	NaN	NaN	NaN	NaN	NaN	NaN	NaN	NaN	NaN	NaN	NaN	NaN	NaN	NaN	NaN	NaN	NaN	NaN	NaN	NaN	NaN	NaN	NaN	NaN	NaN
-70.496698900E-3	76.275124800E-3	13.513372200E-3	69.627085000E-3	13.436676600E-3	69.527144000E-3	12.534941600E-3	68.763456300E-3	12.474607000E-3	68.523618600E-3	12.654698600E-3	69.409285400E-3	12.781510800E-3	72.002053100E-3	11.393023800E-3	68.439461600E-3	12.402229800E-3	69.216793300E-3	13.753920000E-3	69.714821500E-3	13.317771200E-3	70.745929100E-3	12.914891600E-3	71.928008300E-3	11.996065900E-3	70.019802400E-3	14.092025000E-3	72.761626000E-3	10.965815700E-3	68.773574000E-3	NaN	NaN	NaN	NaN	NaN	NaN	NaN	NaN	NaN	NaN	NaN	NaN	NaN	NaN	NaN	NaN	NaN	NaN	NaN	NaN	NaN	NaN	NaN	NaN	NaN	NaN	NaN	NaN	NaN	NaN
19.448694300E-3	84.789859300E-3	16.738376800E-3	80.815321100E-3	16.789892400E-3	80.354729600E-3	11.461888200E-3	75.865351500E-3	17.050754900E-3	82.008817600E-3	17.892947000E-3	82.637451900E-3	17.380467000E-3	82.854217500E-3	17.601552300E-3	83.242396500E-3	15.894603300E-3	82.019596200E-3	16.971092100E-3	84.997628900E-3	17.011538300E-3	83.502631900E-3	16.684076300E-3	83.820347500E-3	14.761088700E-3	82.426150500E-3	16.207176400E-3	84.189634800E-3	15.801802300E-3	83.877655600E-3	NaN	NaN	NaN	NaN	NaN	NaN	NaN	NaN	NaN	NaN	NaN	NaN	NaN	NaN	NaN	NaN	NaN	NaN	NaN	NaN	NaN	NaN	NaN	NaN	NaN	NaN	NaN	NaN	NaN	NaN
18.297397800E-3	96.133314300E-3	15.134267800E-3	90.609169600E-3	19.090324300E-3	94.219364800E-3	13.092803000E-3	89.147725800E-3	17.548688400E-3	93.064752200E-3	18.573161300E-3	95.757475400E-3	13.826428700E-3	90.690411000E-3	19.585834900E-3	99.224493600E-3	16.545198800E-3	93.561349200E-3	16.265968500E-3	94.290914500E-3	19.852475200E-3	98.376469600E-3	14.066915900E-3	92.793867200E-3	19.874796600E-3	98.374825900E-3	17.746418200E-3	97.247409200E-3	15.682510400E-3	94.931613800E-3	NaN	NaN	NaN	NaN	NaN	NaN	NaN	NaN	NaN	NaN	NaN	NaN	NaN	NaN	NaN	NaN	NaN	NaN	NaN	NaN	NaN	NaN	NaN	NaN	NaN	NaN	NaN	NaN	NaN	NaN
21.371289300E-3	24.611842700E-3	23.663092800E-3	114.633572000E-3	25.081504000E-3	26.966717800E-3	107.775220000E-3	150.920135000E-3	192.143526000E-3	231.203993000E-3	270.079138000E-3	336.410249000E-3	368.594394000E-3	399.228693000E-3	428.225502000E-3	454.599033000E-3	503.865906000E-3	525.981284000E-3	547.047435000E-3	567.209479000E-3	586.421253000E-3	625.533054000E-3	641.987012000E-3	657.301851000E-3	671.690808000E-3	685.911594000E-3	719.911677000E-3	731.667806000E-3	742.882688000E-3	753.373371000E-3	NaN	NaN	NaN	NaN	NaN	NaN	NaN	NaN	NaN	NaN	NaN	NaN	NaN	NaN	NaN	NaN	NaN	NaN	NaN	NaN	NaN	NaN	NaN	NaN	NaN	NaN	NaN	NaN	NaN	NaN
-49.555931900E-3	23.289554100E-3	27.384893000E-3	25.454851900E-3	115.698157000E-3	164.255906000E-3	209.879152000E-3	253.730917000E-3	295.032203000E-3	364.922038000E-3	400.492015000E-3	433.448502000E-3	464.124436000E-3	492.849163000E-3	545.166943000E-3	569.376969000E-3	592.627660000E-3	614.819636000E-3	635.226325000E-3	676.497383000E-3	693.606039000E-3	710.012271000E-3	726.113118000E-3	740.967556000E-3	773.517697000E-3	785.709258000E-3	797.467772000E-3	808.433298000E-3	818.742989000E-3	846.631119000E-3	NaN	NaN	NaN	NaN	NaN	NaN	NaN	NaN	NaN	NaN	NaN	NaN	NaN	NaN	NaN	NaN	NaN	NaN	NaN	NaN	NaN	NaN	NaN	NaN	NaN	NaN	NaN	NaN	NaN	NaN
-48.179487800E-3	35.660005900E-3	102.159083000E-3	164.736343000E-3	222.889037000E-3	317.036134000E-3	365.259508000E-3	410.198230000E-3	451.838917000E-3	491.060011000E-3	557.459950000E-3	590.104925000E-3	620.072486000E-3	648.554973000E-3	675.002016000E-3	723.717861000E-3	746.114753000E-3	767.272046000E-3	786.803891000E-3	804.574168000E-3	841.401033000E-3	856.235284000E-3	871.088694000E-3	884.884665000E-3	896.721157000E-3	925.753591000E-3	934.907438000E-3	943.118616000E-3	951.558543000E-3	959.549548000E-3	NaN	NaN	NaN	NaN	NaN	NaN	NaN	NaN	NaN	NaN	NaN	NaN	NaN	NaN	NaN	NaN	NaN	NaN	NaN	NaN	NaN	NaN	NaN	NaN	NaN	NaN	NaN	NaN	NaN	NaN
-48.468062600E-3	27.605410200E-3	29.842292900E-3	36.131815000E-3	144.600495000E-3	204.463838000E-3	261.422604000E-3	315.078899000E-3	364.704511000E-3	443.869407000E-3	484.403585000E-3	522.140717000E-3	558.835495000E-3	593.456088000E-3	650.004736000E-3	676.610308000E-3	701.927565000E-3	725.373050000E-3	747.412591000E-3	791.005590000E-3	809.006237000E-3	825.913745000E-3	842.108488000E-3	856.642630000E-3	888.631063000E-3	900.060647000E-3	910.847290000E-3	921.762691000E-3	931.086279000E-3	956.567328000E-3	NaN	NaN	NaN	NaN	NaN	NaN	NaN	NaN	NaN	NaN	NaN	NaN	NaN	NaN	NaN	NaN	NaN	NaN	NaN	NaN	NaN	NaN	NaN	NaN	NaN	NaN	NaN	NaN	NaN	NaN
-32.308852300E-3	37.850181500E-3	109.361725000E-3	176.303158000E-3	239.620432000E-3	337.479150000E-3	390.063352000E-3	438.447966000E-3	482.004646000E-3	522.890906000E-3	590.015715000E-3	623.483420000E-3	654.502157000E-3	685.451617000E-3	714.436611000E-3	763.336989000E-3	785.863005000E-3	807.204649000E-3	826.503183000E-3	843.952264000E-3	880.268230000E-3	894.873672000E-3	908.105648000E-3	920.092004000E-3	932.016808000E-3	961.728495000E-3	970.860082000E-3	979.636047000E-3	988.007063000E-3	995.396363000E-3	NaN	NaN	NaN	NaN	NaN	NaN	NaN	NaN	NaN	NaN	NaN	NaN	NaN	NaN	NaN	NaN	NaN	NaN	NaN	NaN	NaN	NaN	NaN	NaN	NaN	NaN	NaN	NaN	NaN	NaN
-36.164203200E-3	36.320896700E-3	116.552098000E-3	191.294176000E-3	260.808664000E-3	364.720030000E-3	420.065770000E-3	471.505567000E-3	519.010834000E-3	562.835986000E-3	634.051828000E-3	670.025194000E-3	703.682728000E-3	734.636634000E-3	762.883809000E-3	813.280642000E-3	837.765777000E-3	860.172404000E-3	879.347170000E-3	897.685814000E-3	937.201071000E-3	951.308702000E-3	964.646516000E-3	976.633794000E-3	987.522333000E-3	1.014670480E+0	1.022506340E+0	1.030064240E+0	1.037195790E+0	1.043594800E+0	NaN	NaN	NaN	NaN	NaN	NaN	NaN	NaN	NaN	NaN	NaN	NaN	NaN	NaN	NaN	NaN	NaN	NaN	NaN	NaN	NaN	NaN	NaN	NaN	NaN	NaN	NaN	NaN	NaN	NaN
-32.881612300E-3	53.600575500E-3	141.735923000E-3	224.599106000E-3	300.322608000E-3	410.118275000E-3	469.368291000E-3	523.590887000E-3	574.004312000E-3	620.010571000E-3	693.205614000E-3	729.564229000E-3	764.779042000E-3	795.646718000E-3	826.325424000E-3	878.508381000E-3	900.560205000E-3	920.437672000E-3	939.204422000E-3	956.839689000E-3	994.741980000E-3	1.008099850E+0	1.019442710E+0	1.029890710E+0	1.040121330E+0	1.065857850E+0	1.072688440E+0	1.079092920E+0	1.085212270E+0	1.091063030E+0	NaN	NaN	NaN	NaN	NaN	NaN	NaN	NaN	NaN	NaN	NaN	NaN	NaN	NaN	NaN	NaN	NaN	NaN	NaN	NaN	NaN	NaN	NaN	NaN	NaN	NaN	NaN	NaN	NaN	NaN
-40.700165300E-3	34.570629700E-3	102.502280000E-3	166.694455000E-3	226.881975000E-3	320.274141000E-3	372.377236000E-3	420.562467000E-3	463.069424000E-3	502.814609000E-3	568.951788000E-3	601.550168000E-3	632.102581000E-3	660.973043000E-3	687.896858000E-3	737.967549000E-3	760.231786000E-3	780.546884000E-3	802.441145000E-3	822.882933000E-3	859.974302000E-3	874.075716000E-3	887.782703000E-3	901.206810000E-3	913.578786000E-3	944.462359000E-3	953.178288000E-3	961.219770000E-3	969.304861000E-3	977.179632000E-3	NaN	NaN	NaN	NaN	NaN	NaN	NaN	NaN	NaN	NaN	NaN	NaN	NaN	NaN	NaN	NaN	NaN	NaN	NaN	NaN	NaN	NaN	NaN	NaN	NaN	NaN	NaN	NaN	NaN	NaN
-16.139807800E-3	294.461802000E-3	438.011218000E-3	515.452196000E-3	585.265871000E-3	649.410692000E-3	707.029198000E-3	792.729899000E-3	836.178062000E-3	874.510845000E-3	908.510837000E-3	940.040690000E-3	993.213337000E-3	1.015934370E+0	1.036236910E+0	1.054497670E+0	1.071068810E+0	1.104519040E+0	1.116482170E+0	1.127025190E+0	1.136365290E+0	1.144691220E+0	1.170273240E+0	1.175706050E+0	1.180595910E+0	1.185139380E+0	1.189095330E+0	-10.018371500E-3	308.016879000E-3	456.503042000E-3	NaN	NaN	NaN	NaN	NaN	NaN	NaN	NaN	NaN	NaN	NaN	NaN	NaN	NaN	NaN	NaN	NaN	NaN	NaN	NaN	NaN	NaN	NaN	NaN	NaN	NaN	NaN	NaN	NaN	NaN
-9.374271690E-3	306.266206000E-3	452.929022000E-3	532.041734000E-3	602.793287000E-3	666.151589000E-3	723.419796000E-3	809.633939000E-3	853.103201000E-3	891.256867000E-3	925.224935000E-3	956.478124000E-3	1.009460140E+0	1.032994620E+0	1.053456230E+0	1.070995500E+0	1.086845220E+0	1.120032280E+0	1.130962170E+0	1.140837410E+0	1.149509070E+0	1.157630890E+0	1.180257380E+0	1.185429250E+0	1.189439990E+0	1.193655880E+0	1.197172930E+0	-7.825263980E-3	309.474284000E-3	461.855211000E-3	NaN	NaN	NaN	NaN	NaN	NaN	NaN	NaN	NaN	NaN	NaN	NaN	NaN	NaN	NaN	NaN	NaN	NaN	NaN	NaN	NaN	NaN	NaN	NaN	NaN	NaN	NaN	NaN	NaN	NaN
-832.678284000E-6	332.150216000E-3	486.315603000E-3	569.479727000E-3	642.946503000E-3	708.653150000E-3	768.099035000E-3	857.102551000E-3	900.199732000E-3	937.856083000E-3	970.966772000E-3	1.001764430E+0	1.051651390E+0	1.072601050E+0	1.091207010E+0	1.107903800E+0	1.122612700E+0	1.153732280E+0	1.163391490E+0	1.172294760E+0	1.180342210E+0	1.187261660E+0	-2.851560310E-3	331.920312000E-3	487.261678000E-3	570.928003000E-3	644.884695000E-3	710.812124000E-3	769.678747000E-3	856.007950000E-3	NaN	NaN	NaN	NaN	NaN	NaN	NaN	NaN	NaN	NaN	NaN	NaN	NaN	NaN	NaN	NaN	NaN	NaN	NaN	NaN	NaN	NaN	NaN	NaN	NaN	NaN	NaN	NaN	NaN	NaN
10.531467800E-3	365.533963000E-3	532.174691000E-3	620.657538000E-3	697.035119000E-3	767.380868000E-3	828.961292000E-3	915.093942000E-3	957.560478000E-3	995.564676000E-3	1.028532380E+0	1.056922680E+0	1.104253210E+0	1.123588920E+0	1.140526010E+0	1.157173660E+0	1.171538500E+0	12.163240300E-3	368.283208000E-3	537.412684000E-3	625.029435000E-3	702.320065000E-3	770.439207000E-3	829.513732000E-3	916.220231000E-3	959.459320000E-3	996.530579000E-3	1.029178610E+0	1.057117370E+0	1.104687050E+0	NaN	NaN	NaN	NaN	NaN	NaN	NaN	NaN	NaN	NaN	NaN	NaN	NaN	NaN	NaN	NaN	NaN	NaN	NaN	NaN	NaN	NaN	NaN	NaN	NaN	NaN	NaN	NaN	NaN	NaN
-21.902979200E-3	60.504695200E-3	169.728740000E-3	270.722138000E-3	361.149532000E-3	487.904414000E-3	556.946116000E-3	618.718694000E-3	674.285977000E-3	725.225262000E-3	807.383769000E-3	845.789651000E-3	880.395293000E-3	912.760703000E-3	942.154503000E-3	991.583463000E-3	1.012360160E+0	1.030878430E+0	1.047966070E+0	1.063553300E+0	1.096046370E+0	1.106812060E+0	1.116758170E+0	1.126130740E+0	1.134164210E+0	1.157475200E+0	1.162701760E+0	1.167410730E+0	1.171811950E+0	1.175450530E+0	NaN	NaN	NaN	NaN	NaN	NaN	NaN	NaN	NaN	NaN	NaN	NaN	NaN	NaN	NaN	NaN	NaN	NaN	NaN	NaN	NaN	NaN	NaN	NaN	NaN	NaN	NaN	NaN	NaN	NaN
29.191483600E-3	446.679442000E-3	634.389365000E-3	732.631734000E-3	817.283821000E-3	889.076822000E-3	949.800281000E-3	1.034828970E+0	1.074520300E+0	1.108492470E+0	1.137804090E+0	1.163014230E+0	25.373671300E-3	445.317807000E-3	642.081059000E-3	739.396700000E-3	822.306689000E-3	894.205159000E-3	955.395001000E-3	1.039759710E+0	1.078606720E+0	1.112021900E+0	1.140857160E+0	1.165513340E+0	31.107467900E-3	448.216369000E-3	636.011456000E-3	734.487142000E-3	821.472889000E-3	895.025456000E-3	NaN	NaN	NaN	NaN	NaN	NaN	NaN	NaN	NaN	NaN	NaN	NaN	NaN	NaN	NaN	NaN	NaN	NaN	NaN	NaN	NaN	NaN	NaN	NaN	NaN	NaN	NaN	NaN	NaN	NaN
39.356711500E-3	457.986481000E-3	651.337795000E-3	749.462094000E-3	833.193820000E-3	905.174869000E-3	966.955272000E-3	1.054525490E+0	1.092021280E+0	1.124304200E+0	1.151956060E+0	1.175639940E+0	33.557578200E-3	454.990362000E-3	645.120884000E-3	743.707972000E-3	830.842286000E-3	905.642342000E-3	966.373090000E-3	1.050172390E+0	1.088670450E+0	1.121769530E+0	1.150037330E+0	1.174321340E+0	32.272088300E-3	455.236749000E-3	650.251344000E-3	750.517709000E-3	834.748535000E-3	905.513583000E-3	NaN	NaN	NaN	NaN	NaN	NaN	NaN	NaN	NaN	NaN	NaN	NaN	NaN	NaN	NaN	NaN	NaN	NaN	NaN	NaN	NaN	NaN	NaN	NaN	NaN	NaN	NaN	NaN	NaN	NaN
43.163105300E-3	507.683308000E-3	710.353374000E-3	813.182817000E-3	899.958422000E-3	972.448447000E-3	1.031939870E+0	1.112877730E+0	1.149634520E+0	1.180214300E+0	47.415949700E-3	506.901085000E-3	643.459820000E-3	757.996447000E-3	905.134130000E-3	977.276987000E-3	1.038231470E+0	1.087371590E+0	1.128593150E+0	1.190218670E+0	47.560778300E-3	595.348120000E-3	718.695804000E-3	822.549294000E-3	909.669452000E-3	980.862158000E-3	1.074580940E+0	1.117423690E+0	1.153254360E+0	1.183338630E+0	NaN	NaN	NaN	NaN	NaN	NaN	NaN	NaN	NaN	NaN	NaN	NaN	NaN	NaN	NaN	NaN	NaN	NaN	NaN	NaN	NaN	NaN	NaN	NaN	NaN	NaN	NaN	NaN	NaN	NaN
55.572602800E-3	525.542456000E-3	731.188088000E-3	836.363653000E-3	925.393905000E-3	998.212549000E-3	1.056442660E+0	1.135039200E+0	1.170296750E+0	1.199593030E+0	53.601083100E-3	524.481855000E-3	665.357262000E-3	781.861642000E-3	926.532601000E-3	1.000094720E+0	1.060148620E+0	1.107963030E+0	1.147671300E+0	46.132611200E-3	520.858488000E-3	728.263071000E-3	832.891123000E-3	922.396997000E-3	996.090312000E-3	1.055210300E+0	1.136269440E+0	1.171435690E+0	49.564939500E-3	614.129686000E-3	NaN	NaN	NaN	NaN	NaN	NaN	NaN	NaN	NaN	NaN	NaN	NaN	NaN	NaN	NaN	NaN	NaN	NaN	NaN	NaN	NaN	NaN	NaN	NaN	NaN	NaN	NaN	NaN	NaN	NaN
26.018888500E-3	425.764166000E-3	608.570344000E-3	704.216781000E-3	786.688115000E-3	857.403852000E-3	919.662026000E-3	1.007714930E+0	1.048783150E+0	1.083807390E+0	1.114290220E+0	1.140357910E+0	1.184102520E+0	22.956251200E-3	504.948596000E-3	616.376207000E-3	712.282473000E-3	794.588555000E-3	866.763637000E-3	966.006862000E-3	1.014664180E+0	1.055270350E+0	1.090293730E+0	1.120679800E+0	1.169706420E+0	1.189302550E+0	29.275901200E-3	508.236959000E-3	620.516068000E-3	718.283525000E-3	NaN	NaN	NaN	NaN	NaN	NaN	NaN	NaN	NaN	NaN	NaN	NaN	NaN	NaN	NaN	NaN	NaN	NaN	NaN	NaN	NaN	NaN	NaN	NaN	NaN	NaN	NaN	NaN	NaN	NaN
91.778731300E-3	633.845634000E-3	855.802120000E-3	964.039237000E-3	1.049166390E+0	1.115386800E+0	1.168467550E+0	86.895935500E-3	632.913325000E-3	856.009184000E-3	963.905888000E-3	1.048923440E+0	1.115335750E+0	1.168668380E+0	86.538219500E-3	630.704600000E-3	853.764755000E-3	962.431032000E-3	1.048273320E+0	1.114825220E+0	1.168012420E+0	88.323532600E-3	632.688895000E-3	855.598640000E-3	962.724616000E-3	1.048516540E+0	1.115892450E+0	1.168963360E+0	81.873211200E-3	627.801781000E-3	NaN	NaN	NaN	NaN	NaN	NaN	NaN	NaN	NaN	NaN	NaN	NaN	NaN	NaN	NaN	NaN	NaN	NaN	NaN	NaN	NaN	NaN	NaN	NaN	NaN	NaN	NaN	NaN	NaN	NaN
89.084267500E-3	636.235348000E-3	858.471390000E-3	966.422814000E-3	1.051347020E+0	1.117409820E+0	1.170428720E+0	88.055220300E-3	633.210343000E-3	862.274602000E-3	968.909551000E-3	1.053198840E+0	1.119704240E+0	1.172566100E+0	91.183725800E-3	635.509446000E-3	858.089311000E-3	965.820136000E-3	1.051792900E+0	1.118809200E+0	1.171578670E+0	90.406223600E-3	635.631028000E-3	859.044569000E-3	966.000836000E-3	1.052002490E+0	1.119164270E+0	1.172431320E+0	83.685838400E-3	631.780253000E-3	NaN	NaN	NaN	NaN	NaN	NaN	NaN	NaN	NaN	NaN	NaN	NaN	NaN	NaN	NaN	NaN	NaN	NaN	NaN	NaN	NaN	NaN	NaN	NaN	NaN	NaN	NaN	NaN	NaN	NaN
44.765042000E-3	509.117711000E-3	712.736307000E-3	816.157489000E-3	903.924203000E-3	977.420862000E-3	1.037891990E+0	1.119001880E+0	1.155783690E+0	1.186371110E+0	48.288851600E-3	512.492376000E-3	650.307954000E-3	765.440364000E-3	918.246056000E-3	990.768597000E-3	1.049807250E+0	1.098466020E+0	1.139088110E+0	1.197979150E+0	50.961110100E-3	604.149376000E-3	728.141847000E-3	832.535580000E-3	918.940878000E-3	990.233491000E-3	1.083856020E+0	1.127188190E+0	1.162958450E+0	1.192871500E+0	NaN	NaN	NaN	NaN	NaN	NaN	NaN	NaN	NaN	NaN	NaN	NaN	NaN	NaN	NaN	NaN	NaN	NaN	NaN	NaN	NaN	NaN	NaN	NaN	NaN	NaN	NaN	NaN	NaN	NaN
125.413665000E-3	727.896679000E-3	957.599969000E-3	1.062037610E+0	1.141421280E+0	129.180856000E-3	728.485518000E-3	888.456380000E-3	1.010926420E+0	1.147697250E+0	120.093100000E-3	822.651888000E-3	959.663871000E-3	1.066879260E+0	1.147088850E+0	129.397555000E-3	730.270319000E-3	891.538012000E-3	1.069981210E+0	1.148076530E+0	117.261310000E-3	820.691679000E-3	962.049464000E-3	1.068512800E+0	1.146544140E+0	119.190913000E-3	727.092711000E-3	960.328404000E-3	1.065794880E+0	1.144472560E+0	NaN	NaN	NaN	NaN	NaN	NaN	NaN	NaN	NaN	NaN	NaN	NaN	NaN	NaN	NaN	NaN	NaN	NaN	NaN	NaN	NaN	NaN	NaN	NaN	NaN	NaN	NaN	NaN	NaN	NaN
85.960852700E-3	621.049100000E-3	850.689787000E-3	958.295973000E-3	1.043996850E+0	1.110834570E+0	1.164131420E+0	79.376568000E-3	618.482871000E-3	842.197928000E-3	951.100093000E-3	1.037443790E+0	1.105058980E+0	1.159676990E+0	85.420737800E-3	624.213142000E-3	848.749834000E-3	956.814125000E-3	1.041789220E+0	1.109082670E+0	1.162847110E+0	84.736338000E-3	627.018886000E-3	850.139903000E-3	960.083996000E-3	1.047019300E+0	1.113545130E+0	1.167206110E+0	90.044383400E-3	631.504390000E-3	NaN	NaN	NaN	NaN	NaN	NaN	NaN	NaN	NaN	NaN	NaN	NaN	NaN	NaN	NaN	NaN	NaN	NaN	NaN	NaN	NaN	NaN	NaN	NaN	NaN	NaN	NaN	NaN	NaN	NaN
162.532572000E-3	841.788326000E-3	1.077107590E+0	1.172993170E+0	162.968133000E-3	935.652081000E-3	1.074761540E+0	1.173288030E+0	163.606253000E-3	836.632814000E-3	1.000446450E+0	1.169240070E+0	174.533785000E-3	942.389187000E-3	1.076327680E+0	1.171788240E+0	160.052491000E-3	833.640228000E-3	999.194205000E-3	1.118453960E+0	157.690576000E-3	834.713128000E-3	1.067641890E+0	1.165714440E+0	157.466798000E-3	933.156326000E-3	1.069694300E+0	1.167192090E+0	164.672327000E-3	837.836481000E-3	NaN	NaN	NaN	NaN	NaN	NaN	NaN	NaN	NaN	NaN	NaN	NaN	NaN	NaN	NaN	NaN	NaN	NaN	NaN	NaN	NaN	NaN	NaN	NaN	NaN	NaN	NaN	NaN	NaN	NaN
177.357490000E-3	866.201220000E-3	1.096649540E+0	1.191598450E+0	186.155056000E-3	967.775864000E-3	1.101473760E+0	1.195237200E+0	173.901731000E-3	863.939828000E-3	1.028255770E+0	1.195935610E+0	173.803226000E-3	968.350867000E-3	1.103383660E+0	1.197163530E+0	169.865609000E-3	862.954525000E-3	1.029471770E+0	1.144974950E+0	169.275947000E-3	863.287399000E-3	1.095114780E+0	1.190886840E+0	169.406075000E-3	963.355320000E-3	1.101841240E+0	1.197867530E+0	177.489841000E-3	867.900565000E-3	NaN	NaN	NaN	NaN	NaN	NaN	NaN	NaN	NaN	NaN	NaN	NaN	NaN	NaN	NaN	NaN	NaN	NaN	NaN	NaN	NaN	NaN	NaN	NaN	NaN	NaN	NaN	NaN	NaN	NaN
117.314319000E-3	717.934160000E-3	948.746470000E-3	1.054798500E+0	1.134964350E+0	1.197003400E+0	120.900751000E-3	721.540737000E-3	881.885752000E-3	1.060337370E+0	1.139819770E+0	112.285582000E-3	813.640258000E-3	952.411131000E-3	1.059723080E+0	1.140677650E+0	113.682151000E-3	719.640622000E-3	961.947722000E-3	1.066534160E+0	1.144924000E+0	115.211571000E-3	722.488276000E-3	884.580830000E-3	1.007820060E+0	1.146004130E+0	116.642441000E-3	824.679627000E-3	964.563038000E-3	1.073335440E+0	NaN	NaN	NaN	NaN	NaN	NaN	NaN	NaN	NaN	NaN	NaN	NaN	NaN	NaN	NaN	NaN	NaN	NaN	NaN	NaN	NaN	NaN	NaN	NaN	NaN	NaN	NaN	NaN	NaN	NaN
209.442649000E-3	950.524074000E-3	1.175522230E+0	206.472559000E-3	1.050322120E+0	1.176212180E+0	222.765316000E-3	1.052478720E+0	1.177653040E+0	209.484573000E-3	949.177552000E-3	1.111127820E+0	209.500908000E-3	949.707360000E-3	1.110235810E+0	212.320724000E-3	951.399651000E-3	1.174347910E+0	213.943793000E-3	1.053861280E+0	1.178965220E+0	222.569306000E-3	1.053663550E+0	1.178690550E+0	214.898795000E-3	951.403057000E-3	1.111431010E+0	214.645616000E-3	951.741589000E-3	1.111252860E+0	NaN	NaN	NaN	NaN	NaN	NaN	NaN	NaN	NaN	NaN	NaN	NaN	NaN	NaN	NaN	NaN	NaN	NaN	NaN	NaN	NaN	NaN	NaN	NaN	NaN	NaN	NaN	NaN	NaN	NaN
162.646432000E-3	832.222831000E-3	1.065461760E+0	1.163671420E+0	170.965408000E-3	934.942025000E-3	1.072061050E+0	1.169852570E+0	164.424675000E-3	835.264076000E-3	1.002825660E+0	1.173259530E+0	162.612675000E-3	938.082895000E-3	1.073604150E+0	1.170793900E+0	161.852593000E-3	835.434132000E-3	1.000667240E+0	1.117819800E+0	159.311002000E-3	838.127419000E-3	1.075065800E+0	1.172620480E+0	162.881100000E-3	948.672241000E-3	1.082470610E+0	1.178012040E+0	164.145906000E-3	844.161739000E-3	NaN	NaN	NaN	NaN	NaN	NaN	NaN	NaN	NaN	NaN	NaN	NaN	NaN	NaN	NaN	NaN	NaN	NaN	NaN	NaN	NaN	NaN	NaN	NaN	NaN	NaN	NaN	NaN	NaN	NaN
262.389139000E-3	1.048800680E+0	253.148920000E-3	1.043542140E+0	264.342156000E-3	1.047643680E+0	254.999032000E-3	1.044640750E+0	259.516509000E-3	1.045753110E+0	254.607013000E-3	1.044373750E+0	261.733595000E-3	1.047020140E+0	257.824837000E-3	1.045001970E+0	256.934083000E-3	1.045797880E+0	260.326611000E-3	1.047063990E+0	256.739637000E-3	1.044798710E+0	260.620081000E-3	1.046954820E+0	254.003670000E-3	1.044767440E+0	260.445851000E-3	1.047361830E+0	253.917644000E-3	1.049300330E+0	NaN	NaN	NaN	NaN	NaN	NaN	NaN	NaN	NaN	NaN	NaN	NaN	NaN	NaN	NaN	NaN	NaN	NaN	NaN	NaN	NaN	NaN	NaN	NaN	NaN	NaN	NaN	NaN	NaN	NaN
203.584009000E-3	925.461588000E-3	1.158258460E+0	198.411535000E-3	1.034969280E+0	1.160509820E+0	208.559928000E-3	1.027377700E+0	1.156429440E+0	201.413748000E-3	926.724115000E-3	1.088843380E+0	1.198078900E+0	201.027173000E-3	929.820766000E-3	1.158036700E+0	197.139107000E-3	1.040450860E+0	1.166274270E+0	205.276248000E-3	1.032656920E+0	1.161402370E+0	202.388918000E-3	933.417490000E-3	1.098451130E+0	199.778180000E-3	934.596935000E-3	1.098455080E+0	216.295795000E-3	942.733233000E-3	NaN	NaN	NaN	NaN	NaN	NaN	NaN	NaN	NaN	NaN	NaN	NaN	NaN	NaN	NaN	NaN	NaN	NaN	NaN	NaN	NaN	NaN	NaN	NaN	NaN	NaN	NaN	NaN	NaN	NaN
313.612699000E-3	1.132294820E+0	301.948505000E-3	1.128447490E+0	308.417905000E-3	1.130255340E+0	304.396445000E-3	1.128416530E+0	307.026782000E-3	1.129438930E+0	305.259975000E-3	1.128695820E+0	306.730046000E-3	1.129596890E+0	308.557289000E-3	1.129665610E+0	303.911322000E-3	1.129199970E+0	311.924840000E-3	1.131071440E+0	307.242393000E-3	1.129384800E+0	303.304237000E-3	1.128337760E+0	305.349813000E-3	1.129903240E+0	308.832247000E-3	1.130197980E+0	302.110757000E-3	1.128182790E+0	NaN	NaN	NaN	NaN	NaN	NaN	NaN	NaN	NaN	NaN	NaN	NaN	NaN	NaN	NaN	NaN	NaN	NaN	NaN	NaN	NaN	NaN	NaN	NaN	NaN	NaN	NaN	NaN	NaN	NaN
333.459126000E-3	1.169554720E+0	330.144934000E-3	1.168339030E+0	328.522412000E-3	1.168238550E+0	331.882339000E-3	1.167920330E+0	331.383060000E-3	1.168203940E+0	331.441863000E-3	1.168813740E+0	329.278681000E-3	1.167189990E+0	332.559116000E-3	1.168818420E+0	326.072890000E-3	1.167573230E+0	348.379304000E-3	1.172941300E+0	326.418628000E-3	1.167241570E+0	331.628667000E-3	1.168971810E+0	329.833003000E-3	1.167328120E+0	329.406683000E-3	1.168267680E+0	326.939142000E-3	1.167142180E+0	NaN	NaN	NaN	NaN	NaN	NaN	NaN	NaN	NaN	NaN	NaN	NaN	NaN	NaN	NaN	NaN	NaN	NaN	NaN	NaN	NaN	NaN	NaN	NaN	NaN	NaN	NaN	NaN	NaN	NaN
347.305958000E-3	1.185487180E+0	336.884252000E-3	1.183341160E+0	344.463279000E-3	1.185148530E+0	340.567600000E-3	1.184142730E+0	341.837850000E-3	1.185010640E+0	342.505915000E-3	1.184408580E+0	339.964327000E-3	1.185026150E+0	346.626466000E-3	1.186515730E+0	336.843424000E-3	1.184459230E+0	341.680498000E-3	1.186081820E+0	341.923876000E-3	1.185995520E+0	344.810113000E-3	1.187182990E+0	341.165973000E-3	1.186001840E+0	344.931530000E-3	1.187502550E+0	341.653274000E-3	1.187142240E+0	NaN	NaN	NaN	NaN	NaN	NaN	NaN	NaN	NaN	NaN	NaN	NaN	NaN	NaN	NaN	NaN	NaN	NaN	NaN	NaN	NaN	NaN	NaN	NaN	NaN	NaN	NaN	NaN	NaN	NaN
376.906135000E-3	397.230668000E-3	380.349365000E-3	391.995586000E-3	1.071568610E+0	1.263370270E+0	1.360931190E+0	1.410402850E+0	1.435292220E+0	1.458556890E+0	1.459820070E+0	1.460690130E+0	1.461015180E+0	1.461497030E+0	1.468874610E+0	1.465565320E+0	1.463666750E+0	1.462900130E+0	1.462401400E+0	1.469391850E+0	1.465728110E+0	1.463825190E+0	1.463044420E+0	1.462664950E+0	1.469942890E+0	1.466257910E+0	1.464341920E+0	1.462972580E+0	1.462688360E+0	1.469340160E+0	NaN	NaN	NaN	NaN	NaN	NaN	NaN	NaN	NaN	NaN	NaN	NaN	NaN	NaN	NaN	NaN	NaN	NaN	NaN	NaN	NaN	NaN	NaN	NaN	NaN	NaN	NaN	NaN	NaN	NaN
1.487024000E+0	1.476252210E+0	1.470737820E+0	1.467076800E+0	1.465661730E+0	1.471245270E+0	1.467560290E+0	1.465574070E+0	1.464446470E+0	1.464068610E+0	1.470783560E+0	1.467251580E+0	1.465326330E+0	1.464658270E+0	1.464230320E+0	1.470851070E+0	1.467215100E+0	1.465685140E+0	1.464949560E+0	1.464491140E+0	1.471116250E+0	1.467276650E+0	1.465417290E+0	1.464514560E+0	1.464182970E+0	1.470685580E+0	1.467202600E+0	1.465537070E+0	1.464457930E+0	1.464135060E+0	NaN	NaN	NaN	NaN	NaN	NaN	NaN	NaN	NaN	NaN	NaN	NaN	NaN	NaN	NaN	NaN	NaN	NaN	NaN	NaN	NaN	NaN	NaN	NaN	NaN	NaN	NaN	NaN	NaN	NaN
1.489322350E+0	1.476048720E+0	1.468829600E+0	1.464780920E+0	1.462614480E+0	1.468763720E+0	1.464921940E+0	1.462494690E+0	1.461232070E+0	1.461143860E+0	1.467975870E+0	1.464444980E+0	1.462626450E+0	1.462104850E+0	1.461438420E+0	1.468980960E+0	1.465097800E+0	1.463187800E+0	1.461882710E+0	1.461292500E+0	1.468641210E+0	1.464826110E+0	1.462779450E+0	1.461433520E+0	1.460783970E+0	1.467664430E+0	1.463780190E+0	1.462124450E+0	1.461419360E+0	1.461560930E+0	NaN	NaN	NaN	NaN	NaN	NaN	NaN	NaN	NaN	NaN	NaN	NaN	NaN	NaN	NaN	NaN	NaN	NaN	NaN	NaN	NaN	NaN	NaN	NaN	NaN	NaN	NaN	NaN	NaN	NaN
1.487190780E+0	1.477051670E+0	1.472592460E+0	1.470531100E+0	1.469694790E+0	1.475307730E+0	1.472159600E+0	1.470384630E+0	1.469383350E+0	1.469368650E+0	1.475462360E+0	1.472033290E+0	1.470415670E+0	1.469670290E+0	1.469357760E+0	1.475333320E+0	1.471938010E+0	1.470258860E+0	1.469717660E+0	1.469602770E+0	1.475536950E+0	1.473136380E+0	1.471473030E+0	1.470371570E+0	1.470038890E+0	1.475902830E+0	1.472108420E+0	1.470573020E+0	1.469916390E+0	1.469575010E+0	NaN	NaN	NaN	NaN	NaN	NaN	NaN	NaN	NaN	NaN	NaN	NaN	NaN	NaN	NaN	NaN	NaN	NaN	NaN	NaN	NaN	NaN	NaN	NaN	NaN	NaN	NaN	NaN	NaN	NaN
1.488687810E+0	1.477582810E+0	1.472152820E+0	1.469637910E+0	1.468491800E+0	1.474551750E+0	1.470934840E+0	1.469165860E+0	1.468231000E+0	1.467925560E+0	1.474189680E+0	1.470500350E+0	1.469005780E+0	1.468162400E+0	1.467609220E+0	1.474161910E+0	1.470494360E+0	1.469090720E+0	1.468401420E+0	1.468152060E+0	1.474229970E+0	1.470512880E+0	1.468980740E+0	1.468528830E+0	1.468015940E+0	1.474453200E+0	1.470933210E+0	1.469221390E+0	1.468593620E+0	1.468190170E+0	NaN	NaN	NaN	NaN	NaN	NaN	NaN	NaN	NaN	NaN	NaN	NaN	NaN	NaN	NaN	NaN	NaN	NaN	NaN	NaN	NaN	NaN	NaN	NaN	NaN	NaN	NaN	NaN	NaN	NaN
1.487091920E+0	1.478609620E+0	1.475312860E+0	1.473966930E+0	1.473783440E+0	1.478868790E+0	1.475208860E+0	1.474001230E+0	1.473646780E+0	1.473437700E+0	1.478900370E+0	1.475344440E+0	1.474032810E+0	1.473721920E+0	1.474637170E+0	1.479418160E+0	1.475450610E+0	1.474007760E+0	1.473586890E+0	1.473319010E+0	1.478072780E+0	1.474858230E+0	1.474123740E+0	1.473874370E+0	1.473522100E+0	1.479062080E+0	1.475513770E+0	1.474190710E+0	1.473381080E+0	1.473335340E+0	NaN	NaN	NaN	NaN	NaN	NaN	NaN	NaN	NaN	NaN	NaN	NaN	NaN	NaN	NaN	NaN	NaN	NaN	NaN	NaN	NaN	NaN	NaN	NaN	NaN	NaN	NaN	NaN	NaN	NaN
1.488679390E+0	1.478128110E+0	1.473587780E+0	1.471804100E+0	1.470937850E+0	1.476683090E+0	1.473106470E+0	1.471606460E+0	1.471010260E+0	1.470763070E+0	1.476562220E+0	1.473328610E+0	1.471840040E+0	1.471053820E+0	1.470656900E+0	1.476606870E+0	1.473372170E+0	1.471869440E+0	1.470780500E+0	1.470318790E+0	1.476470750E+0	1.473089590E+0	1.471639670E+0	1.470874150E+0	1.470704270E+0	1.476554600E+0	1.473061280E+0	1.471567800E+0	1.471005910E+0	1.470649280E+0	NaN	NaN	NaN	NaN	NaN	NaN	NaN	NaN	NaN	NaN	NaN	NaN	NaN	NaN	NaN	NaN	NaN	NaN	NaN	NaN	NaN	NaN	NaN	NaN	NaN	NaN	NaN	NaN	NaN	NaN
1.486115400E+0	1.478912060E+0	1.476394980E+0	1.475633810E+0	1.475551600E+0	1.480156720E+0	1.476934000E+0	1.476103690E+0	1.475880460E+0	1.475570110E+0	1.480325510E+0	1.477022750E+0	1.475858680E+0	1.475553230E+0	1.475306040E+0	1.480070690E+0	1.477242720E+0	1.476111860E+0	1.475599510E+0	1.475591890E+0	1.480179040E+0	1.477046170E+0	1.476055770E+0	1.475700780E+0	1.475590250E+0	1.480165980E+0	1.476981370E+0	1.476010040E+0	1.475543430E+0	1.475490070E+0	NaN	NaN	NaN	NaN	NaN	NaN	NaN	NaN	NaN	NaN	NaN	NaN	NaN	NaN	NaN	NaN	NaN	NaN	NaN	NaN	NaN	NaN	NaN	NaN	NaN	NaN	NaN	NaN	NaN	NaN
1.487496880E+0	1.479889010E+0	1.477416580E+0	1.476397870E+0	1.476196420E+0	1.480768330E+0	1.477638180E+0	1.476437080E+0	1.476078270E+0	1.476085350E+0	1.480812980E+0	1.477581010E+0	1.476521470E+0	1.476199690E+0	1.475919830E+0	1.480398090E+0	1.477469940E+0	1.476472470E+0	1.476247600E+0	1.476096780E+0	1.481074320E+0	1.477860860E+0	1.476659220E+0	1.476284630E+0	1.476087530E+0	1.480760160E+0	1.477587540E+0	1.476539440E+0	1.476124550E+0	1.476026550E+0	NaN	NaN	NaN	NaN	NaN	NaN	NaN	NaN	NaN	NaN	NaN	NaN	NaN	NaN	NaN	NaN	NaN	NaN	NaN	NaN	NaN	NaN	NaN	NaN	NaN	NaN	NaN	NaN	NaN	NaN
1.486953330E+0	1.479998820E+0	1.477845450E+0	1.476988450E+0	1.476485360E+0	1.481122060E+0	1.477942360E+0	1.476727650E+0	1.476403690E+0	1.476440710E+0	1.480762170E+0	1.478058880E+0	1.477206240E+0	1.476849610E+0	1.476739630E+0	1.481555460E+0	1.478370320E+0	1.477095170E+0	1.476837630E+0	1.476594800E+0	1.481252740E+0	1.478236920E+0	1.477268310E+0	1.477252520E+0	1.476955240E+0	1.481328420E+0	1.478001160E+0	1.477101700E+0	1.476941080E+0	1.476616030E+0	NaN	NaN	NaN	NaN	NaN	NaN	NaN	NaN	NaN	NaN	NaN	NaN	NaN	NaN	NaN	NaN	NaN	NaN	NaN	NaN	NaN	NaN	NaN	NaN	NaN	NaN	NaN	NaN	NaN	NaN
1.486623980E+0	1.480412130E+0	1.478483080E+0	1.477942960E+0	1.477823730E+0	1.482112510E+0	1.479278000E+0	1.478314290E+0	1.478050220E+0	1.478006120E+0	1.482443550E+0	1.479174010E+0	1.478579990E+0	1.478149860E+0	1.478194510E+0	1.482410340E+0	1.479193610E+0	1.478127000E+0	1.477906490E+0	1.478041510E+0	1.482036830E+0	1.479261670E+0	1.478411210E+0	1.478323000E+0	1.478133530E+0	1.482371130E+0	1.479174010E+0	1.478260390E+0	1.478099770E+0	1.478257670E+0	NaN	NaN	NaN	NaN	NaN	NaN	NaN	NaN	NaN	NaN	NaN	NaN	NaN	NaN	NaN	NaN	NaN	NaN	NaN	NaN	NaN	NaN	NaN	NaN	NaN	NaN	NaN	NaN	NaN	NaN
1.486685080E+0	1.481134760E+0	1.479548720E+0	1.479012420E+0	1.478953610E+0	1.482958190E+0	1.480037650E+0	1.479042910E+0	1.478930200E+0	1.478864870E+0	1.482899930E+0	1.479918960E+0	1.479039100E+0	1.478926390E+0	1.478660690E+0	1.484366190E+0	1.480540200E+0	1.479460520E+0	1.479139820E+0	1.479071220E+0	1.483080690E+0	1.479924950E+0	1.479110420E+0	1.479175760E+0	1.478967770E+0	1.482881420E+0	1.480269600E+0	1.479414780E+0	1.479185010E+0	1.479089730E+0	NaN	NaN	NaN	NaN	NaN	NaN	NaN	NaN	NaN	NaN	NaN	NaN	NaN	NaN	NaN	NaN	NaN	NaN	NaN	NaN	NaN	NaN	NaN	NaN	NaN	NaN	NaN	NaN	NaN	NaN
1.486572090E+0	1.481579300E+0	1.480538820E+0	1.480242630E+0	1.480059150E+0	1.483733770E+0	1.480919950E+0	1.480275300E+0	1.480077660E+0	1.479943720E+0	1.483586220E+0	1.481083840E+0	1.480420130E+0	1.480071670E+0	1.480101070E+0	1.483848110E+0	1.481084380E+0	1.480482740E+0	1.480331380E+0	1.480192540E+0	1.483870980E+0	1.481061510E+0	1.480151160E+0	1.480313410E+0	1.480277480E+0	1.483709270E+0	1.480961330E+0	1.480339000E+0	1.480106510E+0	1.480135370E+0	NaN	NaN	NaN	NaN	NaN	NaN	NaN	NaN	NaN	NaN	NaN	NaN	NaN	NaN	NaN	NaN	NaN	NaN	NaN	NaN	NaN	NaN	NaN	NaN	NaN	NaN	NaN	NaN	NaN	NaN
1.486014500E+0	1.481984880E+0	1.481290680E+0	1.480721710E+0	1.480675430E+0	1.483977640E+0	1.481448570E+0	1.480677610E+0	1.480609000E+0	1.480677060E+0	1.483953130E+0	1.481201380E+0	1.480840400E+0	1.480629150E+0	1.480528420E+0	1.483789790E+0	1.481190500E+0	1.480506640E+0	1.480496300E+0	1.480543120E+0	1.483741340E+0	1.481409920E+0	1.480856190E+0	1.480772890E+0	1.480652020E+0	1.484038620E+0	1.481485600E+0	1.480867630E+0	1.480478870E+0	1.480434770E+0	NaN	NaN	NaN	NaN	NaN	NaN	NaN	NaN	NaN	NaN	NaN	NaN	NaN	NaN	NaN	NaN	NaN	NaN	NaN	NaN	NaN	NaN	NaN	NaN	NaN	NaN	NaN	NaN	NaN	NaN
1.485647840E+0	1.482388100E+0	1.481538730E+0	1.481277380E+0	1.481127110E+0	1.484019330E+0	1.481714050E+0	1.481256690E+0	1.481184820E+0	1.481048700E+0	1.483759620E+0	1.481712960E+0	1.481243080E+0	1.481306240E+0	1.482416960E+0	1.484613350E+0	1.481954160E+0	1.481498440E+0	1.481612770E+0	1.481450520E+0	1.484341660E+0	1.481814770E+0	1.481294800E+0	1.481192990E+0	1.481281740E+0	1.484403180E+0	1.481924210E+0	1.481515860E+0	1.481344350E+0	1.481242130E+0	NaN	NaN	NaN	NaN	NaN	NaN	NaN	NaN	NaN	NaN	NaN	NaN	NaN	NaN	NaN	NaN	NaN	NaN	NaN	NaN	NaN	NaN	NaN	NaN	NaN	NaN	NaN	NaN	NaN	NaN
1.485550030E+0	1.482570700E+0	1.481965250E+0	1.482124780E+0	1.482106810E+0	1.484868360E+0	1.482532040E+0	1.483208270E+0	1.482584850E+0	1.482014250E+0	1.484660370E+0	1.482257630E+0	1.481833490E+0	1.481697910E+0	1.481742010E+0	1.484109910E+0	1.482327860E+0	1.482143290E+0	1.481973410E+0	1.481997370E+0	1.484852570E+0	1.482648010E+0	1.482181400E+0	1.482242380E+0	1.482237480E+0	1.484842770E+0	1.482651820E+0	1.482248920E+0	1.482169970E+0	1.481989200E+0	NaN	NaN	NaN	NaN	NaN	NaN	NaN	NaN	NaN	NaN	NaN	NaN	NaN	NaN	NaN	NaN	NaN	NaN	NaN	NaN	NaN	NaN	NaN	NaN	NaN	NaN	NaN	NaN	NaN	NaN
1.485608950E+0	1.483213280E+0	1.482700390E+0	1.482519630E+0	1.482625800E+0	1.485126550E+0	1.483064100E+0	1.482818540E+0	1.482570810E+0	1.482484240E+0	1.484967560E+0	1.482980800E+0	1.482846860E+0	1.482790230E+0	1.482751030E+0	1.485185900E+0	1.483090780E+0	1.482745040E+0	1.482676440E+0	1.482844680E+0	1.485166840E+0	1.483059740E+0	1.482648670E+0	1.482752120E+0	1.482707470E+0	1.485052500E+0	1.482970450E+0	1.482766820E+0	1.482825080E+0	1.482769000E+0	NaN	NaN	NaN	NaN	NaN	NaN	NaN	NaN	NaN	NaN	NaN	NaN	NaN	NaN	NaN	NaN	NaN	NaN	NaN	NaN	NaN	NaN	NaN	NaN	NaN	NaN	NaN	NaN	NaN	NaN
1.485868350E+0	1.483587560E+0	1.483186290E+0	1.483263600E+0	1.483123130E+0	1.485465980E+0	1.483582660E+0	1.483411160E+0	1.483388290E+0	1.483431850E+0	1.485588490E+0	1.483575590E+0	1.483209160E+0	1.483157430E+0	1.483233660E+0	1.485460540E+0	1.483672500E+0	1.483279390E+0	1.483290280E+0	1.483113330E+0	1.485416980E+0	1.483417140E+0	1.483070860E+0	1.483093730E+0	1.483009340E+0	1.485566710E+0	1.483757440E+0	1.483185200E+0	1.483210250E+0	1.483217870E+0	NaN	NaN	NaN	NaN	NaN	NaN	NaN	NaN	NaN	NaN	NaN	NaN	NaN	NaN	NaN	NaN	NaN	NaN	NaN	NaN	NaN	NaN	NaN	NaN	NaN	NaN	NaN	NaN	NaN	NaN
1.485381560E+0	1.483875560E+0	1.483668120E+0	1.483732370E+0	1.483559220E+0	1.485376120E+0	1.483749240E+0	1.483484090E+0	1.483507500E+0	1.483596790E+0	1.485476850E+0	1.483968120E+0	1.483487900E+0	1.483472110E+0	1.483436720E+0	1.485380470E+0	1.483697520E+0	1.483560310E+0	1.484314400E+0	1.483923470E+0	1.485283560E+0	1.483753600E+0	1.483583730E+0	1.483558680E+0	1.483558130E+0	1.485482830E+0	1.483902240E+0	1.483767210E+0	1.483604410E+0	1.483545070E+0	NaN	NaN	NaN	NaN	NaN	NaN	NaN	NaN	NaN	NaN	NaN	NaN	NaN	NaN	NaN	NaN	NaN	NaN	NaN	NaN	NaN	NaN	NaN	NaN	NaN	NaN	NaN	NaN	NaN	NaN
1.484726740E+0	1.483820200E+0	1.483742880E+0	1.483950870E+0	1.483710760E+0	1.486156510E+0	1.484309670E+0	1.483912210E+0	1.483900780E+0	1.483722740E+0	1.485576110E+0	1.484098960E+0	1.483934530E+0	1.483806040E+0	1.483789160E+0	1.485650700E+0	1.483991700E+0	1.483716200E+0	1.483795690E+0	1.484022740E+0	1.485737270E+0	1.484003680E+0	1.483842520E+0	1.483744510E+0	1.483787530E+0	1.485527650E+0	1.484049960E+0	1.483988440E+0	1.483949230E+0	1.483754860E+0	NaN	NaN	NaN	NaN	NaN	NaN	NaN	NaN	NaN	NaN	NaN	NaN	NaN	NaN	NaN	NaN	NaN	NaN	NaN	NaN	NaN	NaN	NaN	NaN	NaN	NaN	NaN	NaN	NaN	NaN
1.485095690E+0	1.484269180E+0	1.484103660E+0	1.484025260E+0	1.484208750E+0	1.485676630E+0	1.484307290E+0	1.483913640E+0	1.483949030E+0	1.484059990E+0	1.485494670E+0	1.484117710E+0	1.484242930E+0	1.483952730E+0	1.483969070E+0	1.485593760E+0	1.484191210E+0	1.484236400E+0	1.483948380E+0	1.483886850E+0	1.485487050E+0	1.484308270E+0	1.484103550E+0	1.484093200E+0	1.484073060E+0	1.485748390E+0	1.484312080E+0	1.484293570E+0	1.484044200E+0	1.484103550E+0	NaN	NaN	NaN	NaN	NaN	NaN	NaN	NaN	NaN	NaN	NaN	NaN	NaN	NaN	NaN	NaN	NaN	NaN	NaN	NaN	NaN	NaN	NaN	NaN	NaN	NaN	NaN	NaN	NaN	NaN
1.484480230E+0	1.484170430E+0	1.484264620E+0	1.484278240E+0	1.484055550E+0	1.485015990E+0	1.484384950E+0	1.484327240E+0	1.484396390E+0	1.484343030E+0	1.485678070E+0	1.484533050E+0	1.484310900E+0	1.484200380E+0	1.484212360E+0	1.486422360E+0	1.484757910E+0	1.484367530E+0	1.484331590E+0	1.484382230E+0	1.485694400E+0	1.484385500E+0	1.484466080E+0	1.484341940E+0	1.484202300E+0	1.485860210E+0	1.484466910E+0	1.484301390E+0	1.484453300E+0	1.484334600E+0	NaN	NaN	NaN	NaN	NaN	NaN	NaN	NaN	NaN	NaN	NaN	NaN	NaN	NaN	NaN	NaN	NaN	NaN	NaN	NaN	NaN	NaN	NaN	NaN	NaN	NaN	NaN	NaN	NaN	NaN
1.484701980E+0	1.484563680E+0	1.484481470E+0	1.484404700E+0	1.484352430E+0	1.485476760E+0	1.484528290E+0	1.484463500E+0	1.484342080E+0	1.484327380E+0	1.485567140E+0	1.484464050E+0	1.484353520E+0	1.484348620E+0	1.484255940E+0	1.485797880E+0	1.484424180E+0	1.484382800E+0	1.484331620E+0	1.484167740E+0	1.485625280E+0	1.484461750E+0	1.484289160E+0	1.484223280E+0	1.484477540E+0	1.485658500E+0	1.484418740E+0	1.484359940E+0	1.484284800E+0	1.484377360E+0	NaN	NaN	NaN	NaN	NaN	NaN	NaN	NaN	NaN	NaN	NaN	NaN	NaN	NaN	NaN	NaN	NaN	NaN	NaN	NaN	NaN	NaN	NaN	NaN	NaN	NaN	NaN	NaN	NaN	NaN
1.484434470E+0	1.484368590E+0	1.484422490E+0	1.484494900E+0	1.484474760E+0	1.485453170E+0	1.484409970E+0	1.485116140E+0	1.484609240E+0	1.484440460E+0	1.485570780E+0	1.484478030E+0	1.484267860E+0	1.484600530E+0	1.484512330E+0	1.485380760E+0	1.484328840E+0	1.484325570E+0	1.484388190E+0	1.484161150E+0	1.485266420E+0	1.484505250E+0	1.484448080E+0	1.484298350E+0	1.484229200E+0	1.485344820E+0	1.484528660E+0	1.484345720E+0	1.484356070E+0	1.484312510E+0	NaN	NaN	NaN	NaN	NaN	NaN	NaN	NaN	NaN	NaN	NaN	NaN	NaN	NaN	NaN	NaN	NaN	NaN	NaN	NaN	NaN	NaN	NaN	NaN	NaN	NaN	NaN	NaN	NaN	NaN
1.483768270E+0	1.484374260E+0	1.484287150E+0	1.484441230E+0	1.484404750E+0	1.485390790E+0	1.484421090E+0	1.484262650E+0	1.484388960E+0	1.484364460E+0	1.485121820E+0	1.484338330E+0	1.484334520E+0	1.484182610E+0	1.484403670E+0	1.485272640E+0	1.484393870E+0	1.484220180E+0	1.484225620E+0	1.484440150E+0	1.485193690E+0	1.484295320E+0	1.484362830E+0	1.484314920E+0	1.484296950E+0	1.485164830E+0	1.484319270E+0	1.484370450E+0	1.484263740E+0	1.484444500E+0	NaN	NaN	NaN	NaN	NaN	NaN	NaN	NaN	NaN	NaN	NaN	NaN	NaN	NaN	NaN	NaN	NaN	NaN	NaN	NaN	NaN	NaN	NaN	NaN	NaN	NaN	NaN	NaN	NaN	NaN
1.483734280E+0	1.484273310E+0	1.484187830E+0	1.484186190E+0	1.484338100E+0	1.485770600E+0	1.484412690E+0	1.484232470E+0	1.484186740E+0	1.484256970E+0	1.485097090E+0	1.484280930E+0	1.484182380E+0	1.484276570E+0	1.484274400E+0	1.484906530E+0	1.484360970E+0	1.484180200E+0	1.484259150E+0	1.484093090E+0	1.484791640E+0	1.484202530E+0	1.484371310E+0	1.484277120E+0	1.484218860E+0	1.484925040E+0	1.484229210E+0	1.484227030E+0	1.484127390E+0	1.484096360E+0	NaN	NaN	NaN	NaN	NaN	NaN	NaN	NaN	NaN	NaN	NaN	NaN	NaN	NaN	NaN	NaN	NaN	NaN	NaN	NaN	NaN	NaN	NaN	NaN	NaN	NaN	NaN	NaN	NaN	NaN
1.483666910E+0	1.484213010E+0	1.484077990E+0	1.484135700E+0	1.484155300E+0	1.484694870E+0	1.484001760E+0	1.484056210E+0	1.484046410E+0	1.484079620E+0	1.484713920E+0	1.484146040E+0	1.484023540E+0	1.484052400E+0	1.484087240E+0	1.484781980E+0	1.484107390E+0	1.484173810E+0	1.484073090E+0	1.484174900E+0	1.484775450E+0	1.484065460E+0	1.484039330E+0	1.484122630E+0	1.483988690E+0	1.484805400E+0	1.484055660E+0	1.484063830E+0	1.484082890E+0	1.484030070E+0	NaN	NaN	NaN	NaN	NaN	NaN	NaN	NaN	NaN	NaN	NaN	NaN	NaN	NaN	NaN	NaN	NaN	NaN	NaN	NaN	NaN	NaN	NaN	NaN	NaN	NaN	NaN	NaN	NaN	NaN
1.483108860E+0	1.483932100E+0	1.483968030E+0	1.483844980E+0	1.483853150E+0	1.484442260E+0	1.483836270E+0	1.483873290E+0	1.483953330E+0	1.483919030E+0	1.484560960E+0	1.483834640E+0	1.483872750E+0	1.483924470E+0	1.483910860E+0	1.484318670E+0	1.483987630E+0	1.483878740E+0	1.483799250E+0	1.483798700E+0	1.484364950E+0	1.483901060E+0	1.484036090E+0	1.483851510E+0	1.483797070E+0	1.484336640E+0	1.483806320E+0	1.483756780E+0	1.483756780E+0	1.483895070E+0	NaN	NaN	NaN	NaN	NaN	NaN	NaN	NaN	NaN	NaN	NaN	NaN	NaN	NaN	NaN	NaN	NaN	NaN	NaN	NaN	NaN	NaN	NaN	NaN	NaN	NaN	NaN	NaN	NaN	NaN
1.482890210E+0	1.483727060E+0	1.483718350E+0	1.483625250E+0	1.483585500E+0	1.484010730E+0	1.483694390E+0	1.483631780E+0	1.483501110E+0	1.483674250E+0	1.484060280E+0	1.483632870E+0	1.483606730E+0	1.483594210E+0	1.483615990E+0	1.484150110E+0	1.483557730E+0	1.483639400E+0	1.483620350E+0	1.483551200E+0	1.484069530E+0	1.483813630E+0	1.483812000E+0	1.483643760E+0	1.483583870E+0	1.484597120E+0	1.483613810E+0	1.483617620E+0	1.483536500E+0	1.483531600E+0	NaN	NaN	NaN	NaN	NaN	NaN	NaN	NaN	NaN	NaN	NaN	NaN	NaN	NaN	NaN	NaN	NaN	NaN	NaN	NaN	NaN	NaN	NaN	NaN	NaN	NaN	NaN	NaN	NaN	NaN
1.482535300E+0	1.483465800E+0	1.483526240E+0	1.483527870E+0	1.483587760E+0	1.483875790E+0	1.483549110E+0	1.483551280E+0	1.483448920E+0	1.483447830E+0	1.483847480E+0	1.483440210E+0	1.483466890E+0	1.483632950E+0	1.483534950E+0	1.483791940E+0	1.483408630E+0	1.483497380E+0	1.483508820E+0	1.483437490E+0	1.483985230E+0	1.483580690E+0	1.483553460E+0	1.483583410E+0	1.483412440E+0	1.483875240E+0	1.483482140E+0	1.483497380E+0	1.483404280E+0	1.483568710E+0	NaN	NaN	NaN	NaN	NaN	NaN	NaN	NaN	NaN	NaN	NaN	NaN	NaN	NaN	NaN	NaN	NaN	NaN	NaN	NaN	NaN	NaN	NaN	NaN	NaN	NaN	NaN	NaN	NaN	NaN
1.482124770E+0	1.483184860E+0	1.483215350E+0	1.483106450E+0	1.483164170E+0	1.483490300E+0	1.483052550E+0	1.483046020E+0	1.482983950E+0	1.483063440E+0	1.483350370E+0	1.483028590E+0	1.483053090E+0	1.483036220E+0	1.482999740E+0	1.483436950E+0	1.483228960E+0	1.483087940E+0	1.483079230E+0	1.483056360E+0	1.483435310E+0	1.483069970E+0	1.483062900E+0	1.483138580E+0	1.483174510E+0	1.483628050E+0	1.483216980E+0	1.483145650E+0	1.483097740E+0	1.483176690E+0	NaN	NaN	NaN	NaN	NaN	NaN	NaN	NaN	NaN	NaN	NaN	NaN	NaN	NaN	NaN	NaN	NaN	NaN	NaN	NaN	NaN	NaN	NaN	NaN	NaN	NaN	NaN	NaN	NaN	NaN
1.481937560E+0	1.482858260E+0	1.482786940E+0	1.482820150E+0	1.482776560E+0	1.483230650E+0	1.482819030E+0	1.482742800E+0	1.482761860E+0	1.482878380E+0	1.483195800E+0	1.482820120E+0	1.482802700E+0	1.482783640E+0	1.482826110E+0	1.482963310E+0	1.482901790E+0	1.482856050E+0	1.482790170E+0	1.482817400E+0	1.483048250E+0	1.482823390E+0	1.482923570E+0	1.482789630E+0	1.482891990E+0	1.483145170E+0	1.482869120E+0	1.482731370E+0	1.482856050E+0	1.482838090E+0	NaN	NaN	NaN	NaN	NaN	NaN	NaN	NaN	NaN	NaN	NaN	NaN	NaN	NaN	NaN	NaN	NaN	NaN	NaN	NaN	NaN	NaN	NaN	NaN	NaN	NaN	NaN	NaN	NaN	NaN
1.481512620E+0	1.482436580E+0	1.482384310E+0	1.482373430E+0	1.482620070E+0	1.482659820E+0	1.482412630E+0	1.482400650E+0	1.482415890E+0	1.482311900E+0	1.483220620E+0	1.482471970E+0	1.482481230E+0	1.482564530E+0	1.482486130E+0	1.482788310E+0	1.482485040E+0	1.482394660E+0	1.482377240E+0	1.482536770E+0	1.482679420E+0	1.482383230E+0	1.482342390E+0	1.482383770E+0	1.482426240E+0	1.482660360E+0	1.482515530E+0	1.482485040E+0	1.482445840E+0	1.482439850E+0	NaN	NaN	NaN	NaN	NaN	NaN	NaN	NaN	NaN	NaN	NaN	NaN	NaN	NaN	NaN	NaN	NaN	NaN	NaN	NaN	NaN	NaN	NaN	NaN	NaN	NaN	NaN	NaN	NaN	NaN
1.481115960E+0	1.482197820E+0	1.482246280E+0	1.482222320E+0	1.482303990E+0	1.482452630E+0	1.482205990E+0	1.482171680E+0	1.482098730E+0	1.482180400E+0	1.482349180E+0	1.482150990E+0	1.482098180E+0	1.482208710E+0	1.482163520E+0	1.482318690E+0	1.482136290E+0	1.482118330E+0	1.482290380E+0	1.482252810E+0	1.482407440E+0	1.482236480E+0	1.482245730E+0	1.482276770E+0	1.482214150E+0	1.482457530E+0	1.482239200E+0	1.482219050E+0	1.482170050E+0	1.482400360E+0	NaN	NaN	NaN	NaN	NaN	NaN	NaN	NaN	NaN	NaN	NaN	NaN	NaN	NaN	NaN	NaN	NaN	NaN	NaN	NaN	NaN	NaN	NaN	NaN	NaN	NaN	NaN	NaN	NaN	NaN
1.480109980E+0	1.481687310E+0	1.481583860E+0	1.481586580E+0	1.481605640E+0	1.481479860E+0	1.481732500E+0	1.481720520E+0	1.481685670E+0	1.481674240E+0	1.481801100E+0	1.481643210E+0	1.481673150E+0	1.481810900E+0	1.481647560E+0	1.481870790E+0	1.481683500E+0	1.481620880E+0	1.481605640E+0	1.481673700E+0	1.481827240E+0	1.481709630E+0	1.481631230E+0	1.481639940E+0	1.481619590E+0	1.481905440E+0	1.481607070E+0	1.481672410E+0	1.481648450E+0	1.481637560E+0	NaN	NaN	NaN	NaN	NaN	NaN	NaN	NaN	NaN	NaN	NaN	NaN	NaN	NaN	NaN	NaN	NaN	NaN	NaN	NaN	NaN	NaN	NaN	NaN	NaN	NaN	NaN	NaN	NaN	NaN
1.480129350E+0	1.481332080E+0	1.481459490E+0	1.481322280E+0	1.481290160E+0	1.481376190E+0	1.481298870E+0	1.481301050E+0	1.481249870E+0	1.481257490E+0	1.481501960E+0	1.481263480E+0	1.481289620E+0	1.481305410E+0	1.481305410E+0	1.481427370E+0	1.481326640E+0	1.481293970E+0	1.481333170E+0	1.481282970E+0	1.481643410E+0	1.481205650E+0	1.481247580E+0	1.481250300E+0	1.481242130E+0	1.481378790E+0	1.481342860E+0	1.481238320E+0	1.481349390E+0	1.481306920E+0	NaN	NaN	NaN	NaN	NaN	NaN	NaN	NaN	NaN	NaN	NaN	NaN	NaN	NaN	NaN	NaN	NaN	NaN	NaN	NaN	NaN	NaN	NaN	NaN	NaN	NaN	NaN	NaN	NaN	NaN
1.479997680E+0	1.480885710E+0	1.480917290E+0	1.480961930E+0	1.480870460E+0	1.480946140E+0	1.480906940E+0	1.480941240E+0	1.481026180E+0	1.480871550E+0	1.481090430E+0	1.480918920E+0	1.480957580E+0	1.480922190E+0	1.480986430E+0	1.481161750E+0	1.480945050E+0	1.480926540E+0	1.480886250E+0	1.480998410E+0	1.481052860E+0	1.480983710E+0	1.480935250E+0	1.481036520E+0	1.480975000E+0	1.481120920E+0	1.480897680E+0	1.480928170E+0	1.480847050E+0	1.481034890E+0	NaN	NaN	NaN	NaN	NaN	NaN	NaN	NaN	NaN	NaN	NaN	NaN	NaN	NaN	NaN	NaN	NaN	NaN	NaN	NaN	NaN	NaN	NaN	NaN	NaN	NaN	NaN	NaN	NaN	NaN
1.479461290E+0	1.480446780E+0	1.480446780E+0	1.480440240E+0	1.480456030E+0	1.480548590E+0	1.480442970E+0	1.480475090E+0	1.480508300E+0	1.480399410E+0	1.480539340E+0	1.480364020E+0	1.480413020E+0	1.480454950E+0	1.480415740E+0	1.480587250E+0	1.480464200E+0	1.480508300E+0	1.480423370E+0	1.480453860E+0	1.480683620E+0	1.480483800E+0	1.480506670E+0	1.480471280E+0	1.480566020E+0	1.480582900E+0	1.480428810E+0	1.480463660E+0	1.480407580E+0	1.480432080E+0	NaN	NaN	NaN	NaN	NaN	NaN	NaN	NaN	NaN	NaN	NaN	NaN	NaN	NaN	NaN	NaN	NaN	NaN	NaN	NaN	NaN	NaN	NaN	NaN	NaN	NaN	NaN	NaN	NaN	NaN
1.478962100E+0	1.479957930E+0	1.479993870E+0	1.480002030E+0	1.480061920E+0	1.480109840E+0	1.480071730E+0	1.480081530E+0	1.480037420E+0	1.480034160E+0	1.480125630E+0	1.480071730E+0	1.480108200E+0	1.480212740E+0	1.480113100E+0	1.480108200E+0	1.479871360E+0	1.479999310E+0	1.479991140E+0	1.479991690E+0	1.480213830E+0	1.480013470E+0	1.480063010E+0	1.480138150E+0	1.480085340E+0	1.480169730E+0	1.480055940E+0	1.480083160E+0	1.480069550E+0	1.480025450E+0	NaN	NaN	NaN	NaN	NaN	NaN	NaN	NaN	NaN	NaN	NaN	NaN	NaN	NaN	NaN	NaN	NaN	NaN	NaN	NaN	NaN	NaN	NaN	NaN	NaN	NaN	NaN	NaN	NaN	NaN
1.478763370E+0	1.479632340E+0	1.479778260E+0	1.479713460E+0	1.479665380E+0	1.479869560E+0	1.479659390E+0	1.479641420E+0	1.479688250E+0	1.479681710E+0	1.479779720E+0	1.479698590E+0	1.479578260E+0	1.479701310E+0	1.479732350E+0	1.479801500E+0	1.479712200E+0	1.479727450E+0	1.479736160E+0	1.479684440E+0	1.479727990E+0	1.479712200E+0	1.479694240E+0	1.479663750E+0	1.479694240E+0	1.479759570E+0	1.479705130E+0	1.479614740E+0	1.479773730E+0	1.479686610E+0	NaN	NaN	NaN	NaN	NaN	NaN	NaN	NaN	NaN	NaN	NaN	NaN	NaN	NaN	NaN	NaN	NaN	NaN	NaN	NaN	NaN	NaN	NaN	NaN	NaN	NaN	NaN	NaN	NaN	NaN
1.478369000E+0	1.479252130E+0	1.479210750E+0	1.479184610E+0	1.479219460E+0	1.479165010E+0	1.479202580E+0	1.479272820E+0	1.479179170E+0	1.479200950E+0	1.479203670E+0	1.479239600E+0	1.479244510E+0	1.479353940E+0	1.479263560E+0	1.479318550E+0	1.479295140E+0	1.479201490E+0	1.479217830E+0	1.479213470E+0	1.479275540E+0	1.479297320E+0	1.479157390E+0	1.479197680E+0	1.479280440E+0	1.479211840E+0	1.479190600E+0	1.479292420E+0	1.479237970E+0	1.479326890E+0	NaN	NaN	NaN	NaN	NaN	NaN	NaN	NaN	NaN	NaN	NaN	NaN	NaN	NaN	NaN	NaN	NaN	NaN	NaN	NaN	NaN	NaN	NaN	NaN	NaN	NaN	NaN	NaN	NaN	NaN
1.477808230E+0	1.478780650E+0	1.478803510E+0	1.478719670E+0	1.478728580E+0	1.479179940E+0	1.478760160E+0	1.478747090E+0	1.478753620E+0	1.478866330E+0	1.478960520E+0	1.478873950E+0	1.478837470E+0	1.478836380E+0	1.478812970E+0	1.478836930E+0	1.478792280E+0	1.478836930E+0	1.478940920E+0	1.478834200E+0	1.478915330E+0	1.478791740E+0	1.478835840E+0	1.478860880E+0	1.478845640E+0	1.478966510E+0	1.478802630E+0	1.478817330E+0	1.478853810E+0	1.478772140E+0	NaN	NaN	NaN	NaN	NaN	NaN	NaN	NaN	NaN	NaN	NaN	NaN	NaN	NaN	NaN	NaN	NaN	NaN	NaN	NaN	NaN	NaN	NaN	NaN	NaN	NaN	NaN	NaN	NaN	NaN
1.477379900E+0	1.478311490E+0	1.478346330E+0	1.478475920E+0	1.478401320E+0	1.478391520E+0	1.478436710E+0	1.478399150E+0	1.478365390E+0	1.478389890E+0	1.478511850E+0	1.478450330E+0	1.478434540E+0	1.478448690E+0	1.478368650E+0	1.478467750E+0	1.478461210E+0	1.478441610E+0	1.478377370E+0	1.478432900E+0	1.478414390E+0	1.478319650E+0	1.478272280E+0	1.478368110E+0	1.478297870E+0	1.478283170E+0	1.478445420E+0	1.478418200E+0	1.478402410E+0	1.478374100E+0	NaN	NaN	NaN	NaN	NaN	NaN	NaN	NaN	NaN	NaN	NaN	NaN	NaN	NaN	NaN	NaN	NaN	NaN	NaN	NaN	NaN	NaN	NaN	NaN	NaN	NaN	NaN	NaN	NaN	NaN
1.476883110E+0	1.478015060E+0	1.478026500E+0	1.478074960E+0	1.477988390E+0	1.478002000E+0	1.478218150E+0	1.478062430E+0	1.478017790E+0	1.478067880E+0	1.478059170E+0	1.478006350E+0	1.478017790E+0	1.477999280E+0	1.478111440E+0	1.478110890E+0	1.478041740E+0	1.478005260E+0	1.477979670E+0	1.477987300E+0	1.478065700E+0	1.478069510E+0	1.478138110E+0	1.478037390E+0	1.478082580E+0	1.478464800E+0	1.478051540E+0	1.478014520E+0	1.478085850E+0	1.478030850E+0	NaN	NaN	NaN	NaN	NaN	NaN	NaN	NaN	NaN	NaN	NaN	NaN	NaN	NaN	NaN	NaN	NaN	NaN	NaN	NaN	NaN	NaN	NaN	NaN	NaN	NaN	NaN	NaN	NaN	NaN
1.476701180E+0	1.477649640E+0	1.477643650E+0	1.477634400E+0	1.477577230E+0	1.477583220E+0	1.477676320E+0	1.477622420E+0	1.477583220E+0	1.477610530E+0	1.477976410E+0	1.477552270E+0	1.477550090E+0	1.477597460E+0	1.477713970E+0	1.477729760E+0	1.477627950E+0	1.477637750E+0	1.477588200E+0	1.477599090E+0	1.477571870E+0	1.477701450E+0	1.477617600E+0	1.477837020E+0	1.477577860E+0	1.477551180E+0	1.477592010E+0	1.477623050E+0	1.477524500E+0	1.477607800E+0	NaN	NaN	NaN	NaN	NaN	NaN	NaN	NaN	NaN	NaN	NaN	NaN	NaN	NaN	NaN	NaN	NaN	NaN	NaN	NaN	NaN	NaN	NaN	NaN	NaN	NaN	NaN	NaN	NaN	NaN
1.476055410E+0	1.477113860E+0	1.477018570E+0	1.477056690E+0	1.477040900E+0	1.476952690E+0	1.477116030E+0	1.477048520E+0	1.477006590E+0	1.477054510E+0	1.477029460E+0	1.476984270E+0	1.477116030E+0	1.477014760E+0	1.477024020E+0	1.477071930E+0	1.477025650E+0	1.477055600E+0	1.477016400E+0	1.477071930E+0	1.477143800E+0	1.477041440E+0	1.477091530E+0	1.477094250E+0	1.477061590E+0	1.477098070E+0	1.477050150E+0	1.477025110E+0	1.477173200E+0	1.477038170E+0	NaN	NaN	NaN	NaN	NaN	NaN	NaN	NaN	NaN	NaN	NaN	NaN	NaN	NaN	NaN	NaN	NaN	NaN	NaN	NaN	NaN	NaN	NaN	NaN	NaN	NaN	NaN	NaN	NaN	NaN
