#Static
-18.924462200E-3	-35.549392800E-3	-41.153992200E-3	-56.811220800E-3	-73.298735300E-3	-89.477356400E-3	-105.560052000E-3	-111.786203000E-3	-5.166039950E-3	-31.512724600E-3	-48.367964100E-3	-65.165148500E-3	-82.186058900E-3	-99.034951300E-3	-105.398224000E-3	-2.589285730E-3	-29.416839900E-3	-47.112475700E-3	-64.536587200E-3	-81.278521900E-3	-98.074674400E-3	-104.956505000E-3	-5.054262110E-3	-32.581308900E-3	-50.201610800E-3	-67.282723700E-3	-84.326791400E-3	-101.369978000E-3	-108.946841000E-3	-6.891877680E-3	NaN	NaN	NaN	NaN	NaN	NaN	NaN	NaN	NaN	NaN	NaN	NaN	NaN	NaN	NaN	NaN	NaN	NaN	NaN	NaN	NaN	NaN	NaN	NaN	NaN	NaN	NaN	NaN	NaN	NaN
-82.836756600E-3	-17.246120500E-3	-20.224719000E-3	-34.328844100E-3	-49.489780300E-3	-65.084214100E-3	-81.325626200E-3	-86.839258200E-3	-102.413262000E-3	-118.156389000E-3	-435.699060000E-6	-36.318357900E-3	-53.233196200E-3	-70.218755900E-3	-75.423032000E-3	-92.313313000E-3	-109.493390000E-3	-586.567984000E-6	-37.492595500E-3	-54.830663500E-3	-71.501418100E-3	-77.675559100E-3	-94.500077100E-3	-111.678001000E-3	-4.743476610E-3	-41.955981100E-3	-59.354379800E-3	-76.583236800E-3	-83.202604800E-3	-100.233280000E-3	NaN	NaN	NaN	NaN	NaN	NaN	NaN	NaN	NaN	NaN	NaN	NaN	NaN	NaN	NaN	NaN	NaN	NaN	NaN	NaN	NaN	NaN	NaN	NaN	NaN	NaN	NaN	NaN	NaN	NaN
368.186428000E-6	-21.140580600E-3	-32.855864100E-3	-47.587746800E-3	-50.618590800E-3	-64.689781200E-3	-78.916586500E-3	-93.111193500E-3	-107.009396000E-3	-110.677194000E-3	-6.838002210E-3	-29.092513500E-3	-44.295183800E-3	-59.481099700E-3	-73.986049500E-3	-88.794721800E-3	-92.467668500E-3	-107.263959000E-3	-4.994951040E-3	-28.073323200E-3	-43.804708000E-3	-59.312924600E-3	-71.795924900E-3	-74.536660800E-3	-88.505472700E-3	-102.354923000E-3	-117.904401000E-3	465.793897000E-6	-34.346171100E-3	-50.483495200E-3	NaN	NaN	NaN	NaN	NaN	NaN	NaN	NaN	NaN	NaN	NaN	NaN	NaN	NaN	NaN	NaN	NaN	NaN	NaN	NaN	NaN	NaN	NaN	NaN	NaN	NaN	NaN	NaN	NaN	NaN
1.046673350E-3	-4.598909010E-3	-17.083550300E-3	-28.922912600E-3	-29.488596300E-3	-42.076073900E-3	-54.393158500E-3	-66.589296800E-3	-77.107581500E-3	-74.511981000E-3	-85.877709200E-3	-98.420790600E-3	-110.823143000E-3	886.396918000E-6	-28.531701500E-3	-42.261612200E-3	-44.343281800E-3	-57.521848300E-3	-70.750148600E-3	-84.031568200E-3	-96.172518000E-3	-94.832644500E-3	-106.777024000E-3	-117.125660000E-3	1.521944240E-3	-28.690551900E-3	-42.757979800E-3	-55.364024600E-3	-57.085398900E-3	-69.409226600E-3	NaN	NaN	NaN	NaN	NaN	NaN	NaN	NaN	NaN	NaN	NaN	NaN	NaN	NaN	NaN	NaN	NaN	NaN	NaN	NaN	NaN	NaN	NaN	NaN	NaN	NaN	NaN	NaN	NaN	NaN
10.140420900E-3	10.538174200E-3	-11.420751700E-3	-22.272133500E-3	-33.163533000E-3	-43.866489100E-3	-41.538366800E-3	-52.218935300E-3	-62.526660300E-3	-72.988120700E-3	-83.551201300E-3	-80.625656300E-3	-91.007477000E-3	-101.308794000E-3	-111.568140000E-3	-2.912586690E-3	-28.261052100E-3	-39.641120800E-3	-38.811221000E-3	-50.576492500E-3	-61.750827800E-3	-71.018597200E-3	-78.652563200E-3	-75.521245700E-3	-86.486568100E-3	-97.603707200E-3	-108.850649000E-3	-119.006474000E-3	-115.188897000E-3	-3.451625760E-3	NaN	NaN	NaN	NaN	NaN	NaN	NaN	NaN	NaN	NaN	NaN	NaN	NaN	NaN	NaN	NaN	NaN	NaN	NaN	NaN	NaN	NaN	NaN	NaN	NaN	NaN	NaN	NaN	NaN	NaN
-78.514516400E-3	12.888361600E-3	13.170473800E-3	11.231952800E-3	-495.504331000E-6	-11.716196800E-3	-16.744266900E-3	-25.652023500E-3	-20.540331300E-3	-29.480096700E-3	-38.314080900E-3	-47.062719600E-3	-55.527895300E-3	-50.410560600E-3	-59.627186500E-3	-68.629807500E-3	-76.986671100E-3	-85.727037000E-3	-79.831414700E-3	-88.785813400E-3	-97.490472800E-3	-105.989014000E-3	-114.628674000E-3	-109.331501000E-3	-118.056524000E-3	3.505068150E-3	-14.719823700E-3	-24.520604600E-3	-21.344942500E-3	-31.204715600E-3	NaN	NaN	NaN	NaN	NaN	NaN	NaN	NaN	NaN	NaN	NaN	NaN	NaN	NaN	NaN	NaN	NaN	NaN	NaN	NaN	NaN	NaN	NaN	NaN	NaN	NaN	NaN	NaN	NaN	NaN
13.217306900E-3	29.941761300E-3	25.130808800E-3	20.897382600E-3	33.359544000E-3	30.032628800E-3	24.301071200E-3	19.194905300E-3	13.894628100E-3	23.168083000E-3	17.329293700E-3	11.672512800E-3	24.570187800E-3	19.960870600E-3	17.225079400E-3	12.238002900E-3	20.202044300E-3	13.860762000E-3	18.824985900E-3	12.909900200E-3	19.146980800E-3	12.136057300E-3	-866.905530000E-6	-7.539610270E-3	-14.938518400E-3	-21.198033700E-3	-27.612622700E-3	-18.464535300E-3	-24.200947700E-3	-31.196979000E-3	NaN	NaN	NaN	NaN	NaN	NaN	NaN	NaN	NaN	NaN	NaN	NaN	NaN	NaN	NaN	NaN	NaN	NaN	NaN	NaN	NaN	NaN	NaN	NaN	NaN	NaN	NaN	NaN	NaN	NaN
7.718194060E-3	36.941150400E-3	35.053751600E-3	32.937249200E-3	46.940420800E-3	44.010836500E-3	40.587817900E-3	37.979632500E-3	35.164390900E-3	48.065849300E-3	44.766822300E-3	42.054361400E-3	38.658549500E-3	35.484412100E-3	47.595204300E-3	43.978967100E-3	40.122599800E-3	36.193224000E-3	32.525050000E-3	45.066547200E-3	40.981578200E-3	36.732962100E-3	32.305121200E-3	28.327774000E-3	41.627772500E-3	37.739714200E-3	33.915796300E-3	30.251693700E-3	27.411850200E-3	39.827743900E-3	NaN	NaN	NaN	NaN	NaN	NaN	NaN	NaN	NaN	NaN	NaN	NaN	NaN	NaN	NaN	NaN	NaN	NaN	NaN	NaN	NaN	NaN	NaN	NaN	NaN	NaN	NaN	NaN	NaN	NaN
13.835441000E-3	20.250573000E-3	40.909097100E-3	43.058736900E-3	44.611843300E-3	45.207166400E-3	46.372045000E-3	64.546746700E-3	65.043070600E-3	65.078253000E-3	64.784796800E-3	65.046528600E-3	82.120257900E-3	81.331426000E-3	80.368478000E-3	79.646720200E-3	78.549378700E-3	94.729136000E-3	95.979204200E-3	97.496514700E-3	96.705345800E-3	95.876362100E-3	111.606055000E-3	110.032953000E-3	108.448173000E-3	106.659922000E-3	104.604948000E-3	6.229635850E-3	43.074515500E-3	41.199764600E-3	NaN	NaN	NaN	NaN	NaN	NaN	NaN	NaN	NaN	NaN	NaN	NaN	NaN	NaN	NaN	NaN	NaN	NaN	NaN	NaN	NaN	NaN	NaN	NaN	NaN	NaN	NaN	NaN	NaN	NaN
18.543648400E-3	32.183890000E-3	57.524536000E-3	62.529779700E-3	66.931752300E-3	71.291788200E-3	75.617277500E-3	99.178155600E-3	102.734194000E-3	106.249646000E-3	109.337399000E-3	112.629720000E-3	8.122976210E-3	14.547716700E-3	38.194163600E-3	41.193865300E-3	44.153660400E-3	46.473819500E-3	49.174810900E-3	69.827223000E-3	73.787580500E-3	77.852341800E-3	80.159790000E-3	83.812903900E-3	105.440958000E-3	106.643619000E-3	107.452111000E-3	108.771697000E-3	110.825484000E-3	10.441368700E-3	NaN	NaN	NaN	NaN	NaN	NaN	NaN	NaN	NaN	NaN	NaN	NaN	NaN	NaN	NaN	NaN	NaN	NaN	NaN	NaN	NaN	NaN	NaN	NaN	NaN	NaN	NaN	NaN	NaN	NaN
-74.556554100E-3	40.039085100E-3	71.956296900E-3	81.993781400E-3	91.076899600E-3	100.229697000E-3	108.720413000E-3	13.926053300E-3	26.119102100E-3	56.859915300E-3	64.870977600E-3	72.769331000E-3	80.056475400E-3	86.287599100E-3	112.191637000E-3	12.833917000E-3	42.973012100E-3	49.888554200E-3	58.641482500E-3	66.123508200E-3	71.456976800E-3	96.279092100E-3	102.262293000E-3	108.022196000E-3	113.073614000E-3	11.933337700E-3	20.280964600E-3	26.326153300E-3	51.858148000E-3	57.531065000E-3	NaN	NaN	NaN	NaN	NaN	NaN	NaN	NaN	NaN	NaN	NaN	NaN	NaN	NaN	NaN	NaN	NaN	NaN	NaN	NaN	NaN	NaN	NaN	NaN	NaN	NaN	NaN	NaN	NaN	NaN
20.528437400E-3	49.162623400E-3	85.893349500E-3	98.898746300E-3	16.733478900E-3	59.646670000E-3	71.123580900E-3	82.590937600E-3	94.170367000E-3	12.473450100E-3	31.380290200E-3	64.563621900E-3	75.820074100E-3	87.323031500E-3	99.559837700E-3	111.599772000E-3	15.678366800E-3	32.648059700E-3	66.598643500E-3	76.158991500E-3	85.020873900E-3	93.532003500E-3	102.454590000E-3	14.259839600E-3	29.426180200E-3	59.950639300E-3	69.098621000E-3	78.159840200E-3	87.074512900E-3	95.844245100E-3	NaN	NaN	NaN	NaN	NaN	NaN	NaN	NaN	NaN	NaN	NaN	NaN	NaN	NaN	NaN	NaN	NaN	NaN	NaN	NaN	NaN	NaN	NaN	NaN	NaN	NaN	NaN	NaN	NaN	NaN
25.253222900E-3	62.196846800E-3	105.299031000E-3	15.691249800E-3	70.219850600E-3	86.791570000E-3	102.880055000E-3	19.292702800E-3	46.128523900E-3	60.802032100E-3	75.725303200E-3	18.283035200E-3	43.710172800E-3	80.789592300E-3	94.722981300E-3	108.803843000E-3	18.164424900E-3	44.416175000E-3	58.395700400E-3	71.900776300E-3	108.130196000E-3	14.631014400E-3	60.952511200E-3	74.205007600E-3	89.392576300E-3	104.106783000E-3	16.978843800E-3	42.136378400E-3	55.796824700E-3	92.353678200E-3	NaN	NaN	NaN	NaN	NaN	NaN	NaN	NaN	NaN	NaN	NaN	NaN	NaN	NaN	NaN	NaN	NaN	NaN	NaN	NaN	NaN	NaN	NaN	NaN	NaN	NaN	NaN	NaN	NaN	NaN
22.678948600E-3	69.034608100E-3	17.361600700E-3	57.300939400E-3	105.943646000E-3	16.790981700E-3	80.911660900E-3	100.863645000E-3	18.449026200E-3	78.747028500E-3	98.096156100E-3	20.373017600E-3	53.843747500E-3	73.069764800E-3	92.008857800E-3	21.392459900E-3	53.092966600E-3	95.882236100E-3	112.981375000E-3	17.087591200E-3	73.936907300E-3	92.040353400E-3	109.590409000E-3	20.449246700E-3	52.010430100E-3	69.483137900E-3	111.881057000E-3	14.303884400E-3	70.717363300E-3	88.776000500E-3	NaN	NaN	NaN	NaN	NaN	NaN	NaN	NaN	NaN	NaN	NaN	NaN	NaN	NaN	NaN	NaN	NaN	NaN	NaN	NaN	NaN	NaN	NaN	NaN	NaN	NaN	NaN	NaN	NaN	NaN
27.277756400E-3	84.436974200E-3	24.938173600E-3	74.798019100E-3	21.518740900E-3	69.327773600E-3	21.471647500E-3	68.811025500E-3	23.008260500E-3	66.606956900E-3	21.841736800E-3	67.317386500E-3	21.659410300E-3	64.376490400E-3	22.027789400E-3	63.818151500E-3	22.998046800E-3	63.911729500E-3	113.093329000E-3	23.081910800E-3	91.281462800E-3	112.559124000E-3	24.200363100E-3	91.251082600E-3	17.262062000E-3	84.883017300E-3	107.572703000E-3	21.513903200E-3	62.741720400E-3	84.958256700E-3	NaN	NaN	NaN	NaN	NaN	NaN	NaN	NaN	NaN	NaN	NaN	NaN	NaN	NaN	NaN	NaN	NaN	NaN	NaN	NaN	NaN	NaN	NaN	NaN	NaN	NaN	NaN	NaN	NaN	NaN
31.994413900E-3	99.597959300E-3	27.168890800E-3	88.270892300E-3	23.160754000E-3	81.651156400E-3	24.377182600E-3	80.701069000E-3	24.945236100E-3	79.338004900E-3	24.966553400E-3	77.822197700E-3	27.776463800E-3	79.206885400E-3	19.892064000E-3	72.177637600E-3	26.028508100E-3	77.167069100E-3	20.119468700E-3	72.252614700E-3	26.775223600E-3	77.937823100E-3	20.684223800E-3	71.890077300E-3	20.368801400E-3	71.591300800E-3	27.766690800E-3	79.291193600E-3	21.137322900E-3	72.650150500E-3	NaN	NaN	NaN	NaN	NaN	NaN	NaN	NaN	NaN	NaN	NaN	NaN	NaN	NaN	NaN	NaN	NaN	NaN	NaN	NaN	NaN	NaN	NaN	NaN	NaN	NaN	NaN	NaN	NaN	NaN
30.458737100E-3	32.584231900E-3	102.499011000E-3	29.633655700E-3	97.499264400E-3	29.637503800E-3	95.561950000E-3	26.183803800E-3	89.872682400E-3	29.649058200E-3	92.495105800E-3	29.639590700E-3	92.136817400E-3	29.557742200E-3	92.365503100E-3	29.036965800E-3	91.434741800E-3	28.521014900E-3	90.691844900E-3	28.739257200E-3	90.916620900E-3	28.457735000E-3	90.820148100E-3	29.388303600E-3	93.010036400E-3	29.014060500E-3	91.549713300E-3	29.488903900E-3	91.619603800E-3	29.652478800E-3	NaN	NaN	NaN	NaN	NaN	NaN	NaN	NaN	NaN	NaN	NaN	NaN	NaN	NaN	NaN	NaN	NaN	NaN	NaN	NaN	NaN	NaN	NaN	NaN	NaN	NaN	NaN	NaN	NaN	NaN
-54.318283200E-3	278.899943000E-3	316.595380000E-3	353.261907000E-3	388.508059000E-3	453.394474000E-3	484.763634000E-3	515.490405000E-3	545.203356000E-3	572.619601000E-3	628.145055000E-3	653.143655000E-3	676.930898000E-3	699.898130000E-3	722.396019000E-3	773.980556000E-3	794.417642000E-3	813.582899000E-3	833.085934000E-3	851.421467000E-3	893.843186000E-3	910.783080000E-3	928.477507000E-3	944.899618000E-3	960.530974000E-3	999.456478000E-3	1.014025700E+0	1.027282530E+0	1.040484760E+0	1.052714940E+0	NaN	NaN	NaN	NaN	NaN	NaN	NaN	NaN	NaN	NaN	NaN	NaN	NaN	NaN	NaN	NaN	NaN	NaN	NaN	NaN	NaN	NaN	NaN	NaN	NaN	NaN	NaN	NaN	NaN	NaN
-44.169874400E-3	40.830472200E-3	37.162799600E-3	35.160257400E-3	122.332015000E-3	168.101511000E-3	211.959048000E-3	253.930585000E-3	294.701574000E-3	370.152795000E-3	409.398285000E-3	445.781089000E-3	480.157076000E-3	513.758127000E-3	577.813640000E-3	607.456212000E-3	636.490355000E-3	664.733499000E-3	692.693716000E-3	750.827787000E-3	776.225837000E-3	800.156659000E-3	825.537301000E-3	849.805901000E-3	900.856586000E-3	921.230597000E-3	940.849281000E-3	960.622987000E-3	979.885446000E-3	1.023836250E+0	NaN	NaN	NaN	NaN	NaN	NaN	NaN	NaN	NaN	NaN	NaN	NaN	NaN	NaN	NaN	NaN	NaN	NaN	NaN	NaN	NaN	NaN	NaN	NaN	NaN	NaN	NaN	NaN	NaN	NaN
-41.641433600E-3	38.309660800E-3	43.034280300E-3	38.315585700E-3	136.200113000E-3	188.388682000E-3	239.288563000E-3	288.016157000E-3	335.016562000E-3	419.630864000E-3	461.356554000E-3	500.872087000E-3	539.780841000E-3	576.501610000E-3	648.191039000E-3	681.859832000E-3	714.239754000E-3	745.581970000E-3	776.572054000E-3	837.001129000E-3	864.991644000E-3	892.211805000E-3	918.254690000E-3	943.249607000E-3	994.503880000E-3	1.017100140E+0	1.038354400E+0	1.059468040E+0	1.079944610E+0	1.125850870E+0	NaN	NaN	NaN	NaN	NaN	NaN	NaN	NaN	NaN	NaN	NaN	NaN	NaN	NaN	NaN	NaN	NaN	NaN	NaN	NaN	NaN	NaN	NaN	NaN	NaN	NaN	NaN	NaN	NaN	NaN
-35.052149500E-3	42.714872900E-3	109.473423000E-3	174.826862000E-3	236.525941000E-3	337.221894000E-3	391.162204000E-3	442.409264000E-3	491.192129000E-3	538.322749000E-3	620.171817000E-3	661.947517000E-3	702.920366000E-3	742.329111000E-3	779.164232000E-3	851.660909000E-3	886.706776000E-3	920.232701000E-3	950.634270000E-3	980.709544000E-3	1.039630350E+0	1.066737810E+0	1.092466560E+0	1.117159670E+0	1.140659330E+0	1.190162230E+0	-44.231173000E-3	43.593722900E-3	105.809665000E-3	168.426909000E-3	NaN	NaN	NaN	NaN	NaN	NaN	NaN	NaN	NaN	NaN	NaN	NaN	NaN	NaN	NaN	NaN	NaN	NaN	NaN	NaN	NaN	NaN	NaN	NaN	NaN	NaN	NaN	NaN	NaN	NaN
-31.615538600E-3	48.302962300E-3	123.849646000E-3	196.624047000E-3	265.711538000E-3	377.492689000E-3	438.206097000E-3	495.347612000E-3	549.824223000E-3	601.814594000E-3	689.412252000E-3	735.604265000E-3	780.551692000E-3	823.204001000E-3	863.341971000E-3	936.859361000E-3	973.632441000E-3	1.008373170E+0	1.041340910E+0	1.073432490E+0	1.134836000E+0	1.163329480E+0	1.190791190E+0	-39.522109800E-3	47.144561300E-3	165.681331000E-3	231.406374000E-3	295.079341000E-3	356.152638000E-3	413.684521000E-3	NaN	NaN	NaN	NaN	NaN	NaN	NaN	NaN	NaN	NaN	NaN	NaN	NaN	NaN	NaN	NaN	NaN	NaN	NaN	NaN	NaN	NaN	NaN	NaN	NaN	NaN	NaN	NaN	NaN	NaN
-21.292085800E-3	57.899488300E-3	142.113087000E-3	223.582006000E-3	300.072084000E-3	423.486305000E-3	492.428165000E-3	557.167340000E-3	615.887829000E-3	671.740439000E-3	766.989864000E-3	817.149105000E-3	864.547909000E-3	910.815613000E-3	955.111558000E-3	1.031526140E+0	1.069567870E+0	1.105988880E+0	1.141203100E+0	1.175292700E+0	-33.733183300E-3	51.192845700E-3	131.969839000E-3	210.079604000E-3	282.850759000E-3	399.836195000E-3	464.083668000E-3	525.857112000E-3	584.288688000E-3	640.842116000E-3	NaN	NaN	NaN	NaN	NaN	NaN	NaN	NaN	NaN	NaN	NaN	NaN	NaN	NaN	NaN	NaN	NaN	NaN	NaN	NaN	NaN	NaN	NaN	NaN	NaN	NaN	NaN	NaN	NaN	NaN
-22.780073800E-3	62.750983900E-3	156.374930000E-3	245.871199000E-3	330.723410000E-3	460.496066000E-3	533.041964000E-3	601.303206000E-3	665.834653000E-3	727.348999000E-3	828.801709000E-3	883.663896000E-3	935.585944000E-3	984.392612000E-3	1.031558400E+0	1.112348900E+0	1.153530630E+0	1.192581670E+0	-26.598511200E-3	59.288222200E-3	204.250066000E-3	286.700123000E-3	364.879390000E-3	439.463853000E-3	510.656544000E-3	624.240180000E-3	686.663093000E-3	747.339515000E-3	804.954248000E-3	859.609785000E-3	NaN	NaN	NaN	NaN	NaN	NaN	NaN	NaN	NaN	NaN	NaN	NaN	NaN	NaN	NaN	NaN	NaN	NaN	NaN	NaN	NaN	NaN	NaN	NaN	NaN	NaN	NaN	NaN	NaN	NaN
-7.454898160E-3	326.797936000E-3	499.349522000E-3	597.494808000E-3	687.300407000E-3	770.650667000E-3	848.647855000E-3	970.244802000E-3	1.037198980E+0	1.099780620E+0	1.158599130E+0	-14.411235400E-3	302.012817000E-3	403.968271000E-3	556.855885000E-3	643.750550000E-3	725.252929000E-3	802.380140000E-3	875.640745000E-3	994.941232000E-3	1.058453560E+0	1.119025460E+0	1.176562360E+0	-10.099904900E-3	304.901395000E-3	405.200212000E-3	558.573848000E-3	644.769319000E-3	725.658750000E-3	802.473899000E-3	NaN	NaN	NaN	NaN	NaN	NaN	NaN	NaN	NaN	NaN	NaN	NaN	NaN	NaN	NaN	NaN	NaN	NaN	NaN	NaN	NaN	NaN	NaN	NaN	NaN	NaN	NaN	NaN	NaN	NaN
-5.441740920E-3	318.379263000E-3	481.794482000E-3	574.299622000E-3	660.120852000E-3	741.721448000E-3	818.834729000E-3	939.998946000E-3	1.005055820E+0	1.064945360E+0	1.122362890E+0	1.177364790E+0	-17.715991400E-3	73.900899600E-3	183.291879000E-3	286.229651000E-3	384.080905000E-3	533.187841000E-3	618.408157000E-3	698.782430000E-3	774.125889000E-3	845.602800000E-3	963.169408000E-3	1.024641740E+0	1.083930490E+0	1.139805850E+0	1.193164490E+0	-11.284277600E-3	297.285860000E-3	457.333073000E-3	NaN	NaN	NaN	NaN	NaN	NaN	NaN	NaN	NaN	NaN	NaN	NaN	NaN	NaN	NaN	NaN	NaN	NaN	NaN	NaN	NaN	NaN	NaN	NaN	NaN	NaN	NaN	NaN	NaN	NaN
1.168864160E-3	344.185183000E-3	520.382823000E-3	619.163955000E-3	711.126976000E-3	797.371162000E-3	878.120374000E-3	1.003070950E+0	1.070243130E+0	1.134244710E+0	1.194415040E+0	-4.087781890E-3	322.400503000E-3	427.776923000E-3	586.827646000E-3	676.601706000E-3	761.830602000E-3	843.295073000E-3	919.543284000E-3	1.044546070E+0	1.109451860E+0	1.170403070E+0	-3.365123640E-3	322.051975000E-3	427.545384000E-3	526.400067000E-3	676.971780000E-3	764.345592000E-3	846.444805000E-3	921.706167000E-3	NaN	NaN	NaN	NaN	NaN	NaN	NaN	NaN	NaN	NaN	NaN	NaN	NaN	NaN	NaN	NaN	NaN	NaN	NaN	NaN	NaN	NaN	NaN	NaN	NaN	NaN	NaN	NaN	NaN	NaN
5.965455870E-3	377.335777000E-3	576.786017000E-3	684.861081000E-3	784.547139000E-3	876.811108000E-3	962.607256000E-3	1.095597740E+0	1.167836380E+0	680.343370000E-6	426.461011000E-3	538.166249000E-3	642.318316000E-3	740.154288000E-3	888.030796000E-3	970.856507000E-3	1.049896530E+0	1.124960720E+0	1.195216060E+0	3.145926850E-3	356.068486000E-3	539.991109000E-3	646.000958000E-3	745.047070000E-3	839.387736000E-3	927.344384000E-3	1.059631950E+0	1.132005700E+0	2.980168740E-3	427.558395000E-3	NaN	NaN	NaN	NaN	NaN	NaN	NaN	NaN	NaN	NaN	NaN	NaN	NaN	NaN	NaN	NaN	NaN	NaN	NaN	NaN	NaN	NaN	NaN	NaN	NaN	NaN	NaN	NaN	NaN	NaN
17.973335800E-3	414.190496000E-3	626.447312000E-3	742.126539000E-3	848.729852000E-3	948.268835000E-3	1.040340600E+0	1.177667810E+0	9.288818990E-3	466.085761000E-3	587.751542000E-3	701.888716000E-3	807.821115000E-3	906.127849000E-3	1.054992050E+0	1.137235260E+0	11.832630200E-3	465.453755000E-3	586.227936000E-3	699.844272000E-3	806.548430000E-3	967.676488000E-3	1.057403230E+0	1.139305600E+0	10.323303000E-3	387.461178000E-3	513.283587000E-3	629.945974000E-3	803.389012000E-3	901.973360000E-3	NaN	NaN	NaN	NaN	NaN	NaN	NaN	NaN	NaN	NaN	NaN	NaN	NaN	NaN	NaN	NaN	NaN	NaN	NaN	NaN	NaN	NaN	NaN	NaN	NaN	NaN	NaN	NaN	NaN	NaN
-148.446439000E-6	329.610152000E-3	497.222581000E-3	591.780197000E-3	679.715279000E-3	762.769066000E-3	840.285792000E-3	962.755938000E-3	1.029178440E+0	1.090552480E+0	1.149264660E+0	-10.580216000E-3	304.745813000E-3	406.428354000E-3	564.914231000E-3	651.263464000E-3	732.671788000E-3	810.721446000E-3	886.359623000E-3	1.003220020E+0	1.064475980E+0	1.124016060E+0	1.180528580E+0	-12.993271700E-3	303.776334000E-3	404.972548000E-3	558.795127000E-3	645.515062000E-3	728.147207000E-3	806.816410000E-3	NaN	NaN	NaN	NaN	NaN	NaN	NaN	NaN	NaN	NaN	NaN	NaN	NaN	NaN	NaN	NaN	NaN	NaN	NaN	NaN	NaN	NaN	NaN	NaN	NaN	NaN	NaN	NaN	NaN	NaN
50.593226100E-3	532.395065000E-3	789.755555000E-3	930.703890000E-3	1.058212270E+0	1.172813920E+0	36.467134600E-3	502.646538000E-3	662.284134000E-3	886.459679000E-3	1.013799650E+0	1.129425570E+0	39.462815700E-3	499.376199000E-3	658.548603000E-3	805.955644000E-3	1.013402750E+0	1.128590350E+0	46.244662700E-3	602.272594000E-3	754.366014000E-3	894.802917000E-3	1.021948780E+0	42.127517000E-3	501.829457000E-3	744.679299000E-3	886.038526000E-3	1.014692660E+0	1.130916260E+0	40.151002500E-3	NaN	NaN	NaN	NaN	NaN	NaN	NaN	NaN	NaN	NaN	NaN	NaN	NaN	NaN	NaN	NaN	NaN	NaN	NaN	NaN	NaN	NaN	NaN	NaN	NaN	NaN	NaN	NaN	NaN	NaN
2.998301310E+0	2.965255290E+0	2.934714790E+0	2.906361970E+0	2.881416760E+0	2.863318510E+0	2.839993130E+0	2.818458820E+0	2.798582630E+0	2.780240390E+0	2.771427320E+0	2.754585100E+0	2.739244010E+0	2.725153490E+0	2.711724410E+0	2.710114970E+0	2.697452810E+0	2.686185640E+0	2.675713350E+0	2.665806710E+0	2.668025570E+0	2.658895750E+0	2.650265390E+0	2.642388880E+0	2.635170480E+0	2.640594540E+0	2.633395830E+0	2.626680170E+0	2.620418020E+0	2.614402040E+0	NaN	NaN	NaN	NaN	NaN	NaN	NaN	NaN	NaN	NaN	NaN	NaN	NaN	NaN	NaN	NaN	NaN	NaN	NaN	NaN	NaN	NaN	NaN	NaN	NaN	NaN	NaN	NaN	NaN	NaN
2.998260020E+0	2.965304270E+0	2.935033470E+0	2.907450350E+0	2.881856010E+0	2.864204150E+0	2.842114020E+0	2.821189670E+0	2.801785040E+0	2.784448290E+0	2.776334900E+0	2.760735040E+0	2.746178970E+0	2.733109800E+0	2.720943270E+0	2.719844790E+0	2.708680460E+0	2.698572510E+0	2.688993550E+0	2.680390000E+0	2.683724860E+0	2.675105440E+0	2.667117330E+0	2.659732620E+0	2.652939820E+0	2.659486440E+0	2.653034460E+0	2.646670560E+0	2.640874500E+0	2.635498580E+0	NaN	NaN	NaN	NaN	NaN	NaN	NaN	NaN	NaN	NaN	NaN	NaN	NaN	NaN	NaN	NaN	NaN	NaN	NaN	NaN	NaN	NaN	NaN	NaN	NaN	NaN	NaN	NaN	NaN	NaN
2.999930850E+0	2.967019950E+0	2.937585600E+0	2.910621750E+0	2.885791420E+0	2.868646680E+0	2.847364010E+0	2.827851060E+0	2.810157630E+0	2.793853710E+0	2.787841020E+0	2.773219300E+0	2.759887550E+0	2.747542680E+0	2.736301770E+0	2.736691270E+0	2.726131450E+0	2.716542650E+0	2.708004740E+0	2.700373310E+0	2.705442330E+0	2.697436170E+0	2.690147190E+0	2.683659110E+0	2.677666110E+0	2.684856610E+0	2.678736690E+0	2.673185170E+0	2.668138030E+0	2.663669670E+0	NaN	NaN	NaN	NaN	NaN	NaN	NaN	NaN	NaN	NaN	NaN	NaN	NaN	NaN	NaN	NaN	NaN	NaN	NaN	NaN	NaN	NaN	NaN	NaN	NaN	NaN	NaN	NaN	NaN	NaN
2.992582480E+0	2.959411200E+0	2.928396420E+0	2.899637140E+0	2.872648690E+0	2.851940440E+0	2.827836060E+0	2.806051750E+0	2.785863750E+0	2.766886930E+0	2.756544290E+0	2.739059290E+0	2.722805170E+0	2.707597560E+0	2.693762520E+0	2.690624060E+0	2.677287930E+0	2.665057400E+0	2.653656210E+0	2.643100220E+0	2.645983200E+0	2.635890020E+0	2.626200020E+0	2.617491990E+0	2.609561870E+0	2.614395650E+0	2.606403170E+0	2.599091220E+0	2.592123910E+0	2.585659350E+0	NaN	NaN	NaN	NaN	NaN	NaN	NaN	NaN	NaN	NaN	NaN	NaN	NaN	NaN	NaN	NaN	NaN	NaN	NaN	NaN	NaN	NaN	NaN	NaN	NaN	NaN	NaN	NaN	NaN	NaN
2.998438870E+0	2.966604040E+0	2.938313040E+0	2.913399560E+0	2.890709870E+0	2.876800420E+0	2.857879950E+0	2.840866500E+0	2.825952660E+0	2.812882400E+0	2.810617590E+0	2.798236070E+0	2.787254470E+0	2.777530550E+0	2.769383790E+0	2.773854880E+0	2.765233820E+0	2.757597470E+0	2.750732460E+0	2.744528850E+0	2.751681060E+0	2.745191330E+0	2.739538600E+0	2.734498580E+0	2.730273660E+0	2.739382150E+0	2.734517730E+0	2.729995210E+0	2.726217240E+0	2.722530090E+0	NaN	NaN	NaN	NaN	NaN	NaN	NaN	NaN	NaN	NaN	NaN	NaN	NaN	NaN	NaN	NaN	NaN	NaN	NaN	NaN	NaN	NaN	NaN	NaN	NaN	NaN	NaN	NaN	NaN	NaN
3.002175560E+0	2.970698500E+0	2.942316680E+0	2.917285040E+0	2.894873420E+0	2.881619890E+0	2.862632670E+0	2.846129080E+0	2.830977820E+0	2.817260930E+0	2.814409130E+0	2.802584510E+0	2.791920200E+0	2.782401420E+0	2.773458700E+0	2.777088960E+0	2.768962990E+0	2.761553120E+0	2.754747740E+0	2.748576950E+0	2.756156410E+0	2.750549630E+0	2.745152380E+0	2.740151740E+0	2.735863910E+0	2.745214740E+0	2.740419790E+0	2.736294440E+0	2.732323360E+0	2.728666840E+0	NaN	NaN	NaN	NaN	NaN	NaN	NaN	NaN	NaN	NaN	NaN	NaN	NaN	NaN	NaN	NaN	NaN	NaN	NaN	NaN	NaN	NaN	NaN	NaN	NaN	NaN	NaN	NaN	NaN	NaN
2.999750110E+0	2.968971640E+0	2.941745210E+0	2.917544550E+0	2.896610930E+0	2.885540700E+0	2.868185340E+0	2.852724440E+0	2.839214350E+0	2.827132610E+0	2.826613460E+0	2.815597390E+0	2.806404110E+0	2.798334490E+0	2.790859510E+0	2.795926890E+0	2.788841420E+0	2.782554110E+0	2.777043060E+0	2.772271090E+0	2.780627920E+0	2.775208240E+0	2.770651260E+0	2.766704250E+0	2.763291170E+0	2.774517310E+0	2.771158380E+0	2.767077890E+0	2.763108450E+0	2.760134110E+0	NaN	NaN	NaN	NaN	NaN	NaN	NaN	NaN	NaN	NaN	NaN	NaN	NaN	NaN	NaN	NaN	NaN	NaN	NaN	NaN	NaN	NaN	NaN	NaN	NaN	NaN	NaN	NaN	NaN	NaN
3.003441480E+0	2.972801430E+0	2.945859480E+0	2.922013310E+0	2.901266220E+0	2.889919730E+0	2.873029930E+0	2.858083820E+0	2.845000980E+0	2.833517180E+0	2.833793450E+0	2.823252230E+0	2.814330840E+0	2.806163300E+0	2.799321810E+0	2.805863510E+0	2.798689970E+0	2.792332630E+0	2.787071590E+0	2.782173800E+0	2.791116520E+0	2.785580870E+0	2.781260220E+0	2.777084540E+0	2.773524300E+0	2.783527220E+0	2.779259090E+0	2.775872810E+0	2.772808750E+0	2.769525320E+0	NaN	NaN	NaN	NaN	NaN	NaN	NaN	NaN	NaN	NaN	NaN	NaN	NaN	NaN	NaN	NaN	NaN	NaN	NaN	NaN	NaN	NaN	NaN	NaN	NaN	NaN	NaN	NaN	NaN	NaN
2.999145380E+0	2.967050150E+0	2.938472490E+0	2.912781110E+0	2.889155890E+0	2.874432430E+0	2.854989510E+0	2.837438320E+0	2.821367460E+0	2.806548260E+0	2.802684950E+0	2.789770050E+0	2.778221160E+0	2.767669540E+0	2.758178670E+0	2.761157390E+0	2.752542900E+0	2.744654350E+0	2.737687050E+0	2.731150820E+0	2.737615380E+0	2.731003120E+0	2.725443390E+0	2.720498000E+0	2.715596930E+0	2.724070280E+0	2.719038460E+0	2.714389030E+0	2.710139500E+0	2.706561210E+0	NaN	NaN	NaN	NaN	NaN	NaN	NaN	NaN	NaN	NaN	NaN	NaN	NaN	NaN	NaN	NaN	NaN	NaN	NaN	NaN	NaN	NaN	NaN	NaN	NaN	NaN	NaN	NaN	NaN	NaN
3.003801390E+0	2.974550300E+0	2.949498410E+0	2.928138600E+0	2.910014630E+0	2.902377180E+0	2.887788290E+0	2.875777670E+0	2.865287320E+0	2.856493940E+0	2.860223220E+0	2.852048560E+0	2.844602030E+0	2.838324020E+0	2.832948640E+0	2.841098140E+0	2.835457990E+0	2.830533390E+0	2.826371390E+0	2.822991670E+0	2.832760460E+0	2.828149870E+0	2.824112590E+0	2.821133320E+0	2.818498700E+0	2.829268600E+0	2.825516340E+0	2.822282690E+0	2.819195650E+0	2.816670990E+0	NaN	NaN	NaN	NaN	NaN	NaN	NaN	NaN	NaN	NaN	NaN	NaN	NaN	NaN	NaN	NaN	NaN	NaN	NaN	NaN	NaN	NaN	NaN	NaN	NaN	NaN	NaN	NaN	NaN	NaN
3.008454560E+0	2.979350600E+0	2.954291570E+0	2.932957460E+0	2.915015640E+0	2.907860140E+0	2.893373540E+0	2.880970120E+0	2.870391690E+0	2.861655190E+0	2.865738970E+0	2.857121740E+0	2.849785160E+0	2.844680570E+0	2.840343510E+0	2.847935560E+0	2.842095180E+0	2.837129000E+0	2.833017870E+0	2.829451610E+0	2.839347320E+0	2.834511340E+0	2.831051200E+0	2.827917120E+0	2.825087740E+0	2.835889370E+0	2.832001990E+0	2.828325770E+0	2.825345400E+0	2.822698200E+0	NaN	NaN	NaN	NaN	NaN	NaN	NaN	NaN	NaN	NaN	NaN	NaN	NaN	NaN	NaN	NaN	NaN	NaN	NaN	NaN	NaN	NaN	NaN	NaN	NaN	NaN	NaN	NaN	NaN	NaN
3.002047190E+0	2.970705810E+0	2.943588790E+0	2.919405640E+0	2.898679870E+0	2.886986550E+0	2.869355480E+0	2.853695460E+0	2.840021790E+0	2.827621130E+0	2.828079020E+0	2.817103980E+0	2.807462660E+0	2.798923120E+0	2.792765460E+0	2.798938440E+0	2.791541690E+0	2.785006020E+0	2.779250990E+0	2.774076380E+0	2.782324350E+0	2.776800180E+0	2.771715840E+0	2.767394100E+0	2.764323470E+0	2.774392040E+0	2.769763940E+0	2.765769890E+0	2.762431200E+0	2.759450840E+0	NaN	NaN	NaN	NaN	NaN	NaN	NaN	NaN	NaN	NaN	NaN	NaN	NaN	NaN	NaN	NaN	NaN	NaN	NaN	NaN	NaN	NaN	NaN	NaN	NaN	NaN	NaN	NaN	NaN	NaN
3.006717900E+0	2.978579500E+0	2.955122260E+0	2.935974740E+0	2.919693240E+0	2.915151580E+0	2.902370150E+0	2.892203100E+0	2.883589690E+0	2.876446780E+0	2.881803010E+0	2.875157910E+0	2.869459770E+0	2.864464600E+0	2.860742970E+0	2.870059890E+0	2.865339340E+0	2.861160920E+0	2.857814030E+0	2.855379080E+0	2.865700400E+0	2.861724390E+0	2.858282310E+0	2.855795390E+0	2.853663510E+0	2.864483740E+0	2.860582140E+0	2.857337000E+0	2.854694170E+0	2.852330440E+0	NaN	NaN	NaN	NaN	NaN	NaN	NaN	NaN	NaN	NaN	NaN	NaN	NaN	NaN	NaN	NaN	NaN	NaN	NaN	NaN	NaN	NaN	NaN	NaN	NaN	NaN	NaN	NaN	NaN	NaN
3.008644640E+0	2.978847010E+0	2.953747510E+0	2.932437470E+0	2.913737430E+0	2.905411230E+0	2.890797710E+0	2.877946810E+0	2.866815300E+0	2.857280100E+0	2.859778510E+0	2.851047490E+0	2.843477320E+0	2.837032990E+0	2.831801490E+0	2.841044560E+0	2.835356260E+0	2.830343580E+0	2.825920080E+0	2.822354370E+0	2.832190990E+0	2.827529530E+0	2.823868080E+0	2.820623480E+0	2.817766750E+0	2.828259300E+0	2.824261410E+0	2.821120210E+0	2.818081860E+0	2.815652930E+0	NaN	NaN	NaN	NaN	NaN	NaN	NaN	NaN	NaN	NaN	NaN	NaN	NaN	NaN	NaN	NaN	NaN	NaN	NaN	NaN	NaN	NaN	NaN	NaN	NaN	NaN	NaN	NaN	NaN	NaN
3.011930880E+0	2.985074790E+0	2.963872520E+0	2.947040140E+0	2.933874680E+0	2.932602220E+0	2.922308810E+0	2.913839280E+0	2.907163000E+0	2.902000980E+0	2.909092470E+0	2.903286010E+0	2.898619070E+0	2.894972400E+0	2.892164900E+0	2.902238950E+0	2.897756370E+0	2.894577420E+0	2.891638090E+0	2.889465720E+0	2.899905200E+0	2.896183030E+0	2.893237680E+0	2.890749670E+0	2.889031360E+0	2.900050170E+0	2.895998670E+0	2.892909450E+0	2.890341020E+0	2.888415920E+0	NaN	NaN	NaN	NaN	NaN	NaN	NaN	NaN	NaN	NaN	NaN	NaN	NaN	NaN	NaN	NaN	NaN	NaN	NaN	NaN	NaN	NaN	NaN	NaN	NaN	NaN	NaN	NaN	NaN	NaN
3.013387420E+0	2.987012730E+0	2.966428080E+0	2.949987940E+0	2.937255740E+0	2.936126620E+0	2.926391740E+0	2.918644870E+0	2.912358100E+0	2.907374960E+0	2.915272820E+0	2.909800610E+0	2.905534110E+0	2.902058660E+0	2.899343620E+0	2.909303340E+0	2.905295050E+0	2.901848050E+0	2.899534000E+0	2.897768100E+0	2.909930810E+0	2.905920340E+0	2.902528590E+0	2.899900530E+0	2.897773020E+0	2.908134820E+0	2.904785740E+0	2.901773650E+0	2.899506640E+0	2.897861650E+0	NaN	NaN	NaN	NaN	NaN	NaN	NaN	NaN	NaN	NaN	NaN	NaN	NaN	NaN	NaN	NaN	NaN	NaN	NaN	NaN	NaN	NaN	NaN	NaN	NaN	NaN	NaN	NaN	NaN	NaN
3.011220570E+0	2.982726590E+0	2.959129850E+0	2.939427620E+0	2.922878070E+0	2.917572710E+0	2.904661630E+0	2.893952460E+0	2.884949000E+0	2.877869000E+0	2.882672700E+0	2.875769390E+0	2.870071800E+0	2.865473790E+0	2.861481920E+0	2.870348610E+0	2.865299830E+0	2.861284980E+0	2.858264130E+0	2.855685310E+0	2.866102360E+0	2.861877440E+0	2.858325410E+0	2.855416160E+0	2.853015130E+0	2.864309110E+0	2.860603350E+0	2.857862600E+0	2.855184750E+0	2.853005830E+0	NaN	NaN	NaN	NaN	NaN	NaN	NaN	NaN	NaN	NaN	NaN	NaN	NaN	NaN	NaN	NaN	NaN	NaN	NaN	NaN	NaN	NaN	NaN	NaN	NaN	NaN	NaN	NaN	NaN	NaN
3.016326860E+0	2.991326370E+0	2.972473700E+0	2.957645720E+0	2.946675600E+0	2.948008230E+0	2.939549090E+0	2.933033640E+0	2.928276440E+0	2.924648900E+0	2.933205420E+0	2.928367790E+0	2.924828340E+0	2.922116030E+0	2.919710620E+0	2.929468470E+0	2.925531850E+0	2.922380260E+0	2.919954060E+0	2.918135910E+0	2.929821580E+0	2.925812210E+0	2.922387080E+0	2.920128830E+0	2.918999710E+0	2.929707250E+0	2.925628390E+0	2.922512910E+0	2.920242620E+0	2.918404510E+0	NaN	NaN	NaN	NaN	NaN	NaN	NaN	NaN	NaN	NaN	NaN	NaN	NaN	NaN	NaN	NaN	NaN	NaN	NaN	NaN	NaN	NaN	NaN	NaN	NaN	NaN	NaN	NaN	NaN	NaN
3.016567990E+0	2.989455870E+0	2.967977340E+0	2.950768590E+0	2.937030910E+0	2.934868940E+0	2.924619290E+0	2.917100550E+0	2.909899640E+0	2.904291220E+0	2.912319270E+0	2.906197160E+0	2.902389650E+0	2.899081050E+0	2.895771910E+0	2.904796150E+0	2.900420790E+0	2.896559120E+0	2.893786640E+0	2.891649840E+0	2.902243590E+0	2.898116050E+0	2.895365450E+0	2.892809050E+0	2.890713280E+0	2.901519830E+0	2.897790550E+0	2.894745630E+0	2.892156410E+0	2.890228040E+0	NaN	NaN	NaN	NaN	NaN	NaN	NaN	NaN	NaN	NaN	NaN	NaN	NaN	NaN	NaN	NaN	NaN	NaN	NaN	NaN	NaN	NaN	NaN	NaN	NaN	NaN	NaN	NaN	NaN	NaN
3.019537760E+0	2.996391260E+0	2.979402960E+0	2.966949770E+0	2.958341290E+0	2.961377450E+0	2.954384430E+0	2.948691760E+0	2.945011160E+0	2.942506190E+0	2.951593350E+0	2.947039650E+0	2.944391890E+0	2.941929050E+0	2.940092030E+0	2.949809390E+0	2.945879890E+0	2.942947670E+0	2.940908790E+0	2.939420250E+0	2.950312690E+0	2.945948270E+0	2.942911010E+0	2.940734270E+0	2.939412040E+0	2.950649670E+0	2.946080110E+0	2.942835520E+0	2.940901670E+0	2.939552630E+0	NaN	NaN	NaN	NaN	NaN	NaN	NaN	NaN	NaN	NaN	NaN	NaN	NaN	NaN	NaN	NaN	NaN	NaN	NaN	NaN	NaN	NaN	NaN	NaN	NaN	NaN	NaN	NaN	NaN	NaN
3.019142380E+0	2.993593190E+0	2.973487220E+0	2.958323350E+0	2.946608680E+0	2.946637130E+0	2.937599200E+0	2.931109470E+0	2.925604440E+0	2.921131160E+0	2.928968840E+0	2.924226400E+0	2.920206080E+0	2.917078010E+0	2.914691200E+0	2.924570500E+0	2.920459370E+0	2.917733390E+0	2.915260140E+0	2.913781450E+0	2.925015260E+0	2.921025030E+0	2.918562720E+0	2.916210930E+0	2.914394150E+0	2.925805760E+0	2.921480180E+0	2.918297400E+0	2.915977880E+0	2.914155090E+0	NaN	NaN	NaN	NaN	NaN	NaN	NaN	NaN	NaN	NaN	NaN	NaN	NaN	NaN	NaN	NaN	NaN	NaN	NaN	NaN	NaN	NaN	NaN	NaN	NaN	NaN	NaN	NaN	NaN	NaN
3.017374040E+0	2.996825500E+0	2.983277650E+0	2.973858980E+0	2.967245610E+0	2.972726570E+0	2.966981380E+0	2.962773970E+0	2.959718110E+0	2.957500350E+0	2.967003810E+0	2.962773420E+0	2.959938030E+0	2.958005830E+0	2.956804490E+0	2.966280600E+0	2.962185340E+0	2.959575880E+0	2.957841710E+0	2.956507440E+0	2.966210580E+0	2.962030520E+0	2.959526640E+0	2.957435250E+0	2.956042990E+0	2.966508180E+0	2.962767410E+0	2.959766800E+0	2.957645320E+0	2.956128330E+0	NaN	NaN	NaN	NaN	NaN	NaN	NaN	NaN	NaN	NaN	NaN	NaN	NaN	NaN	NaN	NaN	NaN	NaN	NaN	NaN	NaN	NaN	NaN	NaN	NaN	NaN	NaN	NaN	NaN	NaN
3.024884890E+0	3.003576490E+0	2.989588800E+0	2.980364890E+0	2.974373520E+0	2.979653710E+0	2.973667820E+0	2.969561620E+0	2.967100410E+0	2.965484400E+0	2.974505910E+0	2.970063270E+0	2.967551180E+0	2.965863510E+0	2.964628260E+0	2.974090150E+0	2.969982850E+0	2.967210910E+0	2.965147960E+0	2.963814240E+0	2.974044200E+0	2.970026610E+0	2.967364640E+0	2.965436260E+0	2.964358020E+0	2.973921110E+0	2.969959870E+0	2.967099310E+0	2.965536370E+0	2.964244230E+0	NaN	NaN	NaN	NaN	NaN	NaN	NaN	NaN	NaN	NaN	NaN	NaN	NaN	NaN	NaN	NaN	NaN	NaN	NaN	NaN	NaN	NaN	NaN	NaN	NaN	NaN	NaN	NaN	NaN	NaN
3.021603160E+0	3.002221490E+0	2.989524300E+0	2.981353460E+0	2.975730820E+0	2.982088160E+0	2.976829850E+0	2.973011940E+0	2.970436950E+0	2.969029370E+0	2.978432730E+0	2.974210000E+0	2.971230730E+0	2.969521170E+0	2.968552880E+0	2.977871450E+0	2.973584160E+0	2.971415080E+0	2.969936940E+0	2.968588440E+0	2.978085350E+0	2.974054630E+0	2.971343970E+0	2.969541420E+0	2.968449460E+0	2.980451880E+0	2.976660780E+0	2.973053490E+0	2.970606500E+0	2.969304510E+0	NaN	NaN	NaN	NaN	NaN	NaN	NaN	NaN	NaN	NaN	NaN	NaN	NaN	NaN	NaN	NaN	NaN	NaN	NaN	NaN	NaN	NaN	NaN	NaN	NaN	NaN	NaN	NaN	NaN	NaN
3.028108130E+0	3.008513110E+0	2.996261230E+0	2.989125970E+0	2.984058590E+0	2.989876530E+0	2.984329380E+0	2.981393330E+0	2.979470970E+0	2.978066680E+0	2.986980960E+0	2.982877490E+0	2.980177770E+0	2.978648200E+0	2.977450150E+0	2.986600210E+0	2.982378580E+0	2.979973170E+0	2.978364820E+0	2.977492820E+0	2.987026370E+0	2.982950800E+0	2.980012010E+0	2.978415700E+0	2.977412400E+0	2.986845290E+0	2.982746200E+0	2.980381820E+0	2.978561220E+0	2.977601130E+0	NaN	NaN	NaN	NaN	NaN	NaN	NaN	NaN	NaN	NaN	NaN	NaN	NaN	NaN	NaN	NaN	NaN	NaN	NaN	NaN	NaN	NaN	NaN	NaN	NaN	NaN	NaN	NaN	NaN	NaN
3.027825140E+0	3.008754740E+0	2.997360640E+0	2.990055240E+0	2.985374080E+0	2.992513170E+0	2.987312850E+0	2.984527780E+0	2.981998740E+0	2.980576390E+0	2.989714420E+0	2.985462150E+0	2.982690760E+0	2.980975190E+0	2.979866310E+0	2.988851170E+0	2.984550210E+0	2.982122920E+0	2.980902430E+0	2.979877250E+0	2.989033890E+0	2.985248800E+0	2.982829170E+0	2.981388220E+0	2.980360300E+0	2.989192530E+0	2.985456680E+0	2.982913960E+0	2.981513500E+0	2.980509670E+0	NaN	NaN	NaN	NaN	NaN	NaN	NaN	NaN	NaN	NaN	NaN	NaN	NaN	NaN	NaN	NaN	NaN	NaN	NaN	NaN	NaN	NaN	NaN	NaN	NaN	NaN	NaN	NaN	NaN	NaN
3.029497930E+0	3.008874460E+0	2.995132950E+0	2.986162870E+0	2.980649090E+0	2.986049630E+0	2.980518340E+0	2.976604700E+0	2.974266040E+0	2.972642990E+0	2.982833550E+0	2.978235000E+0	2.975471270E+0	2.973478890E+0	2.972252390E+0	2.981773360E+0	2.977652930E+0	2.974964690E+0	2.973093210E+0	2.971834980E+0	2.981638240E+0	2.977685210E+0	2.975012290E+0	2.973385340E+0	2.972254580E+0	2.982032120E+0	2.977614090E+0	2.975077390E+0	2.973303280E+0	2.972289040E+0	NaN	NaN	NaN	NaN	NaN	NaN	NaN	NaN	NaN	NaN	NaN	NaN	NaN	NaN	NaN	NaN	NaN	NaN	NaN	NaN	NaN	NaN	NaN	NaN	NaN	NaN	NaN	NaN	NaN	NaN
3.031506410E+0	3.014607840E+0	3.005257010E+0	2.999726270E+0	2.996771070E+0	3.003648660E+0	2.998721870E+0	2.995939000E+0	2.994695540E+0	2.993836110E+0	3.002146450E+0	2.997655660E+0	2.995572470E+0	2.994358010E+0	2.993685130E+0	3.002921080E+0	2.998650210E+0	2.996157270E+0	2.994656700E+0	2.993789610E+0	3.002410670E+0	2.998045710E+0	2.995731120E+0	2.994272660E+0	2.993577900E+0	3.002313850E+0	2.998047350E+0	2.995854750E+0	2.994426390E+0	2.994173100E+0	NaN	NaN	NaN	NaN	NaN	NaN	NaN	NaN	NaN	NaN	NaN	NaN	NaN	NaN	NaN	NaN	NaN	NaN	NaN	NaN	NaN	NaN	NaN	NaN	NaN	NaN	NaN	NaN	NaN	NaN
3.033068660E+0	3.014516870E+0	3.003568070E+0	2.996739710E+0	2.992682190E+0	2.999699290E+0	2.994940440E+0	2.991878010E+0	2.989968240E+0	2.988702890E+0	2.997578350E+0	2.993098500E+0	2.990306870E+0	2.988926640E+0	2.988158570E+0	2.998581100E+0	2.994038340E+0	2.991168480E+0	2.989540440E+0	2.988718760E+0	2.997965110E+0	2.993640630E+0	2.991015850E+0	2.989760360E+0	2.988949620E+0	2.997698700E+0	2.993489100E+0	2.991211150E+0	2.989623040E+0	2.988584730E+0	NaN	NaN	NaN	NaN	NaN	NaN	NaN	NaN	NaN	NaN	NaN	NaN	NaN	NaN	NaN	NaN	NaN	NaN	NaN	NaN	NaN	NaN	NaN	NaN	NaN	NaN	NaN	NaN	NaN	NaN
3.033778750E+0	3.018886780E+0	3.011351630E+0	3.007986140E+0	3.005736640E+0	3.012422760E+0	3.007977930E+0	3.006027670E+0	3.004626120E+0	3.004046780E+0	3.013080870E+0	3.009173800E+0	3.006214220E+0	3.005088380E+0	3.004127200E+0	3.012020680E+0	3.007870160E+0	3.005790250E+0	3.004521080E+0	3.003820850E+0	3.011872970E+0	3.007795210E+0	3.005407860E+0	3.004408390E+0	3.003845470E+0	3.012102190E+0	3.007808890E+0	3.006902960E+0	3.006124500E+0	3.004905660E+0	NaN	NaN	NaN	NaN	NaN	NaN	NaN	NaN	NaN	NaN	NaN	NaN	NaN	NaN	NaN	NaN	NaN	NaN	NaN	NaN	NaN	NaN	NaN	NaN	NaN	NaN	NaN	NaN	NaN	NaN
3.034313130E+0	3.015392650E+0	3.006180770E+0	3.000516550E+0	2.997455220E+0	3.004661600E+0	2.999441590E+0	2.996702470E+0	2.995546550E+0	2.994981440E+0	3.003493080E+0	2.999003390E+0	2.996933880E+0	2.995521930E+0	2.994615460E+0	3.003250740E+0	2.999402200E+0	2.996983660E+0	2.995712850E+0	2.994944240E+0	3.003371640E+0	2.999052080E+0	2.996948100E+0	2.995875870E+0	2.994998390E+0	3.004291240E+0	2.999702530E+0	2.997420210E+0	2.995914170E+0	2.995112180E+0	NaN	NaN	NaN	NaN	NaN	NaN	NaN	NaN	NaN	NaN	NaN	NaN	NaN	NaN	NaN	NaN	NaN	NaN	NaN	NaN	NaN	NaN	NaN	NaN	NaN	NaN	NaN	NaN	NaN	NaN
3.034353030E+0	3.021182100E+0	3.015861430E+0	3.012987740E+0	3.010917130E+0	3.017255870E+0	3.012916620E+0	3.010909470E+0	3.010123900E+0	3.009581220E+0	3.017235080E+0	3.013109180E+0	3.011048970E+0	3.010015030E+0	3.009747520E+0	3.017123480E+0	3.013198900E+0	3.011236060E+0	3.010382110E+0	3.010064270E+0	3.017119110E+0	3.013007430E+0	3.011251380E+0	3.010075760E+0	3.009360210E+0	3.017428200E+0	3.013504160E+0	3.011347660E+0	3.010483860E+0	3.009929150E+0	NaN	NaN	NaN	NaN	NaN	NaN	NaN	NaN	NaN	NaN	NaN	NaN	NaN	NaN	NaN	NaN	NaN	NaN	NaN	NaN	NaN	NaN	NaN	NaN	NaN	NaN	NaN	NaN	NaN	NaN
3.036851350E+0	3.023111470E+0	3.016105320E+0	3.012862910E+0	3.011284110E+0	3.018343330E+0	3.014159990E+0	3.011896810E+0	3.011092640E+0	3.010516590E+0	3.018111380E+0	3.013955930E+0	3.012108520E+0	3.011184000E+0	3.011907750E+0	3.018982840E+0	3.014344890E+0	3.013163800E+0	3.012330630E+0	3.011080060E+0	3.018386000E+0	3.013909430E+0	3.011895720E+0	3.012095390E+0	3.011512230E+0	3.018449460E+0	3.014168740E+0	3.012199880E+0	3.011068570E+0	3.010652260E+0	NaN	NaN	NaN	NaN	NaN	NaN	NaN	NaN	NaN	NaN	NaN	NaN	NaN	NaN	NaN	NaN	NaN	NaN	NaN	NaN	NaN	NaN	NaN	NaN	NaN	NaN	NaN	NaN	NaN	NaN
3.036330700E+0	3.023255500E+0	3.016983500E+0	3.014276660E+0	3.013027180E+0	3.020086400E+0	3.015725810E+0	3.013750390E+0	3.012762410E+0	3.012164480E+0	3.020864320E+0	3.016470360E+0	3.013812210E+0	3.012841190E+0	3.012173780E+0	3.019119750E+0	3.016119700E+0	3.014449530E+0	3.012778820E+0	3.012453870E+0	3.019809590E+0	3.015816080E+0	3.013810570E+0	3.012898630E+0	3.012418310E+0	3.019462210E+0	3.015282700E+0	3.013434740E+0	3.012690750E+0	3.012200040E+0	NaN	NaN	NaN	NaN	NaN	NaN	NaN	NaN	NaN	NaN	NaN	NaN	NaN	NaN	NaN	NaN	NaN	NaN	NaN	NaN	NaN	NaN	NaN	NaN	NaN	NaN	NaN	NaN	NaN	NaN
3.037077370E+0	3.024895520E+0	3.019434800E+0	3.017371300E+0	3.016392620E+0	3.023308510E+0	3.018754810E+0	3.016952260E+0	3.016424890E+0	3.015643700E+0	3.022274020E+0	3.018897590E+0	3.016965930E+0	3.016275550E+0	3.016038670E+0	3.023113210E+0	3.018711040E+0	3.016716470E+0	3.016035940E+0	3.015402450E+0	3.022820530E+0	3.019008640E+0	3.018261910E+0	3.017330820E+0	3.016360890E+0	3.023170650E+0	3.018877890E+0	3.018084120E+0	3.017367470E+0	3.016166140E+0	NaN	NaN	NaN	NaN	NaN	NaN	NaN	NaN	NaN	NaN	NaN	NaN	NaN	NaN	NaN	NaN	NaN	NaN	NaN	NaN	NaN	NaN	NaN	NaN	NaN	NaN	NaN	NaN	NaN	NaN
3.037311950E+0	3.026186470E+0	3.021714830E+0	3.019794110E+0	3.018814340E+0	3.026899830E+0	3.022445150E+0	3.020154080E+0	3.019069810E+0	3.018716960E+0	3.025224190E+0	3.021226850E+0	3.019582950E+0	3.018844970E+0	3.018558310E+0	3.025543130E+0	3.021652460E+0	3.019616870E+0	3.019849370E+0	3.019521130E+0	3.025441380E+0	3.021137140E+0	3.019341150E+0	3.018873420E+0	3.018733920E+0	3.025155270E+0	3.021393710E+0	3.019790830E+0	3.019150230E+0	3.018857010E+0	NaN	NaN	NaN	NaN	NaN	NaN	NaN	NaN	NaN	NaN	NaN	NaN	NaN	NaN	NaN	NaN	NaN	NaN	NaN	NaN	NaN	NaN	NaN	NaN	NaN	NaN	NaN	NaN	NaN	NaN
3.038216640E+0	3.028063820E+0	3.023961440E+0	3.022318080E+0	3.021615110E+0	3.027736680E+0	3.023767780E+0	3.022157250E+0	3.021614570E+0	3.021247490E+0	3.027818730E+0	3.023736050E+0	3.022208120E+0	3.021605270E+0	3.021466310E+0	3.027714790E+0	3.023841630E+0	3.022254080E+0	3.021784150E+0	3.021491480E+0	3.027694010E+0	3.023724560E+0	3.022530890E+0	3.021806040E+0	3.021785250E+0	3.028227390E+0	3.025164960E+0	3.023553330E+0	3.021982740E+0	3.021447710E+0	NaN	NaN	NaN	NaN	NaN	NaN	NaN	NaN	NaN	NaN	NaN	NaN	NaN	NaN	NaN	NaN	NaN	NaN	NaN	NaN	NaN	NaN	NaN	NaN	NaN	NaN	NaN	NaN	NaN	NaN
3.039208660E+0	3.029716680E+0	3.026348450E+0	3.025338590E+0	3.024777860E+0	3.030794930E+0	3.026659730E+0	3.025152590E+0	3.024561770E+0	3.025420100E+0	3.030886830E+0	3.026565640E+0	3.025049740E+0	3.024523470E+0	3.024458370E+0	3.029939330E+0	3.026178320E+0	3.024865380E+0	3.024404220E+0	3.024254870E+0	3.030334850E+0	3.026609400E+0	3.025060140E+0	3.024860460E+0	3.024835300E+0	3.030693720E+0	3.026860500E+0	3.025152040E+0	3.024531130E+0	3.025535530E+0	NaN	NaN	NaN	NaN	NaN	NaN	NaN	NaN	NaN	NaN	NaN	NaN	NaN	NaN	NaN	NaN	NaN	NaN	NaN	NaN	NaN	NaN	NaN	NaN	NaN	NaN	NaN	NaN	NaN	NaN
3.039343180E+0	3.030910310E+0	3.028109380E+0	3.027008160E+0	3.026651480E+0	3.032014270E+0	3.028413000E+0	3.027333660E+0	3.027061220E+0	3.026653120E+0	3.032199180E+0	3.028588060E+0	3.027334750E+0	3.026911330E+0	3.026694700E+0	3.032465590E+0	3.028859400E+0	3.027421730E+0	3.026760340E+0	3.026906950E+0	3.032352350E+0	3.028664650E+0	3.027161340E+0	3.026921730E+0	3.026743390E+0	3.032449180E+0	3.028446370E+0	3.027348980E+0	3.026745570E+0	3.026702900E+0	NaN	NaN	NaN	NaN	NaN	NaN	NaN	NaN	NaN	NaN	NaN	NaN	NaN	NaN	NaN	NaN	NaN	NaN	NaN	NaN	NaN	NaN	NaN	NaN	NaN	NaN	NaN	NaN	NaN	NaN
3.040722990E+0	3.032924710E+0	3.030214590E+0	3.029655500E+0	3.029142360E+0	3.034341580E+0	3.030768760E+0	3.029559220E+0	3.029369390E+0	3.029024200E+0	3.034396290E+0	3.030784080E+0	3.029519280E+0	3.029259430E+0	3.029215120E+0	3.034683490E+0	3.030759460E+0	3.029604080E+0	3.029220040E+0	3.029185580E+0	3.034324080E+0	3.030664820E+0	3.029371030E+0	3.029422450E+0	3.029319610E+0	3.034367290E+0	3.030849180E+0	3.029740840E+0	3.029503960E+0	3.029494120E+0	NaN	NaN	NaN	NaN	NaN	NaN	NaN	NaN	NaN	NaN	NaN	NaN	NaN	NaN	NaN	NaN	NaN	NaN	NaN	NaN	NaN	NaN	NaN	NaN	NaN	NaN	NaN	NaN	NaN	NaN
3.041375650E+0	3.034458670E+0	3.032609620E+0	3.031975580E+0	3.031640780E+0	3.036198860E+0	3.033122210E+0	3.031936190E+0	3.031668130E+0	3.031653360E+0	3.036577970E+0	3.033297270E+0	3.032003480E+0	3.031640780E+0	3.031874370E+0	3.036687380E+0	3.033254050E+0	3.032089920E+0	3.032061470E+0	3.032030290E+0	3.036407830E+0	3.032824610E+0	3.032019890E+0	3.032565850E+0	3.032386970E+0	3.036515600E+0	3.033150660E+0	3.032102500E+0	3.032803280E+0	3.032371100E+0	NaN	NaN	NaN	NaN	NaN	NaN	NaN	NaN	NaN	NaN	NaN	NaN	NaN	NaN	NaN	NaN	NaN	NaN	NaN	NaN	NaN	NaN	NaN	NaN	NaN	NaN	NaN	NaN	NaN	NaN
3.042160500E+0	3.036228220E+0	3.034627530E+0	3.034019210E+0	3.033867670E+0	3.038218410E+0	3.035120430E+0	3.034065160E+0	3.033993490E+0	3.034015380E+0	3.038476070E+0	3.035053140E+0	3.034155420E+0	3.034060230E+0	3.033814490E+0	3.038219930E+0	3.034880700E+0	3.034104430E+0	3.033789870E+0	3.033778380E+0	3.038353420E+0	3.035000510E+0	3.034125760E+0	3.033975320E+0	3.034008690E+0	3.038322230E+0	3.035141100E+0	3.033962740E+0	3.033939760E+0	3.033938670E+0	NaN	NaN	NaN	NaN	NaN	NaN	NaN	NaN	NaN	NaN	NaN	NaN	NaN	NaN	NaN	NaN	NaN	NaN	NaN	NaN	NaN	NaN	NaN	NaN	NaN	NaN	NaN	NaN	NaN	NaN
3.042341690E+0	3.037374970E+0	3.036146280E+0	3.035759510E+0	3.035612900E+0	3.039587260E+0	3.036344860E+0	3.035638060E+0	3.035405020E+0	3.035627120E+0	3.039428070E+0	3.036549460E+0	3.035818590E+0	3.035658310E+0	3.035547250E+0	3.039670960E+0	3.036727800E+0	3.035879320E+0	3.036529220E+0	3.036214110E+0	3.039775450E+0	3.036818060E+0	3.036005690E+0	3.035705900E+0	3.035419240E+0	3.039538030E+0	3.036530860E+0	3.035635880E+0	3.035501850E+0	3.035793430E+0	NaN	NaN	NaN	NaN	NaN	NaN	NaN	NaN	NaN	NaN	NaN	NaN	NaN	NaN	NaN	NaN	NaN	NaN	NaN	NaN	NaN	NaN	NaN	NaN	NaN	NaN	NaN	NaN	NaN	NaN
3.043248570E+0	3.039119940E+0	3.038115540E+0	3.037758860E+0	3.037839280E+0	3.041307070E+0	3.038569600E+0	3.037761600E+0	3.037531290E+0	3.037601310E+0	3.041492520E+0	3.038308660E+0	3.037909850E+0	3.037815210E+0	3.037890160E+0	3.041403900E+0	3.038496300E+0	3.037891800E+0	3.037589820E+0	3.037515420E+0	3.040716250E+0	3.038160950E+0	3.037811930E+0	3.037605690E+0	3.037723850E+0	3.041905000E+0	3.038685030E+0	3.037890160E+0	3.037706890E+0	3.037477680E+0	NaN	NaN	NaN	NaN	NaN	NaN	NaN	NaN	NaN	NaN	NaN	NaN	NaN	NaN	NaN	NaN	NaN	NaN	NaN	NaN	NaN	NaN	NaN	NaN	NaN	NaN	NaN	NaN	NaN	NaN
3.044722760E+0	3.040344660E+0	3.039308540E+0	3.039244530E+0	3.038982490E+0	3.042857840E+0	3.040187110E+0	3.039388410E+0	3.039148250E+0	3.039334780E+0	3.042872050E+0	3.040063460E+0	3.039371980E+0	3.039352840E+0	3.039290470E+0	3.042768110E+0	3.040021340E+0	3.039688730E+0	3.039407540E+0	3.039430520E+0	3.042585940E+0	3.040010940E+0	3.039255460E+0	3.039037730E+0	3.039277340E+0	3.042815160E+0	3.039972100E+0	3.039286090E+0	3.039336420E+0	3.039637850E+0	NaN	NaN	NaN	NaN	NaN	NaN	NaN	NaN	NaN	NaN	NaN	NaN	NaN	NaN	NaN	NaN	NaN	NaN	NaN	NaN	NaN	NaN	NaN	NaN	NaN	NaN	NaN	NaN	NaN	NaN
3.045027930E+0	3.041411340E+0	3.041002690E+0	3.040608810E+0	3.040559030E+0	3.043555800E+0	3.041321620E+0	3.040710560E+0	3.040648750E+0	3.040580910E+0	3.043806900E+0	3.041123590E+0	3.040746670E+0	3.040621390E+0	3.040532770E+0	3.043700230E+0	3.041090770E+0	3.040717670E+0	3.040456180E+0	3.040567230E+0	3.043734690E+0	3.041227530E+0	3.040875230E+0	3.040602250E+0	3.040620300E+0	3.043986340E+0	3.041227530E+0	3.040935400E+0	3.040806840E+0	3.040729160E+0	NaN	NaN	NaN	NaN	NaN	NaN	NaN	NaN	NaN	NaN	NaN	NaN	NaN	NaN	NaN	NaN	NaN	NaN	NaN	NaN	NaN	NaN	NaN	NaN	NaN	NaN	NaN	NaN	NaN	NaN
3.045068690E+0	3.042708690E+0	3.042126620E+0	3.042168200E+0	3.042081760E+0	3.044866280E+0	3.042569190E+0	3.042132090E+0	3.042224000E+0	3.042112940E+0	3.044951620E+0	3.042384280E+0	3.042195000E+0	3.042988780E+0	3.042573560E+0	3.044871200E+0	3.042513390E+0	3.042045660E+0	3.042198830E+0	3.042059330E+0	3.044755770E+0	3.042422030E+0	3.042070820E+0	3.042080670E+0	3.042184610E+0	3.044951620E+0	3.042494240E+0	3.042226730E+0	3.042344350E+0	3.042137560E+0	NaN	NaN	NaN	NaN	NaN	NaN	NaN	NaN	NaN	NaN	NaN	NaN	NaN	NaN	NaN	NaN	NaN	NaN	NaN	NaN	NaN	NaN	NaN	NaN	NaN	NaN	NaN	NaN	NaN	NaN
3.045132600E+0	3.043493620E+0	3.043489240E+0	3.043287380E+0	3.043339890E+0	3.045860180E+0	3.043717910E+0	3.043374360E+0	3.043149520E+0	3.043227200E+0	3.045970140E+0	3.043741430E+0	3.043413750E+0	3.043441650E+0	3.043303790E+0	3.045918170E+0	3.043816930E+0	3.043181790E+0	3.043141860E+0	3.043267030E+0	3.045691580E+0	3.043659270E+0	3.043360030E+0	3.043338150E+0	3.043161990E+0	3.045691040E+0	3.043383550E+0	3.043547670E+0	3.043128080E+0	3.043090880E+0	NaN	NaN	NaN	NaN	NaN	NaN	NaN	NaN	NaN	NaN	NaN	NaN	NaN	NaN	NaN	NaN	NaN	NaN	NaN	NaN	NaN	NaN	NaN	NaN	NaN	NaN	NaN	NaN	NaN	NaN
3.046380610E+0	3.044642610E+0	3.044429260E+0	3.044245450E+0	3.044227940E+0	3.046333570E+0	3.044448410E+0	3.044070940E+0	3.044096650E+0	3.044169410E+0	3.046305120E+0	3.044579160E+0	3.044186370E+0	3.043935270E+0	3.044327510E+0	3.046438050E+0	3.044553990E+0	3.044094460E+0	3.044276090E+0	3.044274440E+0	3.046516280E+0	3.044298520E+0	3.044364160E+0	3.044183630E+0	3.044217000E+0	3.046407420E+0	3.044503110E+0	3.044260220E+0	3.044016230E+0	3.044191900E+0	NaN	NaN	NaN	NaN	NaN	NaN	NaN	NaN	NaN	NaN	NaN	NaN	NaN	NaN	NaN	NaN	NaN	NaN	NaN	NaN	NaN	NaN	NaN	NaN	NaN	NaN	NaN	NaN	NaN	NaN
3.046359920E+0	3.045129590E+0	3.044860980E+0	3.044637790E+0	3.044822690E+0	3.047125250E+0	3.045196880E+0	3.044868640E+0	3.044835820E+0	3.044992280E+0	3.046960040E+0	3.045086920E+0	3.044906940E+0	3.045154210E+0	3.044898730E+0	3.047107740E+0	3.045131230E+0	3.044806830E+0	3.044822140E+0	3.044931010E+0	3.046934330E+0	3.045375760E+0	3.044941950E+0	3.044882320E+0	3.044891620E+0	3.046880170E+0	3.045351150E+0	3.045083640E+0	3.045037140E+0	3.045061750E+0	NaN	NaN	NaN	NaN	NaN	NaN	NaN	NaN	NaN	NaN	NaN	NaN	NaN	NaN	NaN	NaN	NaN	NaN	NaN	NaN	NaN	NaN	NaN	NaN	NaN	NaN	NaN	NaN	NaN	NaN
3.046262640E+0	3.046642300E+0	3.045994030E+0	3.045657590E+0	3.045481990E+0	3.047451390E+0	3.045924010E+0	3.045810770E+0	3.045641180E+0	3.045641180E+0	3.047298220E+0	3.046001150E+0	3.045601790E+0	3.045829370E+0	3.045556390E+0	3.047433340E+0	3.045802020E+0	3.045735280E+0	3.045411970E+0	3.045726520E+0	3.047296570E+0	3.045856720E+0	3.045580460E+0	3.045655410E+0	3.045461750E+0	3.047189350E+0	3.045753330E+0	3.045521920E+0	3.045438220E+0	3.045403760E+0	NaN	NaN	NaN	NaN	NaN	NaN	NaN	NaN	NaN	NaN	NaN	NaN	NaN	NaN	NaN	NaN	NaN	NaN	NaN	NaN	NaN	NaN	NaN	NaN	NaN	NaN	NaN	NaN	NaN	NaN
3.046132500E+0	3.045794960E+0	3.045788400E+0	3.045711260E+0	3.045817940E+0	3.047053740E+0	3.045965650E+0	3.045758860E+0	3.045977130E+0	3.045943220E+0	3.047648940E+0	3.046859540E+0	3.046187750E+0	3.045984250E+0	3.045975490E+0	3.047588220E+0	3.046174620E+0	3.046165870E+0	3.045883040E+0	3.045927350E+0	3.047513270E+0	3.046201430E+0	3.046124290E+0	3.045930090E+0	3.045934080E+0	3.047588930E+0	3.045994260E+0	3.045938460E+0	3.045899070E+0	3.045917120E+0	NaN	NaN	NaN	NaN	NaN	NaN	NaN	NaN	NaN	NaN	NaN	NaN	NaN	NaN	NaN	NaN	NaN	NaN	NaN	NaN	NaN	NaN	NaN	NaN	NaN	NaN	NaN	NaN	NaN	NaN
3.046739180E+0	3.046261600E+0	3.046575610E+0	3.046373750E+0	3.046483530E+0	3.047783340E+0	3.046556290E+0	3.046345670E+0	3.046484080E+0	3.046444140E+0	3.047766920E+0	3.046462740E+0	3.046224770E+0	3.046243370E+0	3.045959450E+0	3.047419000E+0	3.046316130E+0	3.046830360E+0	3.046336370E+0	3.046170610E+0	3.047823270E+0	3.046360440E+0	3.046198510E+0	3.046293150E+0	3.046339110E+0	3.047719330E+0	3.046323790E+0	3.046082540E+0	3.046281120E+0	3.046280570E+0	NaN	NaN	NaN	NaN	NaN	NaN	NaN	NaN	NaN	NaN	NaN	NaN	NaN	NaN	NaN	NaN	NaN	NaN	NaN	NaN	NaN	NaN	NaN	NaN	NaN	NaN	NaN	NaN	NaN	NaN
3.046477290E+0	3.046702670E+0	3.046636480E+0	3.046709240E+0	3.046766130E+0	3.048088910E+0	3.046867880E+0	3.046820290E+0	3.046739330E+0	3.046702130E+0	3.047794600E+0	3.046728930E+0	3.046718540E+0	3.046660000E+0	3.046694470E+0	3.047673700E+0	3.046842720E+0	3.046566460E+0	3.046726740E+0	3.046584510E+0	3.048036940E+0	3.046874450E+0	3.046639760E+0	3.046641400E+0	3.046515580E+0	3.047701600E+0	3.046641400E+0	3.046620070E+0	3.046574120E+0	3.046672590E+0	NaN	NaN	NaN	NaN	NaN	NaN	NaN	NaN	NaN	NaN	NaN	NaN	NaN	NaN	NaN	NaN	NaN	NaN	NaN	NaN	NaN	NaN	NaN	NaN	NaN	NaN	NaN	NaN	NaN	NaN
3.047035860E+0	3.046817030E+0	3.046511780E+0	3.046498100E+0	3.046229490E+0	3.047573060E+0	3.046371730E+0	3.046326320E+0	3.046497550E+0	3.046521620E+0	3.047534770E+0	3.046490440E+0	3.046437380E+0	3.046448860E+0	3.046350390E+0	3.047678650E+0	3.046495360E+0	3.046583440E+0	3.046510130E+0	3.046697770E+0	3.047395270E+0	3.046435730E+0	3.046354770E+0	3.046568120E+0	3.046568120E+0	3.047593850E+0	3.046429720E+0	3.046481140E+0	3.046490440E+0	3.046440660E+0	NaN	NaN	NaN	NaN	NaN	NaN	NaN	NaN	NaN	NaN	NaN	NaN	NaN	NaN	NaN	NaN	NaN	NaN	NaN	NaN	NaN	NaN	NaN	NaN	NaN	NaN	NaN	NaN	NaN	NaN
3.045977600E+0	3.046668530E+0	3.046456820E+0	3.046513170E+0	3.046639540E+0	3.047548740E+0	3.046560210E+0	3.046553650E+0	3.046488550E+0	3.046533410E+0	3.047636820E+0	3.046811310E+0	3.046594130E+0	3.046682750E+0	3.046616010E+0	3.047623690E+0	3.046509880E+0	3.046680020E+0	3.046553650E+0	3.046571700E+0	3.047304760E+0	3.046518090E+0	3.046568970E+0	3.046377500E+0	3.046434940E+0	3.047370950E+0	3.046543250E+0	3.046420170E+0	3.046261520E+0	3.046495110E+0	NaN	NaN	NaN	NaN	NaN	NaN	NaN	NaN	NaN	NaN	NaN	NaN	NaN	NaN	NaN	NaN	NaN	NaN	NaN	NaN	NaN	NaN	NaN	NaN	NaN	NaN	NaN	NaN	NaN	NaN
3.046412970E+0	3.046868120E+0	3.046909150E+0	3.046795360E+0	3.046604440E+0	3.047479730E+0	3.046885080E+0	3.046854450E+0	3.046713310E+0	3.046689230E+0	3.047541550E+0	3.047596800E+0	3.047122500E+0	3.046783330E+0	3.046831470E+0	3.047662450E+0	3.046691970E+0	3.046686500E+0	3.046670090E+0	3.046898760E+0	3.047444170E+0	3.046674460E+0	3.046784420E+0	3.046533320E+0	3.046654220E+0	3.047203470E+0	3.046840220E+0	3.046680480E+0	3.046659150E+0	3.046741210E+0	NaN	NaN	NaN	NaN	NaN	NaN	NaN	NaN	NaN	NaN	NaN	NaN	NaN	NaN	NaN	NaN	NaN	NaN	NaN	NaN	NaN	NaN	NaN	NaN	NaN	NaN	NaN	NaN	NaN	NaN
3.046036240E+0	3.046918090E+0	3.046792270E+0	3.047425220E+0	3.046884720E+0	3.047666470E+0	3.046990850E+0	3.047011090E+0	3.046984290E+0	3.046842050E+0	3.047576200E+0	3.046971710E+0	3.047074550E+0	3.047080020E+0	3.046793250E+0	3.047850160E+0	3.046819510E+0	3.046710090E+0	3.046708450E+0	3.046712280E+0	3.047480900E+0	3.046806920E+0	3.046790510E+0	3.046916330E+0	3.046773550E+0	3.047447530E+0	3.046695320E+0	3.046873660E+0	3.046704620E+0	3.046693680E+0	NaN	NaN	NaN	NaN	NaN	NaN	NaN	NaN	NaN	NaN	NaN	NaN	NaN	NaN	NaN	NaN	NaN	NaN	NaN	NaN	NaN	NaN	NaN	NaN	NaN	NaN	NaN	NaN	NaN	NaN
3.045500010E+0	3.046347400E+0	3.046380770E+0	3.046283390E+0	3.046423440E+0	3.046987450E+0	3.046442040E+0	3.046333720E+0	3.046404290E+0	3.046221570E+0	3.046956270E+0	3.046205160E+0	3.046360530E+0	3.046244000E+0	3.046476500E+0	3.046885700E+0	3.046471580E+0	3.046279010E+0	3.046497840E+0	3.046355600E+0	3.046915790E+0	3.046367090E+0	3.046436570E+0	3.046277370E+0	3.046239080E+0	3.046806380E+0	3.046598490E+0	3.046203520E+0	3.046310740E+0	3.046253300E+0	NaN	NaN	NaN	NaN	NaN	NaN	NaN	NaN	NaN	NaN	NaN	NaN	NaN	NaN	NaN	NaN	NaN	NaN	NaN	NaN	NaN	NaN	NaN	NaN	NaN	NaN	NaN	NaN	NaN	NaN
3.044640970E+0	3.045942970E+0	3.045722500E+0	3.045818790E+0	3.045695150E+0	3.046388820E+0	3.045854340E+0	3.045895370E+0	3.045828090E+0	3.045634430E+0	3.046282690E+0	3.045859810E+0	3.046133340E+0	3.045796360E+0	3.045921080E+0	3.046180940E+0	3.046016270E+0	3.045784870E+0	3.045926560E+0	3.045782680E+0	3.046167810E+0	3.045801830E+0	3.045933120E+0	3.045779400E+0	3.045660140E+0	3.046143190E+0	3.045846140E+0	3.045890450E+0	3.045753690E+0	3.045601600E+0	NaN	NaN	NaN	NaN	NaN	NaN	NaN	NaN	NaN	NaN	NaN	NaN	NaN	NaN	NaN	NaN	NaN	NaN	NaN	NaN	NaN	NaN	NaN	NaN	NaN	NaN	NaN	NaN	NaN	NaN
3.044294670E+0	3.045566030E+0	3.045415050E+0	3.045558370E+0	3.045566580E+0	3.046020640E+0	3.045666690E+0	3.046139890E+0	3.045837920E+0	3.046167790E+0	3.046208280E+0	3.045583540E+0	3.045839010E+0	3.045662310E+0	3.045816040E+0	3.046055650E+0	3.045708810E+0	3.045620740E+0	3.045584090E+0	3.045753130E+0	3.046184210E+0	3.045795250E+0	3.045615820E+0	3.045643710E+0	3.045533710E+0	3.046435260E+0	3.045821460E+0	3.045796300E+0	3.045610840E+0	3.045678680E+0	NaN	NaN	NaN	NaN	NaN	NaN	NaN	NaN	NaN	NaN	NaN	NaN	NaN	NaN	NaN	NaN	NaN	NaN	NaN	NaN	NaN	NaN	NaN	NaN	NaN	NaN	NaN	NaN	NaN	NaN
3.044717740E+0	3.046294350E+0	3.045791610E+0	3.045669620E+0	3.045735260E+0	3.046241840E+0	3.045775200E+0	3.045689860E+0	3.045688760E+0	3.045662360E+0	3.045969810E+0	3.045596720E+0	3.045650330E+0	3.045618600E+0	3.045774510E+0	3.046071010E+0	3.045728560E+0	3.045648690E+0	3.045621880E+0	3.045511920E+0	3.045927140E+0	3.045627900E+0	3.045695190E+0	3.045539820E+0	3.045544200E+0	3.045876810E+0	3.045441350E+0	3.045510280E+0	3.045622970E+0	3.045571550E+0	NaN	NaN	NaN	NaN	NaN	NaN	NaN	NaN	NaN	NaN	NaN	NaN	NaN	NaN	NaN	NaN	NaN	NaN	NaN	NaN	NaN	NaN	NaN	NaN	NaN	NaN	NaN	NaN	NaN	NaN
3.043807310E+0	3.045190810E+0	3.044792010E+0	3.045197380E+0	3.045216520E+0	3.045398690E+0	3.045138840E+0	3.045078120E+0	3.045230750E+0	3.045010830E+0	3.045412920E+0	3.045333050E+0	3.044962690E+0	3.045034350E+0	3.044970900E+0	3.045249350E+0	3.044967610E+0	3.044998800E+0	3.045021220E+0	3.045036000E+0	3.045278340E+0	3.045158540E+0	3.045016300E+0	3.045011920E+0	3.044991680E+0	3.045345080E+0	3.045145410E+0	3.045098910E+0	3.044889380E+0	3.045013570E+0	NaN	NaN	NaN	NaN	NaN	NaN	NaN	NaN	NaN	NaN	NaN	NaN	NaN	NaN	NaN	NaN	NaN	NaN	NaN	NaN	NaN	NaN	NaN	NaN	NaN	NaN	NaN	NaN	NaN	NaN
3.043558030E+0	3.044629160E+0	3.044458480E+0	3.044577190E+0	3.044576100E+0	3.045020860E+0	3.044713960E+0	3.044658700E+0	3.044488020E+0	3.044759600E+0	3.044958180E+0	3.044718020E+0	3.044651280E+0	3.044756320E+0	3.044666600E+0	3.045057200E+0	3.044614630E+0	3.044815950E+0	3.044709820E+0	3.044478410E+0	3.044641980E+0	3.044748110E+0	3.044860260E+0	3.044507410E+0	3.044726230E+0	3.045003590E+0	3.044793520E+0	3.044504130E+0	3.045153480E+0	3.044627210E+0	NaN	NaN	NaN	NaN	NaN	NaN	NaN	NaN	NaN	NaN	NaN	NaN	NaN	NaN	NaN	NaN	NaN	NaN	NaN	NaN	NaN	NaN	NaN	NaN	NaN	NaN	NaN	NaN	NaN	NaN
3.043204190E+0	3.044736490E+0	3.044646780E+0	3.044643490E+0	3.044563620E+0	3.044839340E+0	3.044443270E+0	3.044551590E+0	3.044522050E+0	3.044652250E+0	3.045305430E+0	3.044704220E+0	3.044576750E+0	3.044740320E+0	3.044691630E+0	3.044848640E+0	3.044670300E+0	3.044497980E+0	3.044558150E+0	3.044388570E+0	3.044758380E+0	3.044519310E+0	3.044556510E+0	3.044491960E+0	3.044557610E+0	3.044806520E+0	3.044626540E+0	3.044769860E+0	3.044528610E+0	3.044529710E+0	NaN	NaN	NaN	NaN	NaN	NaN	NaN	NaN	NaN	NaN	NaN	NaN	NaN	NaN	NaN	NaN	NaN	NaN	NaN	NaN	NaN	NaN	NaN	NaN	NaN	NaN	NaN	NaN	NaN	NaN
3.042718120E+0	3.044204470E+0	3.044192430E+0	3.044230730E+0	3.044167270E+0	3.044205560E+0	3.044018470E+0	3.044003150E+0	3.044032690E+0	3.044277780E+0	3.044313330E+0	3.044062240E+0	3.043973070E+0	3.044089040E+0	3.044247690E+0	3.044391560E+0	3.044237290E+0	3.044256990E+0	3.044188610E+0	3.044154690E+0	3.044255350E+0	3.043983460E+0	3.043977990E+0	3.044101620E+0	3.044179850E+0	3.044188610E+0	3.044029410E+0	3.044211030E+0	3.043963770E+0	3.044103260E+0	NaN	NaN	NaN	NaN	NaN	NaN	NaN	NaN	NaN	NaN	NaN	NaN	NaN	NaN	NaN	NaN	NaN	NaN	NaN	NaN	NaN	NaN	NaN	NaN	NaN	NaN	NaN	NaN	NaN	NaN
3.042685720E+0	3.043785310E+0	3.044256320E+0	3.043768890E+0	3.043844940E+0	3.044052270E+0	3.043952710E+0	3.043966930E+0	3.043943950E+0	3.043931370E+0	3.044047350E+0	3.043937930E+0	3.043858610E+0	3.043930280E+0	3.043783120E+0	3.043738810E+0	3.043875570E+0	3.043952710E+0	3.044089470E+0	3.043905660E+0	3.044114630E+0	3.043910030E+0	3.043680820E+0	3.043959270E+0	3.043863540E+0	3.044021630E+0	3.043796790E+0	3.043984980E+0	3.043924260E+0	3.043784760E+0	NaN	NaN	NaN	NaN	NaN	NaN	NaN	NaN	NaN	NaN	NaN	NaN	NaN	NaN	NaN	NaN	NaN	NaN	NaN	NaN	NaN	NaN	NaN	NaN	NaN	NaN	NaN	NaN	NaN	NaN
3.042581750E+0	3.043716340E+0	3.043734940E+0	3.043572470E+0	3.043677500E+0	3.043711970E+0	3.043701570E+0	3.043587780E+0	3.043593250E+0	3.043708140E+0	3.044033630E+0	3.043722360E+0	3.043598180E+0	3.043668200E+0	3.043476730E+0	3.043644680E+0	3.043559880E+0	3.043680780E+0	3.043529800E+0	3.043613500E+0	3.043819740E+0	3.043708680E+0	3.043794020E+0	3.043650150E+0	3.043714700E+0	3.043796760E+0	3.043734940E+0	3.043691720E+0	3.043702120E+0	3.043596540E+0	NaN	NaN	NaN	NaN	NaN	NaN	NaN	NaN	NaN	NaN	NaN	NaN	NaN	NaN	NaN	NaN	NaN	NaN	NaN	NaN	NaN	NaN	NaN	NaN	NaN	NaN	NaN	NaN	NaN	NaN
3.041954080E+0	3.043129710E+0	3.043024120E+0	3.043113840E+0	3.043232550E+0	3.043286710E+0	3.043234190E+0	3.043108370E+0	3.043161980E+0	3.043312420E+0	3.043218880E+0	3.043220520E+0	3.043215590E+0	3.043229820E+0	3.043329380E+0	3.043330480E+0	3.043071720E+0	3.043211220E+0	3.043037800E+0	3.043107820E+0	3.042921820E+0	3.043222710E+0	3.043267560E+0	3.043095240E+0	3.043304220E+0	3.043304220E+0	3.043168550E+0	3.043158150E+0	3.043016460E+0	3.043170190E+0	NaN	NaN	NaN	NaN	NaN	NaN	NaN	NaN	NaN	NaN	NaN	NaN	NaN	NaN	NaN	NaN	NaN	NaN	NaN	NaN	NaN	NaN	NaN	NaN	NaN	NaN	NaN	NaN	NaN	NaN
3.041657850E+0	3.042841130E+0	3.042832930E+0	3.042787520E+0	3.042908420E+0	3.042904050E+0	3.042777130E+0	3.042864110E+0	3.042879430E+0	3.042872320E+0	3.042896930E+0	3.042652400E+0	3.042873960E+0	3.042841680E+0	3.042916630E+0	3.042691790E+0	3.042791350E+0	3.042723520E+0	3.042841680E+0	3.042795730E+0	3.042946170E+0	3.042791900E+0	3.042822530E+0	3.042861920E+0	3.042916080E+0	3.042994860E+0	3.042929210E+0	3.042854260E+0	3.042919360E+0	3.042910060E+0	NaN	NaN	NaN	NaN	NaN	NaN	NaN	NaN	NaN	NaN	NaN	NaN	NaN	NaN	NaN	NaN	NaN	NaN	NaN	NaN	NaN	NaN	NaN	NaN	NaN	NaN	NaN	NaN	NaN	NaN
