[Main]
Experiment = "VvsI_400.0K"
Header length = 61    
Date = "20201211 19:23:48"
Comments = "SD: 2I+ to 2I-; Volt1: 1I- to 1I+; Volt2: 2Va to 2Vb; ILG: 1Vb to 2I-"

[System]
System = "PPMS"
Magnet stability range (G) = 5.000000E+1
Magnet check interval (s) = 1.000000E+0
Magnet approach mode = "Linear Approach"
Magnet mode = "Persistent"
Temperature stability time (s) = 1.000000E+0
Temperature approach mode = "Fast Settle"

[Static Temperature]
Set initial temperature = TRUE
Initial temperature (K) = 4.000000E+2
Delay after setting initial temperature (s) = 1.000000E+1
Initial temperature stabilization (K) = 2.000000E-1
Initial temperature ramp rate (K/min) = 1.000000E+1
Wait for initial temperature to stabilize = TRUE
Set final temperature = FALSE

[Measure Voltage Configuration1]
Voltage meter = "Keithley 2182A"
Auto-range = "Manual"
GPIB = "GPIB0::7::INSTR"
Range (V) = 1.000000E+1
Speed = 1.000000

[Measure Voltage Configuration2]
Voltage meter = "Keithley 2182A"
Auto-range = "Manual"
GPIB = "GPIB0::8::INSTR"
Range (V) = 1.000000E+1
Speed = 1.000000

[Measure Voltage Configuration3]
Voltage meter = "Keithley 6430"
Auto-range = "Manual"
GPIB = "GPIB0::9::INSTR"
Range (V) = 2.000000E+1
Speed = 1.000000

[Dynamic Current]
Operating mode = "Linear"
Current source = "Keithley 6430"
GPIB = "GPIB0::9::INSTR"
Initial current (A) = -1.000000E-6
Final current (A) = 1.000000E-6
Current step (A) = 1.000000E-8
Number of measurement sequences = 1.000000E+0
Samples/sequence = 3.000000E+1
Pre-measuement delay (s) = 1.000000E+0
Output limit (V) = 20.000000
Auto-range = 1
Manual range (A) = 0.000010
Check output compliance = "Skip data"
Inital delay (s) = 1.000000
Time (s)	Current (A)	Voltage 1 (V)	Voltage 2 (V)	Voltage 3 (V)	STD_Voltage 1 (V)	STD_Voltage 2 (V)	STD_Voltage 3 (V)	Resistance 1 (Ohms)	Resistance 2 (Ohms)	Resistance 3 (Ohms)	STD_Resistance 1 (Ohms)	STD_Resistance 2 (Ohms)	STD_Resistance 3 (Ohms)	dI/dV 1 (A/V)	dI/dV 2 (A/V)	dI/dV 3 (A/V)	Temperature (K)
0.000000000E+0	-1.000000000E-6	NaN	NaN	NaN	NaN	NaN	NaN	NaN	NaN	NaN	NaN	NaN	NaN	NaN	NaN	NaN	399.989900000E+0
8.509350300E+0	-990.000000000E-9	NaN	NaN	NaN	NaN	NaN	NaN	NaN	NaN	NaN	NaN	NaN	NaN	NaN	NaN	NaN	399.989900000E+0
15.507269382E+0	-980.000000000E-9	NaN	NaN	NaN	NaN	NaN	NaN	NaN	NaN	NaN	NaN	NaN	NaN	NaN	NaN	NaN	399.989900000E+0
22.456742287E+0	-970.000000000E-9	NaN	NaN	NaN	NaN	NaN	NaN	NaN	NaN	NaN	NaN	NaN	NaN	NaN	NaN	NaN	399.989900000E+0
29.436650276E+0	-960.000000000E-9	NaN	NaN	NaN	NaN	NaN	NaN	NaN	NaN	NaN	NaN	NaN	NaN	NaN	NaN	NaN	399.989900000E+0
36.450168610E+0	-950.000000000E-9	NaN	NaN	NaN	NaN	NaN	NaN	NaN	NaN	NaN	NaN	NaN	NaN	NaN	NaN	NaN	399.989900000E+0
43.404374123E+0	-940.000000000E-9	NaN	NaN	NaN	NaN	NaN	NaN	NaN	NaN	NaN	NaN	NaN	NaN	NaN	NaN	NaN	399.989900000E+0
50.370603085E+0	-930.000000000E-9	NaN	NaN	NaN	NaN	NaN	NaN	NaN	NaN	NaN	NaN	NaN	NaN	NaN	NaN	NaN	399.989900000E+0
57.397766113E+0	-920.000000000E-9	NaN	NaN	NaN	NaN	NaN	NaN	NaN	NaN	NaN	NaN	NaN	NaN	NaN	NaN	NaN	399.997600000E+0
64.485952854E+0	-910.000000000E-9	NaN	NaN	NaN	NaN	NaN	NaN	NaN	NaN	NaN	NaN	NaN	NaN	NaN	NaN	NaN	399.997600000E+0
71.447558403E+0	-900.000000000E-9	NaN	NaN	NaN	NaN	NaN	NaN	NaN	NaN	NaN	NaN	NaN	NaN	NaN	NaN	NaN	399.997600000E+0
78.400810242E+0	-890.000000000E-9	NaN	NaN	NaN	NaN	NaN	NaN	NaN	NaN	NaN	NaN	NaN	NaN	NaN	NaN	NaN	399.997600000E+0
85.430006027E+0	-880.000000000E-9	NaN	NaN	NaN	NaN	NaN	NaN	NaN	NaN	NaN	NaN	NaN	NaN	NaN	NaN	NaN	399.997600000E+0
92.390929222E+0	-870.000000000E-9	NaN	NaN	NaN	NaN	NaN	NaN	NaN	NaN	NaN	NaN	NaN	NaN	NaN	NaN	NaN	399.997600000E+0
99.397199631E+0	-860.000000000E-9	NaN	NaN	NaN	NaN	NaN	NaN	NaN	NaN	NaN	NaN	NaN	NaN	NaN	NaN	NaN	399.997600000E+0
106.387145519E+0	-850.000000000E-9	NaN	NaN	NaN	NaN	NaN	NaN	NaN	NaN	NaN	NaN	NaN	NaN	NaN	NaN	NaN	399.997600000E+0
113.344790459E+0	-840.000000000E-9	NaN	NaN	NaN	NaN	NaN	NaN	NaN	NaN	NaN	NaN	NaN	NaN	NaN	NaN	NaN	399.997600000E+0
120.306678295E+0	-830.000000000E-9	NaN	NaN	NaN	NaN	NaN	NaN	NaN	NaN	NaN	NaN	NaN	NaN	NaN	NaN	NaN	400.002000000E+0
127.410816669E+0	-820.000000000E-9	NaN	NaN	NaN	NaN	NaN	NaN	NaN	NaN	NaN	NaN	NaN	NaN	NaN	NaN	NaN	400.002000000E+0
134.369184494E+0	-810.000000000E-9	NaN	NaN	NaN	NaN	NaN	NaN	NaN	NaN	NaN	NaN	NaN	NaN	NaN	NaN	NaN	400.002000000E+0
141.369218826E+0	-800.000000000E-9	NaN	NaN	NaN	NaN	NaN	NaN	NaN	NaN	NaN	NaN	NaN	NaN	NaN	NaN	NaN	400.002000000E+0
148.324751854E+0	-790.000000000E-9	NaN	NaN	NaN	NaN	NaN	NaN	NaN	NaN	NaN	NaN	NaN	NaN	NaN	NaN	NaN	400.002000000E+0
155.287267208E+0	-780.000000000E-9	NaN	NaN	NaN	NaN	NaN	NaN	NaN	NaN	NaN	NaN	NaN	NaN	NaN	NaN	NaN	400.002000000E+0
162.234820843E+0	-770.000000000E-9	NaN	NaN	NaN	NaN	NaN	NaN	NaN	NaN	NaN	NaN	NaN	NaN	NaN	NaN	NaN	400.002000000E+0
169.185616493E+0	-760.000000000E-9	NaN	NaN	NaN	NaN	NaN	NaN	NaN	NaN	NaN	NaN	NaN	NaN	NaN	NaN	NaN	400.002000000E+0
176.179855824E+0	-750.000000000E-9	NaN	NaN	NaN	NaN	NaN	NaN	NaN	NaN	NaN	NaN	NaN	NaN	NaN	NaN	NaN	400.002000000E+0
183.135092735E+0	-740.000000000E-9	NaN	NaN	NaN	NaN	NaN	NaN	NaN	NaN	NaN	NaN	NaN	NaN	NaN	NaN	NaN	400.003800000E+0
190.269202232E+0	-730.000000000E-9	NaN	NaN	NaN	NaN	NaN	NaN	NaN	NaN	NaN	NaN	NaN	NaN	NaN	NaN	NaN	400.003800000E+0
197.320572853E+0	-720.000000000E-9	NaN	NaN	NaN	NaN	NaN	NaN	NaN	NaN	NaN	NaN	NaN	NaN	NaN	NaN	NaN	400.003800000E+0
204.275888443E+0	-710.000000000E-9	NaN	NaN	NaN	NaN	NaN	NaN	NaN	NaN	NaN	NaN	NaN	NaN	NaN	NaN	NaN	400.003800000E+0
211.277859211E+0	-700.000000000E-9	NaN	NaN	NaN	NaN	NaN	NaN	NaN	NaN	NaN	NaN	NaN	NaN	NaN	NaN	NaN	400.003800000E+0
218.256639957E+0	-690.000000000E-9	NaN	NaN	NaN	NaN	NaN	NaN	NaN	NaN	NaN	NaN	NaN	NaN	NaN	NaN	NaN	400.003800000E+0
225.208419800E+0	-680.000000000E-9	NaN	NaN	NaN	NaN	NaN	NaN	NaN	NaN	NaN	NaN	NaN	NaN	NaN	NaN	NaN	400.003800000E+0
232.293182373E+0	-670.000000000E-9	NaN	NaN	NaN	NaN	NaN	NaN	NaN	NaN	NaN	NaN	NaN	NaN	NaN	NaN	NaN	400.003800000E+0
239.311211109E+0	-660.000000000E-9	NaN	NaN	NaN	NaN	NaN	NaN	NaN	NaN	NaN	NaN	NaN	NaN	NaN	NaN	NaN	400.003800000E+0
246.314314365E+0	-650.000000000E-9	NaN	NaN	NaN	NaN	NaN	NaN	NaN	NaN	NaN	NaN	NaN	NaN	NaN	NaN	NaN	399.996800000E+0
253.406366348E+0	-640.000000000E-9	NaN	NaN	NaN	NaN	NaN	NaN	NaN	NaN	NaN	NaN	NaN	NaN	NaN	NaN	NaN	399.996800000E+0
260.354330063E+0	-630.000000000E-9	NaN	NaN	NaN	NaN	NaN	NaN	NaN	NaN	NaN	NaN	NaN	NaN	NaN	NaN	NaN	399.996800000E+0
267.309956074E+0	-620.000000000E-9	NaN	NaN	NaN	NaN	NaN	NaN	NaN	NaN	NaN	NaN	NaN	NaN	NaN	NaN	NaN	399.996800000E+0
274.321386337E+0	-610.000000000E-9	NaN	NaN	NaN	NaN	NaN	NaN	NaN	NaN	NaN	NaN	NaN	NaN	NaN	NaN	NaN	399.996800000E+0
281.278906822E+0	-600.000000000E-9	NaN	NaN	NaN	NaN	NaN	NaN	NaN	NaN	NaN	NaN	NaN	NaN	NaN	NaN	NaN	399.996800000E+0
288.240631104E+0	-590.000000000E-9	NaN	NaN	NaN	NaN	NaN	NaN	NaN	NaN	NaN	NaN	NaN	NaN	NaN	NaN	NaN	399.996800000E+0
295.199768066E+0	-580.000000000E-9	NaN	NaN	NaN	NaN	NaN	NaN	NaN	NaN	NaN	NaN	NaN	NaN	NaN	NaN	NaN	399.996800000E+0
302.150915146E+0	-570.000000000E-9	NaN	NaN	NaN	NaN	NaN	NaN	NaN	NaN	NaN	NaN	NaN	NaN	NaN	NaN	NaN	399.996800000E+0
309.245748520E+0	-560.000000000E-9	NaN	NaN	NaN	NaN	NaN	NaN	NaN	NaN	NaN	NaN	NaN	NaN	NaN	NaN	NaN	399.994600000E+0
316.343583107E+0	-550.000000000E-9	NaN	NaN	NaN	NaN	NaN	NaN	NaN	NaN	NaN	NaN	NaN	NaN	NaN	NaN	NaN	399.994600000E+0
323.305942059E+0	-540.000000000E-9	NaN	NaN	NaN	NaN	NaN	NaN	NaN	NaN	NaN	NaN	NaN	NaN	NaN	NaN	NaN	399.994600000E+0
330.272055626E+0	-530.000000000E-9	NaN	NaN	NaN	NaN	NaN	NaN	NaN	NaN	NaN	NaN	NaN	NaN	NaN	NaN	NaN	399.994600000E+0
337.232161522E+0	-520.000000000E-9	NaN	NaN	NaN	NaN	NaN	NaN	NaN	NaN	NaN	NaN	NaN	NaN	NaN	NaN	NaN	399.994600000E+0
344.258795738E+0	-510.000000000E-9	NaN	NaN	NaN	NaN	NaN	NaN	NaN	NaN	NaN	NaN	NaN	NaN	NaN	NaN	NaN	399.994600000E+0
351.212035179E+0	-500.000000000E-9	NaN	NaN	NaN	NaN	NaN	NaN	NaN	NaN	NaN	NaN	NaN	NaN	NaN	NaN	NaN	399.994600000E+0
358.172126293E+0	-490.000000000E-9	NaN	NaN	NaN	NaN	NaN	NaN	NaN	NaN	NaN	NaN	NaN	NaN	NaN	NaN	NaN	399.994600000E+0
365.134127617E+0	-480.000000000E-9	NaN	NaN	NaN	NaN	NaN	NaN	NaN	NaN	NaN	NaN	NaN	NaN	NaN	NaN	NaN	399.994600000E+0
372.085623264E+0	-470.000000000E-9	NaN	NaN	NaN	NaN	NaN	NaN	NaN	NaN	NaN	NaN	NaN	NaN	NaN	NaN	NaN	400.002100000E+0
379.261496067E+0	-460.000000000E-9	NaN	NaN	NaN	NaN	NaN	NaN	NaN	NaN	NaN	NaN	NaN	NaN	NaN	NaN	NaN	400.002100000E+0
386.226727962E+0	-450.000000000E-9	NaN	NaN	NaN	NaN	NaN	NaN	NaN	NaN	NaN	NaN	NaN	NaN	NaN	NaN	NaN	400.002100000E+0
393.188096523E+0	-440.000000000E-9	NaN	NaN	NaN	NaN	NaN	NaN	NaN	NaN	NaN	NaN	NaN	NaN	NaN	NaN	NaN	400.002100000E+0
400.148692608E+0	-430.000000000E-9	NaN	NaN	NaN	NaN	NaN	NaN	NaN	NaN	NaN	NaN	NaN	NaN	NaN	NaN	NaN	400.002100000E+0
407.099290371E+0	-420.000000000E-9	NaN	NaN	NaN	NaN	NaN	NaN	NaN	NaN	NaN	NaN	NaN	NaN	NaN	NaN	NaN	400.002100000E+0
414.058035851E+0	-410.000000000E-9	NaN	NaN	NaN	NaN	NaN	NaN	NaN	NaN	NaN	NaN	NaN	NaN	NaN	NaN	NaN	400.002100000E+0
421.023121357E+0	-400.000000000E-9	NaN	NaN	NaN	NaN	NaN	NaN	NaN	NaN	NaN	NaN	NaN	NaN	NaN	NaN	NaN	400.002100000E+0
428.029804707E+0	-390.000000000E-9	NaN	NaN	NaN	NaN	NaN	NaN	NaN	NaN	NaN	NaN	NaN	NaN	NaN	NaN	NaN	400.002100000E+0
435.050046444E+0	-380.000000000E-9	NaN	NaN	NaN	NaN	NaN	NaN	NaN	NaN	NaN	NaN	NaN	NaN	NaN	NaN	NaN	400.000500000E+0
442.147464752E+0	-370.000000000E-9	NaN	NaN	NaN	NaN	NaN	NaN	NaN	NaN	NaN	NaN	NaN	NaN	NaN	NaN	NaN	400.000500000E+0
449.127386093E+0	-360.000000000E-9	NaN	NaN	NaN	NaN	NaN	NaN	NaN	NaN	NaN	NaN	NaN	NaN	NaN	NaN	NaN	400.000500000E+0
456.114018440E+0	-350.000000000E-9	NaN	NaN	NaN	NaN	NaN	NaN	NaN	NaN	NaN	NaN	NaN	NaN	NaN	NaN	NaN	400.000500000E+0
463.079737663E+0	-340.000000000E-9	NaN	NaN	NaN	NaN	NaN	NaN	NaN	NaN	NaN	NaN	NaN	NaN	NaN	NaN	NaN	400.000500000E+0
470.097868443E+0	-330.000000000E-9	NaN	NaN	NaN	NaN	NaN	NaN	NaN	NaN	NaN	NaN	NaN	NaN	NaN	NaN	NaN	400.000500000E+0
477.053900719E+0	-320.000000000E-9	NaN	NaN	NaN	NaN	NaN	NaN	NaN	NaN	NaN	NaN	NaN	NaN	NaN	NaN	NaN	400.000500000E+0
484.069228649E+0	-310.000000000E-9	NaN	NaN	NaN	NaN	NaN	NaN	NaN	NaN	NaN	NaN	NaN	NaN	NaN	NaN	NaN	400.000500000E+0
491.082043648E+0	-300.000000000E-9	NaN	NaN	NaN	NaN	NaN	NaN	NaN	NaN	NaN	NaN	NaN	NaN	NaN	NaN	NaN	400.000500000E+0
498.053664684E+0	-290.000000000E-9	NaN	NaN	NaN	NaN	NaN	NaN	NaN	NaN	NaN	NaN	NaN	NaN	NaN	NaN	NaN	399.993000000E+0
505.142343998E+0	-280.000000000E-9	NaN	NaN	NaN	NaN	NaN	NaN	NaN	NaN	NaN	NaN	NaN	NaN	NaN	NaN	NaN	399.993000000E+0
512.103343964E+0	-270.000000000E-9	NaN	NaN	NaN	NaN	NaN	NaN	NaN	NaN	NaN	NaN	NaN	NaN	NaN	NaN	NaN	399.993000000E+0
519.070250034E+0	-260.000000000E-9	NaN	NaN	NaN	NaN	NaN	NaN	NaN	NaN	NaN	NaN	NaN	NaN	NaN	NaN	NaN	399.993000000E+0
526.031500816E+0	-250.000000000E-9	NaN	NaN	NaN	NaN	NaN	NaN	NaN	NaN	NaN	NaN	NaN	NaN	NaN	NaN	NaN	399.993000000E+0
533.000686169E+0	-240.000000000E-9	NaN	NaN	NaN	NaN	NaN	NaN	NaN	NaN	NaN	NaN	NaN	NaN	NaN	NaN	NaN	399.993000000E+0
539.965094090E+0	-230.000000000E-9	NaN	NaN	NaN	NaN	NaN	NaN	NaN	NaN	NaN	NaN	NaN	NaN	NaN	NaN	NaN	399.993000000E+0
546.973851204E+0	-220.000000000E-9	NaN	NaN	NaN	NaN	NaN	NaN	NaN	NaN	NaN	NaN	NaN	NaN	NaN	NaN	NaN	399.993000000E+0
553.930683613E+0	-210.000000000E-9	NaN	NaN	NaN	NaN	NaN	NaN	NaN	NaN	NaN	NaN	NaN	NaN	NaN	NaN	NaN	399.993000000E+0
560.902906895E+0	-200.000000000E-9	NaN	NaN	NaN	NaN	NaN	NaN	NaN	NaN	NaN	NaN	NaN	NaN	NaN	NaN	NaN	400.001700000E+0
567.995544434E+0	-190.000000000E-9	NaN	NaN	NaN	NaN	NaN	NaN	NaN	NaN	NaN	NaN	NaN	NaN	NaN	NaN	NaN	400.001700000E+0
575.006503105E+0	-180.000000000E-9	NaN	NaN	NaN	NaN	NaN	NaN	NaN	NaN	NaN	NaN	NaN	NaN	NaN	NaN	NaN	400.001700000E+0
581.976679802E+0	-170.000000000E-9	NaN	NaN	NaN	NaN	NaN	NaN	NaN	NaN	NaN	NaN	NaN	NaN	NaN	NaN	NaN	400.001700000E+0
588.936923981E+0	-160.000000000E-9	NaN	NaN	NaN	NaN	NaN	NaN	NaN	NaN	NaN	NaN	NaN	NaN	NaN	NaN	NaN	400.001700000E+0
595.890286446E+0	-150.000000000E-9	NaN	NaN	NaN	NaN	NaN	NaN	NaN	NaN	NaN	NaN	NaN	NaN	NaN	NaN	NaN	400.001700000E+0
602.935718060E+0	-140.000000000E-9	NaN	NaN	NaN	NaN	NaN	NaN	NaN	NaN	NaN	NaN	NaN	NaN	NaN	NaN	NaN	400.001700000E+0
610.063674450E+0	-130.000000000E-9	NaN	NaN	NaN	NaN	NaN	NaN	NaN	NaN	NaN	NaN	NaN	NaN	NaN	NaN	NaN	400.001700000E+0
617.010037422E+0	-120.000000000E-9	NaN	NaN	NaN	NaN	NaN	NaN	NaN	NaN	NaN	NaN	NaN	NaN	NaN	NaN	NaN	400.001700000E+0
624.055866241E+0	-110.000000000E-9	NaN	NaN	NaN	NaN	NaN	NaN	NaN	NaN	NaN	NaN	NaN	NaN	NaN	NaN	NaN	400.001600000E+0
631.176660538E+0	-100.000000000E-9	NaN	NaN	NaN	NaN	NaN	NaN	NaN	NaN	NaN	NaN	NaN	NaN	NaN	NaN	NaN	400.001600000E+0
638.143950462E+0	-90.000000000E-9	NaN	NaN	NaN	NaN	NaN	NaN	NaN	NaN	NaN	NaN	NaN	NaN	NaN	NaN	NaN	400.001600000E+0
645.160594940E+0	-80.000000000E-9	NaN	NaN	NaN	NaN	NaN	NaN	NaN	NaN	NaN	NaN	NaN	NaN	NaN	NaN	NaN	400.001600000E+0
652.119966030E+0	-70.000000000E-9	NaN	NaN	NaN	NaN	NaN	NaN	NaN	NaN	NaN	NaN	NaN	NaN	NaN	NaN	NaN	400.001600000E+0
659.096560001E+0	-60.000000000E-9	NaN	NaN	NaN	NaN	NaN	NaN	NaN	NaN	NaN	NaN	NaN	NaN	NaN	NaN	NaN	400.001600000E+0
666.056486130E+0	-50.000000000E-9	NaN	NaN	NaN	NaN	NaN	NaN	NaN	NaN	NaN	NaN	NaN	NaN	NaN	NaN	NaN	400.001600000E+0
673.024021626E+0	-40.000000000E-9	NaN	NaN	NaN	NaN	NaN	NaN	NaN	NaN	NaN	NaN	NaN	NaN	NaN	NaN	NaN	400.001600000E+0
679.982787132E+0	-30.000000000E-9	535.118035400E-6	-1.821260823E-3	-16.056431333E+0	312.090155071E-6	189.238780144E-6	66.865363269E-3	-17.837267847E+3	60.708694100E+3	535.214377778E+6	10.403005169E+3	6.307959338E+3	2.228845442E+6	NaN	NaN	NaN	400.001600000E+0
686.931409359E+0	-20.000000000E-9	-54.389586585E-6	-1.698138220E-3	-11.948324667E+0	313.135596914E-6	187.052015848E-6	88.002407794E-3	2.719479329E+3	84.906911017E+3	597.416233333E+6	15.656779846E+3	9.352600792E+3	4.400120390E+6	-16.963309086E-6	81.219855521E-6	2.434211380E-9	400.000100000E+0
694.126135826E+0	-10.000000000E-9	-619.970640867E-6	-1.595578837E-3	-7.836846567E+0	249.262062996E-6	227.712911912E-6	108.993895884E-3	61.997064087E+3	159.557883700E+3	783.684656667E+6	24.926206300E+3	22.771291191E+3	10.899389588E+6	-17.680931715E-6	97.504486425E-6	2.432215314E-9	400.000100000E+0
701.116744041E+0	486.382200181E-24	-1.335864038E-3	-1.453038275E-3	-3.832301367E+0	276.906675284E-6	228.807273467E-6	13.399700819E-3	NaN	NaN	NaN	NaN	NaN	NaN	-13.968560173E-6	70.155468986E-6	2.497162474E-9	400.000100000E+0
722.832195282E+0	10.000000000E-9	-1.844641915E-3	-1.272911127E-3	-1.573667300E+0	298.427847385E-6	198.253630695E-6	34.701157001E-3	-184.464191500E+3	-127.291112727E+3	-157.366730000E+6	29.842784738E+3	19.825363070E+3	3.470115700E+6	-19.654942675E-6	55.516340232E-6	4.427454694E-9	400.000100000E+0
729.806986332E+0	20.000000000E-9	-2.359528715E-3	-1.116595493E-3	-149.589544333E-3	220.719902276E-6	228.335744922E-6	43.648523001E-3	-117.976435733E+3	-55.829774660E+3	-7.479477217E+6	11.035995114E+3	11.416787246E+3	2.182426150E+6	-19.421744753E-6	63.973127574E-6	7.022088478E-9	400.000100000E+0
736.793975830E+0	30.000000000E-9	-2.845294770E-3	-976.123849733E-6	817.945773333E-3	306.562740203E-6	207.944443855E-6	48.059719411E-3	-94.843158989E+3	-32.537461658E+3	27.264859111E+6	10.218758007E+3	6.931481462E+3	1.601990647E+6	-20.586041155E-6	71.188744954E-6	10.335540024E-9	400.000100000E+0
743.786436081E+0	40.000000000E-9	-3.245956253E-3	-865.832946833E-6	1.614371400E+0	289.794781205E-6	190.654887682E-6	26.897178279E-3	-81.148906333E+3	-21.645823671E+3	40.359285000E+6	7.244869530E+3	4.766372192E+3	672.429456965E+3	-24.958725527E-6	90.669309409E-6	12.556100237E-9	400.000100000E+0
750.752912045E+0	50.000000000E-9	-3.672549142E-3	-795.379566333E-6	2.342016733E+0	231.584633979E-6	202.577753272E-6	30.602132945E-3	-73.450982840E+3	-15.907591327E+3	46.840334667E+6	4.631692680E+3	4.051555065E+3	612.042658890E+3	-23.441553447E-6	141.937830790E-6	13.742959024E-9	400.000900000E+0
757.853658199E+0	60.000000000E-9	-4.090297300E-3	-731.822555667E-6	2.918817200E+0	297.648881867E-6	179.401454756E-6	24.133812761E-3	-68.171621667E+3	-12.197042594E+3	48.646953333E+6	4.960814698E+3	2.990024246E+3	402.230212680E+3	-23.937867369E-6	157.339055048E-6	17.337017873E-9	400.000900000E+0
764.814095020E+0	70.000000000E-9	-4.405162113E-3	-689.662948767E-6	3.480485267E+0	228.765531104E-6	194.238455679E-6	22.795970634E-3	-62.930887329E+3	-9.852327840E+3	49.721218095E+6	3.268079016E+3	2.774835081E+3	325.656723350E+3	-31.759661884E-6	237.193862450E-6	17.804109924E-9	400.000900000E+0
771.781975746E+0	80.000000000E-9	-4.747143147E-3	-671.241822067E-6	3.981538100E+0	255.654313693E-6	284.594384608E-6	21.204330931E-3	-59.339289342E+3	-8.390522776E+3	49.769226250E+6	3.195678921E+3	3.557429808E+3	265.054136637E+3	-29.241387668E-6	542.854960115E-6	19.957975157E-9	400.000900000E+0
778.742066860E+0	90.000000000E-9	-5.017389146E-3	-625.633636500E-6	4.458231333E+0	304.602046760E-6	176.625179795E-6	16.196162115E-3	-55.748768289E+3	-6.951484850E+3	49.535903704E+6	3.384467186E+3	1.962501998E+3	179.957356836E+3	-37.003323081E-6	219.258886881E-6	20.977851794E-9	400.000900000E+0
785.696629524E+0	100.000000000E-9	-5.284680018E-3	-618.718877200E-6	4.972307200E+0	247.797233863E-6	204.809796584E-6	7.409090062E-3	-52.846800177E+3	-6.187188772E+3	49.723072000E+6	2.477972339E+3	2.048097966E+3	74.090900619E+3	-37.412426162E-6	1.446181937E-3	19.452381737E-9	400.000900000E+0
792.655018330E+0	110.000000000E-9	-5.561981546E-3	-592.312256233E-6	5.506028767E+0	281.512153944E-6	165.608201542E-6	8.093097850E-3	-50.563468597E+3	-5.384656875E+3	50.054806970E+6	2.559201399E+3	1.505529105E+3	73.573616816E+3	-36.061827975E-6	378.692904807E-6	18.736361100E-9	400.000900000E+0
799.615625381E+0	120.000000000E-9	-5.799512990E-3	-598.428364967E-6	6.031349867E+0	270.029005697E-6	187.797943467E-6	4.249196636E-3	-48.329274917E+3	-4.986903041E+3	50.261248889E+6	2.250241714E+3	1.564982862E+3	35.409971966E+3	-42.099689277E-6	-1.635026524E-3	19.035976282E-9	400.000900000E+0
806.580256462E+0	130.000000000E-9	-5.973751284E-3	-624.326571833E-6	6.563360800E+0	275.431065923E-6	226.485124662E-6	1.792942148E-3	-45.951932956E+3	-4.802512091E+3	50.487390769E+6	2.118700507E+3	1.742193267E+3	13.791862674E+3	-57.392664674E-6	-386.127118819E-6	18.796606185E-9	400.000900000E+0
813.589246273E+0	140.000000000E-9	-6.126593271E-3	-669.753458900E-6	7.107254800E+0	285.162418856E-6	259.848090566E-6	4.415537452E-3	-43.761380505E+3	-4.783953278E+3	50.766105714E+6	2.036874420E+3	1.856057790E+3	31.539553231E+3	-65.427048155E-6	-220.133948103E-6	18.385935495E-9	400.001700000E+0
820.716942310E+0	150.000000000E-9	-6.244867334E-3	-699.136594667E-6	7.710804333E+0	277.494899312E-6	196.241647939E-6	11.964163081E-3	-41.632448896E+3	-4.660910631E+3	51.405362222E+6	1.849965995E+3	1.308277653E+3	79.761087207E+3	-84.549390542E-6	-340.331272993E-6	16.568648384E-9	400.001700000E+0
827.681549549E+0	160.000000000E-9	-6.418962712E-3	-689.499286967E-6	8.274057333E+0	268.512477626E-6	207.573460553E-6	5.463766096E-3	-40.118516948E+3	-4.309370544E+3	51.712858333E+6	1.678202985E+3	1.297334128E+3	34.148538101E+3	-57.439779006E-6	1.037634193E-3	17.754011075E-9	400.001700000E+0
834.642211914E+0	170.000000000E-9	-6.629609302E-3	-694.163520667E-6	8.792100833E+0	272.375742993E-6	189.996495978E-6	5.710485275E-3	-38.997701778E+3	-4.083314827E+3	51.718240196E+6	1.602210253E+3	1.117626447E+3	33.591089852E+3	-47.472878476E-6	-2.143974904E-3	19.303398267E-9	400.001700000E+0
841.665621281E+0	180.000000000E-9	-6.814187454E-3	-655.996495667E-6	9.298971200E+0	236.200718970E-6	202.021439524E-6	2.187398508E-3	-37.856596969E+3	-3.644424976E+3	51.660951111E+6	1.312226217E+3	1.122341331E+3	12.152213935E+3	-54.177593023E-6	262.006273740E-6	19.728910305E-9	400.001700000E+0
848.623686314E+0	190.000000000E-9	-7.040556388E-3	-643.328531033E-6	9.788175633E+0	267.239487753E-6	181.852945077E-6	2.259276227E-3	-37.055559937E+3	-3.385939637E+3	51.516713860E+6	1.406523620E+3	957.120763563E+0	11.890927508E+3	-44.175673040E-6	789.392794300E-6	20.441351956E-9	400.001700000E+0
855.581377506E+0	200.000000000E-9	-7.250409422E-3	-598.755184067E-6	10.263976333E+0	261.835439199E-6	176.174129927E-6	4.633375535E-3	-36.252047110E+3	-2.993775920E+3	51.319881667E+6	1.309177196E+3	880.870649636E+0	23.166877676E+3	-47.652396582E-6	224.349318158E-6	21.017203211E-9	400.001700000E+0
862.536896706E+0	210.000000000E-9	-7.472894495E-3	-557.793289967E-6	10.729108333E+0	228.781519090E-6	186.095494114E-6	2.914238628E-3	-35.585211883E+3	-2.656158524E+3	51.090992063E+6	1.089435805E+3	886.169019590E+0	13.877326801E+3	-44.946835535E-6	244.129335806E-6	21.499273325E-9	400.001700000E+0
869.554811001E+0	220.000000000E-9	-7.735281371E-3	-500.624564867E-6	11.189118333E+0	238.459777069E-6	230.909457655E-6	1.834098639E-3	-35.160369868E+3	-2.275566204E+3	50.859628788E+6	1.083908078E+3	1.049588444E+3	8.336811994E+3	-38.111662310E-6	174.920815227E-6	21.738657855E-9	400.001700000E+0
876.524607182E+0	230.000000000E-9	-8.017669167E-3	-446.559326300E-6	11.640566333E+0	270.828296471E-6	234.179690755E-6	1.657731070E-3	-34.859431161E+3	-1.941562288E+3	50.611157971E+6	1.177514332E+3	1.018172568E+3	7.207526389E+3	-35.412295225E-6	184.961728924E-6	22.150945402E-9	399.998800000E+0
883.642297268E+0	240.000000000E-9	-8.305529677E-3	-365.470209867E-6	12.088943667E+0	233.203712905E-6	197.604728479E-6	2.514899715E-3	-34.606373656E+3	-1.522792541E+3	50.370598611E+6	971.682137105E+0	823.353035328E+0	10.478748811E+3	-34.739047702E-6	123.321111881E-6	22.302643904E-9	399.998800000E+0
890.637249470E+0	250.000000000E-9	-8.578527774E-3	-299.989320367E-6	12.545101000E+0	308.868020689E-6	212.793817640E-6	3.033342699E-3	-34.314111095E+3	-1.199957281E+3	50.180404000E+6	1.235472083E+3	851.175270561E+0	12.133370797E+3	-36.630292058E-6	152.716312750E-6	21.922260740E-9	399.998800000E+0
897.602096081E+0	260.000000000E-9	-8.896659774E-3	-239.589868533E-6	13.028433667E+0	242.332078041E-6	251.656910375E-6	9.298607046E-3	-34.217922208E+3	-921.499494359E+0	50.109360256E+6	932.046454005E+0	967.911193750E+0	35.763873252E+3	-31.433492983E-6	165.564416505E-6	20.689683710E-9	399.998800000E+0
904.566567898E+0	270.000000000E-9	-9.177222448E-3	-193.982043950E-6	13.545769333E+0	238.224370908E-6	221.979308057E-6	9.945531637E-3	-33.989712770E+3	-718.452014630E+0	50.169516049E+6	882.312484845E+0	822.145585395E+0	36.835302359E+3	-35.642660007E-6	219.260622302E-6	19.329809724E-9	399.998800000E+0
911.637814045E+0	280.000000000E-9	-9.487859818E-3	-106.468330401E-6	14.116793667E+0	277.292720135E-6	202.317750600E-6	15.713565298E-3	-33.885213637E+3	-380.244037145E+0	50.417120238E+6	990.331143339E+0	722.563395001E+0	56.119876064E+3	-32.191876944E-6	114.267805518E-6	17.512388556E-9	399.998800000E+0
918.595051765E+0	290.000000000E-9	-9.806556135E-3	-73.600800925E-6	14.702361333E+0	323.493569133E-6	198.608227480E-6	14.223159534E-3	-33.815710810E+3	-253.795865260E+0	50.697797701E+6	1.115495066E+3	684.855956827E+0	49.045377703E+3	-31.377833621E-6	304.251647740E-6	17.077445647E-9	399.998800000E+0
925.565393448E+0	300.000000000E-9	-10.087123641E-3	-28.736850605E-6	15.271103667E+0	284.187307741E-6	192.088931811E-6	9.982052337E-3	-33.623745470E+3	-95.789502017E+0	50.903678889E+6	947.291025803E+0	640.296439370E+0	33.273507789E+3	-35.642046161E-6	222.896109874E-6	17.582654594E-9	399.998800000E+0
932.520120621E+0	310.000000000E-9	-10.306292327E-3	2.116231348E-6	15.886232333E+0	233.540462626E-6	200.083291987E-6	21.964393079E-3	-33.246104280E+3	6.826552735E+0	51.245910753E+6	753.356331051E+0	645.429974152E+0	70.852880900E+3	-45.626956103E-6	324.116728930E-6	16.256761458E-9	399.998800000E+0
939.478233337E+0	320.000000000E-9	-10.560692567E-3	23.205219561E-6	16.572371000E+0	256.473257416E-6	213.800066389E-6	22.529660963E-3	-33.002164271E+3	72.516311128E+0	51.788659375E+6	801.478929426E+0	668.125207467E+0	70.405190509E+3	-39.308139017E-6	474.181117607E-6	14.574313453E-9	400.005000000E+0
946.612411976E+0	330.000000000E-9	-10.849300543E-3	46.236189764E-6	17.312370667E+0	303.460894834E-6	246.855421610E-6	33.268582874E-3	-32.876668313E+3	140.109665951E+0	52.461729293E+6	919.578469193E+0	748.046732151E+0	100.813887497E+3	-34.649076978E-6	434.197947891E-6	13.513519601E-9	400.005000000E+0
953.576723099E+0	340.000000000E-9	-11.159857083E-3	54.875004669E-6	18.135589333E+0	252.230471611E-6	204.265183036E-6	31.378750215E-3	-32.823109069E+3	161.397072556E+0	53.339968627E+6	741.854328268E+0	600.779950106E+0	92.290441809E+3	-32.200255709E-6	1.157566184E-3	12.147440777E-9	400.005000000E+0
960.530709267E+0	350.000000000E-9	-11.467137027E-3	50.247050227E-6	18.930749000E+0	246.702121654E-6	215.259184313E-6	38.482455774E-3	-32.763248648E+3	143.563000648E+0	54.087854286E+6	704.863204726E+0	615.026240894E+0	109.949873641E+3	-32.543614437E-6	-2.160781858E-3	12.576090588E-9	400.005000000E+0
967.487639904E+0	360.000000000E-9	-11.499360970E-3	-71.549943540E-6	19.372804667E+0	295.294135974E-6	227.736064472E-6	4.922131395E-3	-31.942669361E+3	-198.749843167E+0	53.813346296E+6	820.261488816E+0	632.600179090E+0	13.672587209E+3	-310.328251777E-6	-82.103832703E-6	22.621585366E-9	400.005000000E+0
974.439320564E+0	370.000000000E-9	NaN	NaN	NaN	NaN	NaN	NaN	NaN	NaN	NaN	NaN	NaN	NaN	NaN	NaN	NaN	400.005000000E+0
981.386457443E+0	380.000000000E-9	NaN	NaN	NaN	NaN	NaN	NaN	NaN	NaN	NaN	NaN	NaN	NaN	NaN	NaN	NaN	400.005000000E+0
988.341344833E+0	390.000000000E-9	NaN	NaN	NaN	NaN	NaN	NaN	NaN	NaN	NaN	NaN	NaN	NaN	NaN	NaN	NaN	400.005000000E+0
995.368777275E+0	400.000000000E-9	NaN	NaN	NaN	NaN	NaN	NaN	NaN	NaN	NaN	NaN	NaN	NaN	NaN	NaN	NaN	400.005000000E+0
1.002325408E+3	410.000000000E-9	NaN	NaN	NaN	NaN	NaN	NaN	NaN	NaN	NaN	NaN	NaN	NaN	NaN	NaN	NaN	399.993700000E+0
1.009427186E+3	420.000000000E-9	NaN	NaN	NaN	NaN	NaN	NaN	NaN	NaN	NaN	NaN	NaN	NaN	NaN	NaN	NaN	399.993700000E+0
1.016371870E+3	430.000000000E-9	NaN	NaN	NaN	NaN	NaN	NaN	NaN	NaN	NaN	NaN	NaN	NaN	NaN	NaN	NaN	399.993700000E+0
1.023314475E+3	440.000000000E-9	NaN	NaN	NaN	NaN	NaN	NaN	NaN	NaN	NaN	NaN	NaN	NaN	NaN	NaN	NaN	399.993700000E+0
1.030264626E+3	450.000000000E-9	NaN	NaN	NaN	NaN	NaN	NaN	NaN	NaN	NaN	NaN	NaN	NaN	NaN	NaN	NaN	399.993700000E+0
1.037203971E+3	460.000000000E-9	NaN	NaN	NaN	NaN	NaN	NaN	NaN	NaN	NaN	NaN	NaN	NaN	NaN	NaN	NaN	399.993700000E+0
1.044141468E+3	470.000000000E-9	NaN	NaN	NaN	NaN	NaN	NaN	NaN	NaN	NaN	NaN	NaN	NaN	NaN	NaN	NaN	399.993700000E+0
1.051084019E+3	480.000000000E-9	NaN	NaN	NaN	NaN	NaN	NaN	NaN	NaN	NaN	NaN	NaN	NaN	NaN	NaN	NaN	399.993700000E+0
1.058009434E+3	490.000000000E-9	NaN	NaN	NaN	NaN	NaN	NaN	NaN	NaN	NaN	NaN	NaN	NaN	NaN	NaN	NaN	399.993700000E+0
1.064951789E+3	500.000000000E-9	NaN	NaN	NaN	NaN	NaN	NaN	NaN	NaN	NaN	NaN	NaN	NaN	NaN	NaN	NaN	400.004900000E+0
1.072083812E+3	510.000000000E-9	NaN	NaN	NaN	NaN	NaN	NaN	NaN	NaN	NaN	NaN	NaN	NaN	NaN	NaN	NaN	400.004900000E+0
1.079045985E+3	520.000000000E-9	NaN	NaN	NaN	NaN	NaN	NaN	NaN	NaN	NaN	NaN	NaN	NaN	NaN	NaN	NaN	400.004900000E+0
1.086004578E+3	530.000000000E-9	NaN	NaN	NaN	NaN	NaN	NaN	NaN	NaN	NaN	NaN	NaN	NaN	NaN	NaN	NaN	400.004900000E+0
1.092955537E+3	540.000000000E-9	NaN	NaN	NaN	NaN	NaN	NaN	NaN	NaN	NaN	NaN	NaN	NaN	NaN	NaN	NaN	400.004900000E+0
1.099909664E+3	550.000000000E-9	NaN	NaN	NaN	NaN	NaN	NaN	NaN	NaN	NaN	NaN	NaN	NaN	NaN	NaN	NaN	400.004900000E+0
1.106868840E+3	560.000000000E-9	NaN	NaN	NaN	NaN	NaN	NaN	NaN	NaN	NaN	NaN	NaN	NaN	NaN	NaN	NaN	400.004900000E+0
1.113836365E+3	570.000000000E-9	NaN	NaN	NaN	NaN	NaN	NaN	NaN	NaN	NaN	NaN	NaN	NaN	NaN	NaN	NaN	400.004900000E+0
1.120816194E+3	580.000000000E-9	NaN	NaN	NaN	NaN	NaN	NaN	NaN	NaN	NaN	NaN	NaN	NaN	NaN	NaN	NaN	400.004900000E+0
1.127770602E+3	590.000000000E-9	NaN	NaN	NaN	NaN	NaN	NaN	NaN	NaN	NaN	NaN	NaN	NaN	NaN	NaN	NaN	400.003800000E+0
1.134866885E+3	600.000000000E-9	NaN	NaN	NaN	NaN	NaN	NaN	NaN	NaN	NaN	NaN	NaN	NaN	NaN	NaN	NaN	400.003800000E+0
1.141859012E+3	610.000000000E-9	NaN	NaN	NaN	NaN	NaN	NaN	NaN	NaN	NaN	NaN	NaN	NaN	NaN	NaN	NaN	400.003800000E+0
1.148812525E+3	620.000000000E-9	NaN	NaN	NaN	NaN	NaN	NaN	NaN	NaN	NaN	NaN	NaN	NaN	NaN	NaN	NaN	400.003800000E+0
1.155783823E+3	630.000000000E-9	NaN	NaN	NaN	NaN	NaN	NaN	NaN	NaN	NaN	NaN	NaN	NaN	NaN	NaN	NaN	400.003800000E+0
1.162774700E+3	640.000000000E-9	NaN	NaN	NaN	NaN	NaN	NaN	NaN	NaN	NaN	NaN	NaN	NaN	NaN	NaN	NaN	400.003800000E+0
1.169736613E+3	650.000000000E-9	NaN	NaN	NaN	NaN	NaN	NaN	NaN	NaN	NaN	NaN	NaN	NaN	NaN	NaN	NaN	400.003800000E+0
1.176699249E+3	660.000000000E-9	NaN	NaN	NaN	NaN	NaN	NaN	NaN	NaN	NaN	NaN	NaN	NaN	NaN	NaN	NaN	400.003800000E+0
1.183714320E+3	670.000000000E-9	NaN	NaN	NaN	NaN	NaN	NaN	NaN	NaN	NaN	NaN	NaN	NaN	NaN	NaN	NaN	400.003800000E+0
1.190674720E+3	680.000000000E-9	NaN	NaN	NaN	NaN	NaN	NaN	NaN	NaN	NaN	NaN	NaN	NaN	NaN	NaN	NaN	399.971100000E+0
1.197770651E+3	690.000000000E-9	NaN	NaN	NaN	NaN	NaN	NaN	NaN	NaN	NaN	NaN	NaN	NaN	NaN	NaN	NaN	399.971100000E+0
1.204789291E+3	700.000000000E-9	NaN	NaN	NaN	NaN	NaN	NaN	NaN	NaN	NaN	NaN	NaN	NaN	NaN	NaN	NaN	399.971100000E+0
1.211886481E+3	710.000000000E-9	NaN	NaN	NaN	NaN	NaN	NaN	NaN	NaN	NaN	NaN	NaN	NaN	NaN	NaN	NaN	399.971100000E+0
1.218869727E+3	720.000000000E-9	NaN	NaN	NaN	NaN	NaN	NaN	NaN	NaN	NaN	NaN	NaN	NaN	NaN	NaN	NaN	399.971100000E+0
1.225883054E+3	730.000000000E-9	NaN	NaN	NaN	NaN	NaN	NaN	NaN	NaN	NaN	NaN	NaN	NaN	NaN	NaN	NaN	399.971100000E+0
1.232849531E+3	740.000000000E-9	NaN	NaN	NaN	NaN	NaN	NaN	NaN	NaN	NaN	NaN	NaN	NaN	NaN	NaN	NaN	399.971100000E+0
1.239812893E+3	750.000000000E-9	NaN	NaN	NaN	NaN	NaN	NaN	NaN	NaN	NaN	NaN	NaN	NaN	NaN	NaN	NaN	399.971100000E+0
1.246766585E+3	760.000000000E-9	NaN	NaN	NaN	NaN	NaN	NaN	NaN	NaN	NaN	NaN	NaN	NaN	NaN	NaN	NaN	399.971100000E+0
1.253726797E+3	770.000000000E-9	NaN	NaN	NaN	NaN	NaN	NaN	NaN	NaN	NaN	NaN	NaN	NaN	NaN	NaN	NaN	400.028300000E+0
1.260813315E+3	780.000000000E-9	NaN	NaN	NaN	NaN	NaN	NaN	NaN	NaN	NaN	NaN	NaN	NaN	NaN	NaN	NaN	400.028300000E+0
1.267775503E+3	790.000000000E-9	NaN	NaN	NaN	NaN	NaN	NaN	NaN	NaN	NaN	NaN	NaN	NaN	NaN	NaN	NaN	400.028300000E+0
1.274734434E+3	800.000000000E-9	NaN	NaN	NaN	NaN	NaN	NaN	NaN	NaN	NaN	NaN	NaN	NaN	NaN	NaN	NaN	400.028300000E+0
1.281696289E+3	810.000000000E-9	NaN	NaN	NaN	NaN	NaN	NaN	NaN	NaN	NaN	NaN	NaN	NaN	NaN	NaN	NaN	400.028300000E+0
1.288651881E+3	820.000000000E-9	NaN	NaN	NaN	NaN	NaN	NaN	NaN	NaN	NaN	NaN	NaN	NaN	NaN	NaN	NaN	400.028300000E+0
1.295613337E+3	830.000000000E-9	NaN	NaN	NaN	NaN	NaN	NaN	NaN	NaN	NaN	NaN	NaN	NaN	NaN	NaN	NaN	400.028300000E+0
1.302574941E+3	840.000000000E-9	NaN	NaN	NaN	NaN	NaN	NaN	NaN	NaN	NaN	NaN	NaN	NaN	NaN	NaN	NaN	400.028300000E+0
1.309535590E+3	850.000000000E-9	NaN	NaN	NaN	NaN	NaN	NaN	NaN	NaN	NaN	NaN	NaN	NaN	NaN	NaN	NaN	400.028300000E+0
1.316503552E+3	860.000000000E-9	NaN	NaN	NaN	NaN	NaN	NaN	NaN	NaN	NaN	NaN	NaN	NaN	NaN	NaN	NaN	399.986600000E+0
1.323690136E+3	870.000000000E-9	NaN	NaN	NaN	NaN	NaN	NaN	NaN	NaN	NaN	NaN	NaN	NaN	NaN	NaN	NaN	399.986600000E+0
1.330646046E+3	880.000000000E-9	NaN	NaN	NaN	NaN	NaN	NaN	NaN	NaN	NaN	NaN	NaN	NaN	NaN	NaN	NaN	399.986600000E+0
1.337652707E+3	890.000000000E-9	NaN	NaN	NaN	NaN	NaN	NaN	NaN	NaN	NaN	NaN	NaN	NaN	NaN	NaN	NaN	399.986600000E+0
1.344615505E+3	900.000000000E-9	NaN	NaN	NaN	NaN	NaN	NaN	NaN	NaN	NaN	NaN	NaN	NaN	NaN	NaN	NaN	399.986600000E+0
1.351589049E+3	910.000000000E-9	NaN	NaN	NaN	NaN	NaN	NaN	NaN	NaN	NaN	NaN	NaN	NaN	NaN	NaN	NaN	399.986600000E+0
1.358562278E+3	920.000000000E-9	NaN	NaN	NaN	NaN	NaN	NaN	NaN	NaN	NaN	NaN	NaN	NaN	NaN	NaN	NaN	399.986600000E+0
1.365526319E+3	930.000000000E-9	NaN	NaN	NaN	NaN	NaN	NaN	NaN	NaN	NaN	NaN	NaN	NaN	NaN	NaN	NaN	399.986600000E+0
1.372544543E+3	940.000000000E-9	NaN	NaN	NaN	NaN	NaN	NaN	NaN	NaN	NaN	NaN	NaN	NaN	NaN	NaN	NaN	399.986600000E+0
1.379513521E+3	950.000000000E-9	NaN	NaN	NaN	NaN	NaN	NaN	NaN	NaN	NaN	NaN	NaN	NaN	NaN	NaN	NaN	400.003000000E+0
1.386686557E+3	960.000000000E-9	NaN	NaN	NaN	NaN	NaN	NaN	NaN	NaN	NaN	NaN	NaN	NaN	NaN	NaN	NaN	400.003000000E+0
1.393649074E+3	970.000000000E-9	NaN	NaN	NaN	NaN	NaN	NaN	NaN	NaN	NaN	NaN	NaN	NaN	NaN	NaN	NaN	400.003000000E+0
1.400603230E+3	980.000000000E-9	NaN	NaN	NaN	NaN	NaN	NaN	NaN	NaN	NaN	NaN	NaN	NaN	NaN	NaN	NaN	400.003000000E+0
1.407549536E+3	990.000000000E-9	NaN	NaN	NaN	NaN	NaN	NaN	NaN	NaN	NaN	NaN	NaN	NaN	NaN	NaN	NaN	400.003000000E+0
1.414510366E+3	1.000000000E-6	NaN	NaN	NaN	NaN	NaN	NaN	NaN	NaN	NaN	NaN	NaN	NaN	NaN	NaN	NaN	400.003000000E+0
