[Main]
Experiment = "IvsV"
Header length = 32    
Date = "20190830 17:01:38"
Comments = "SD: 1Vb to 2V-, BG: 2Va to 2V-"

[System]
System = "PPMS"
Magnet stability range (G) = 5.000000E+1
Magnet check interval (s) = 1.000000E+0
Magnet approach mode = "Linear Approach"
Magnet mode = "Persistent"
Temperature stability time (s) = 1.000000E+0
Temperature approach mode = "Fast Settle"

[Dynamic Voltage]
Voltage source = "Keithley 6430"
GPIB = "GPIB0::9::INSTR"
Initial Voltage (V) = 100.000000E-3
Final Voltage (V) = -100.000000E-3
Voltage step (V) = 1.000000E-3
Number of measurement sequences = 1.000000E+0
Samples/sequence = 30.000000E+0
Pre-measuement delay (s) = 1.000000E+0
Current limit (A) = 100.000000E-6
Auto-range = TRUE
Manual range (V) = 10.000000E+0
Measurement Type = "Static"
Pattern = "Linear"
Check compliance = TRUE
Measurement Speed = 1.000000
Time (s)	Voltage 1 (V)	Current (A)	STD_Current (A)	Resistance 1 (Ohms)	STD_Resistance 1 (Ohms)	di/dv (A/V)
0.000000000E+0	100.000001490E-3	2.873541233E-9	50.927747717E-12	34.800266768E+6	616.764842600E+3	28.735411905E-9
2.974123955E+0	98.999999464E-3	2.875660400E-9	13.715509958E-12	34.426874419E+6	164.199548367E+3	-2.119162372E-9
5.842537403E+0	97.999997437E-3	2.861092033E-9	17.741858783E-12	34.252654684E+6	212.403430319E+3	14.568337143E-9
8.711971760E+0	97.000002861E-3	2.824847633E-9	12.935604808E-12	34.338136230E+6	157.241953470E+3	36.244596592E-9
11.580572605E+0	96.000000834E-3	2.791926800E-9	14.949055831E-12	34.384855948E+6	184.109816668E+3	32.920766617E-9
14.449810982E+0	94.999998808E-3	2.761593967E-9	15.891929339E-12	34.400422348E+6	197.961426544E+3	30.332771862E-9
17.316631794E+0	93.999996781E-3	2.740876667E-9	13.578215088E-12	34.295595247E+6	169.899278764E+3	20.717258015E-9
20.183973312E+0	93.000002205E-3	2.710865667E-9	12.131364856E-12	34.306385355E+6	153.524124319E+3	30.011162781E-9
23.056685448E+0	92.000000179E-3	2.687496467E-9	12.332067158E-12	34.232603213E+6	157.082536500E+3	23.369152641E-9
25.924185276E+0	90.999998152E-3	2.664400833E-9	11.910564827E-12	34.154019551E+6	152.677352017E+3	23.095586529E-9
28.795403957E+0	90.000003576E-3	2.636337267E-9	14.335624983E-12	34.138273852E+6	185.633870786E+3	28.063718885E-9
31.661432743E+0	89.000001550E-3	2.610742067E-9	14.793684095E-12	34.089925116E+6	193.169439993E+3	25.595148130E-9
34.529945374E+0	87.999999523E-3	2.589459533E-9	16.113022353E-12	33.983925368E+6	211.466424578E+3	21.282490203E-9
37.415756702E+0	86.999997497E-3	2.557244167E-9	12.043274649E-12	34.020997537E+6	160.220999829E+3	32.215301380E-9
40.286650181E+0	86.000002921E-3	2.537709667E-9	11.374627361E-12	33.888826626E+6	151.897902130E+3	19.534605956E-9
43.151783943E+0	85.000000894E-3	2.501563933E-9	17.436708067E-12	33.978744161E+6	236.842814417E+3	36.145660082E-9
46.017208576E+0	83.999998868E-3	2.480774200E-9	13.161084617E-12	33.860396834E+6	179.637287387E+3	20.789691202E-9
48.883241653E+0	82.999996841E-3	2.448012100E-9	11.834247351E-12	33.905059881E+6	163.904771996E+3	32.762033606E-9
51.753624439E+0	82.000002265E-3	2.427679200E-9	8.263105555E-12	33.777116130E+6	114.967363033E+3	20.333010287E-9
54.625684738E+0	81.000000238E-3	2.400576767E-9	10.960723968E-12	33.741891267E+6	154.061124593E+3	27.102378409E-9
57.495038986E+0	79.999998212E-3	2.363658400E-9	10.779692404E-12	33.845837542E+6	154.357210775E+3	36.918291850E-9
60.373114109E+0	79.000003636E-3	2.346925667E-9	13.059873753E-12	33.661059129E+6	187.312784910E+3	16.732824093E-9
63.242692471E+0	78.000001609E-3	2.306986400E-9	12.090423305E-12	33.810343056E+6	177.192791269E+3	39.939185728E-9
66.113263607E+0	76.999999583E-3	2.278391867E-9	11.450402570E-12	33.795766527E+6	169.845730912E+3	28.594475385E-9
68.983293533E+0	75.999997556E-3	2.246398067E-9	10.037880422E-12	33.831936861E+6	151.175760747E+3	31.993735163E-9
71.853810787E+0	75.000002980E-3	2.215375833E-9	13.852398498E-12	33.854302214E+6	211.685655357E+3	31.022401600E-9
74.721086025E+0	74.000000954E-3	2.191934167E-9	10.844258354E-12	33.760138456E+6	167.023110937E+3	23.441619161E-9
77.594390869E+0	72.999998927E-3	2.155641467E-9	12.328539010E-12	33.864629186E+6	193.678498227E+3	36.292626451E-9
80.468310356E+0	71.999996901E-3	2.125884100E-9	12.571567610E-12	33.868260692E+6	200.282380922E+3	29.757306362E-9
83.336359978E+0	71.000002325E-3	2.092781200E-9	8.657926977E-12	33.926146854E+6	140.353947218E+3	33.103079552E-9
86.210984707E+0	70.000000298E-3	2.071790733E-9	10.774587442E-12	33.787196347E+6	175.714224227E+3	20.990424128E-9
89.078828812E+0	68.999998271E-3	2.046383433E-9	9.625497754E-12	33.718020361E+6	158.598200106E+3	25.407248511E-9
91.945843697E+0	68.000003695E-3	2.012195733E-9	9.615511244E-12	33.793930963E+6	161.488227888E+3	34.187885436E-9
94.812559605E+0	67.000001669E-3	1.980213267E-9	10.671801389E-12	33.834740327E+6	182.342798577E+3	31.982401852E-9
97.682718277E+0	65.999999642E-3	1.947129233E-9	9.415353502E-12	33.896055029E+6	163.904549814E+3	33.083966287E-9
100.556343079E+0	64.999997616E-3	1.927422733E-9	9.809586507E-12	33.723789022E+6	171.636673184E+3	19.706460064E-9
103.429199696E+0	64.000003040E-3	1.889086567E-9	8.351955578E-12	33.878809033E+6	149.783664274E+3	38.336374604E-9
106.296007156E+0	63.000001013E-3	1.864756000E-9	10.515779332E-12	33.784581475E+6	190.518868756E+3	24.330517359E-9
109.165353298E+0	61.999998987E-3	1.844456600E-9	8.724903077E-12	33.614235752E+6	159.006695485E+3	20.299358862E-9
112.034566879E+0	61.000000685E-3	1.802153633E-9	9.065734793E-12	33.848390924E+6	170.274348213E+3	42.303038528E-9
114.905435085E+0	59.999998659E-3	1.786284667E-9	10.584350541E-12	33.589270388E+6	199.027970641E+3	15.868934507E-9
117.777852058E+0	59.000000358E-3	1.745010267E-9	7.884347020E-12	33.810689533E+6	152.764264109E+3	41.274470114E-9
120.648164749E+0	57.999998331E-3	1.726278067E-9	5.841671418E-12	33.598294186E+6	113.695585112E+3	18.732162038E-9
123.517458439E+0	57.000000030E-3	1.698171000E-9	6.526184390E-12	33.565524338E+6	128.994548233E+3	28.107114413E-9
126.384327888E+0	56.000001729E-3	1.660973700E-9	6.966397546E-12	33.715164622E+6	141.406959115E+3	37.197363188E-9
129.251819611E+0	54.999999702E-3	1.634141433E-9	8.598940138E-12	33.656817323E+6	177.103983469E+3	26.832212290E-9
132.117783070E+0	54.000001401E-3	1.601481000E-9	9.913649424E-12	33.718789921E+6	208.729458710E+3	32.660488815E-9
134.989671707E+0	52.999999374E-3	1.581062433E-9	8.332643811E-12	33.521762491E+6	176.669118724E+3	20.418525287E-9
137.857939243E+0	52.000001073E-3	1.555193400E-9	8.688625028E-12	33.436356580E+6	186.803753545E+3	25.869077278E-9
140.731960773E+0	50.999999046E-3	1.516650600E-9	7.353155469E-12	33.626729219E+6	163.031991590E+3	38.542721891E-9
143.601182938E+0	50.000000745E-3	1.489394367E-9	9.368916831E-12	33.570692802E+6	211.173773624E+3	27.256279634E-9
146.472167969E+0	48.999998719E-3	1.458604200E-9	6.600246173E-12	33.593759512E+6	152.013193613E+3	30.790104269E-9
149.341590881E+0	48.000000417E-3	1.427928200E-9	8.850991830E-12	33.615135843E+6	208.362922385E+3	30.676052110E-9
152.211387634E+0	46.999998391E-3	1.389153433E-9	8.280161604E-12	33.833554496E+6	201.667643141E+3	38.774688088E-9
155.081778049E+0	46.000000089E-3	1.367218200E-9	5.860427544E-12	33.644958858E+6	144.215344409E+3	21.935270595E-9
157.950834274E+0	45.000001788E-3	1.339477300E-9	5.915184022E-12	33.595195520E+6	148.357694263E+3	27.740947124E-9
160.822280407E+0	43.999999762E-3	1.309415200E-9	5.949583621E-12	33.602786772E+6	152.680822565E+3	30.062039078E-9
163.690193653E+0	43.000001460E-3	1.284722900E-9	5.748957773E-12	33.470253749E+6	149.774768898E+3	24.692341946E-9
166.557451725E+0	41.999999434E-3	1.244651867E-9	9.781465040E-12	33.744375081E+6	265.190157975E+3	40.070952127E-9
169.425437450E+0	41.000001132E-3	1.213999100E-9	5.849752735E-12	33.772678359E+6	162.736378959E+3	30.652818738E-9
172.305286407E+0	39.999999106E-3	1.185052367E-9	5.162500680E-12	33.753781884E+6	147.043225130E+3	28.946674671E-9
175.173448563E+0	39.000000805E-3	1.159438733E-9	5.914298127E-12	33.636965614E+6	171.582194923E+3	25.613676844E-9
178.043335915E+0	37.999998778E-3	1.126531100E-9	5.721667670E-12	33.731868368E+6	171.324644900E+3	32.907566644E-9
180.913516521E+0	37.000000477E-3	1.099652300E-9	5.206740354E-12	33.646999581E+6	159.315076690E+3	26.878845660E-9
183.782719612E+0	35.999998450E-3	1.069253767E-9	5.867055425E-12	33.668339147E+6	184.740066384E+3	30.398471729E-9
186.657366276E+0	35.000000149E-3	1.040299533E-9	5.892119060E-12	33.644156349E+6	190.556054795E+3	28.954282519E-9
189.530093193E+0	34.000001848E-3	1.005304633E-9	2.207786448E-12	33.820595987E+6	74.274653671E+3	34.994959447E-9
197.123382092E+0	32.999999821E-3	977.539856667E-12	3.877776874E-12	33.758214150E+6	133.914562400E+3	27.764720400E-9
204.615361214E+0	32.000001520E-3	944.462093333E-12	2.787886024E-12	33.881721401E+6	100.012883766E+3	33.077819524E-9
212.106043816E+0	30.999999493E-3	916.082040000E-12	3.868563228E-12	33.839763405E+6	142.903428540E+3	28.379995820E-9
219.595018864E+0	29.999999329E-3	883.510430000E-12	1.602003284E-12	33.955455771E+6	61.568884527E+3	32.571604661E-9
227.094003201E+0	28.999999166E-3	858.157566667E-12	1.865984968E-12	33.793326881E+6	73.480491714E+3	25.352859178E-9
234.588253498E+0	28.000000864E-3	828.117826667E-12	3.621813463E-12	33.811614679E+6	147.876736008E+3	30.039791030E-9
242.076842785E+0	27.000000700E-3	796.175320000E-12	2.582771341E-12	33.912129681E+6	110.010037287E+3	31.942501431E-9
249.569734097E+0	26.000000536E-3	769.912386667E-12	1.722222573E-12	33.770076942E+6	75.540528786E+3	26.262929029E-9
257.061791897E+0	25.000000373E-3	734.631663333E-12	2.619087850E-12	34.030660017E+6	121.325138344E+3	35.280717550E-9
264.551639080E+0	24.000000209E-3	707.327790000E-12	1.496424171E-12	33.930520684E+6	71.783481418E+3	27.303868858E-9
272.050450325E+0	23.000000045E-3	680.295396667E-12	3.216524495E-12	33.808842684E+6	159.852574591E+3	27.032388902E-9
279.544019222E+0	21.999999881E-3	647.253556667E-12	1.949641696E-12	33.989770553E+6	102.383174614E+3	33.041834584E-9
287.030923843E+0	20.999999717E-3	616.657090000E-12	1.393584522E-12	34.054582453E+6	76.960015177E+3	30.596461652E-9
294.518755913E+0	19.999999553E-3	586.356470000E-12	1.507650786E-12	34.108943239E+6	87.701556528E+3	30.300615033E-9
302.011775017E+0	18.999999389E-3	562.907273333E-12	1.346383311E-12	33.753337875E+6	80.732534390E+3	23.449192823E-9
309.500100613E+0	17.999999225E-3	532.097290000E-12	1.349855497E-12	33.828398609E+6	85.817858256E+3	30.809978283E-9
316.993610382E+0	17.000000924E-3	505.210093333E-12	1.015635830E-12	33.649369140E+6	67.646124668E+3	26.887242341E-9
324.479840755E+0	16.000000760E-3	474.278580000E-12	756.716382163E-15	33.735448816E+6	53.825257675E+3	30.931508263E-9
331.973290920E+0	14.999999665E-3	446.321610000E-12	888.550208680E-15	33.608051523E+6	66.907898979E+3	27.956939381E-9
339.463262081E+0	14.000000432E-3	417.312610000E-12	1.211626314E-12	33.547992792E+6	97.403313150E+3	29.009022262E-9
346.954586029E+0	13.000000268E-3	385.051183333E-12	700.800780922E-15	33.761746051E+6	61.447046579E+3	32.261421379E-9
354.447327614E+0	12.000000104E-3	354.283086667E-12	870.884009353E-15	33.871219248E+6	83.260828220E+3	30.768091623E-9
361.945270061E+0	10.999999940E-3	325.022320000E-12	1.211520030E-12	33.843829373E+6	126.152804477E+3	29.260761870E-9
369.433108807E+0	9.999999776E-3	294.747416667E-12	334.985960677E-15	33.927353425E+6	38.559072744E+3	30.274898371E-9
376.932775021E+0	8.999999613E-3	265.143406667E-12	552.047000081E-15	33.943893705E+6	70.673545787E+3	29.604005148E-9
384.425779819E+0	8.000000380E-3	235.017326667E-12	729.572392444E-15	34.040045019E+6	105.671685725E+3	30.126103119E-9
391.917665482E+0	7.000000216E-3	206.895716667E-12	572.906465305E-15	33.833470933E+6	93.686880297E+3	28.121605391E-9
399.416599751E+0	6.000000052E-3	177.565470000E-12	376.488446633E-15	33.790353790E+6	71.644998374E+3	29.330241859E-9
406.909739017E+0	4.999999888E-3	148.927823333E-12	314.879300010E-15	33.573309381E+6	70.984319252E+3	28.637641973E-9
414.399728775E+0	4.000000190E-3	118.721550000E-12	363.379353170E-15	33.692284088E+6	103.124330829E+3	30.206282448E-9
421.888059139E+0	3.000000026E-3	88.391748667E-12	783.699334719E-15	33.939819851E+6	300.917389226E+3	30.329796362E-9
430.216532707E+0	2.000000095E-3	59.506048667E-12	182.735819540E-15	33.610030237E+6	103.212304594E+3	28.885701991E-9
438.143957615E+0	1.000000047E-3	30.025323333E-12	136.167178671E-15	33.305221609E+6	151.041772678E+3	29.480723933E-9
446.064064026E+0	-76.327832943E-18	731.018170000E-15	77.483394666E-15	-104.413044813E-6	11.067135526E-6	29.294303772E-9
453.980538845E+0	-1.000000047E-3	-24.057104000E-12	102.283824575E-15	41.567765077E+6	176.734073689E+3	24.788120993E-9
461.897106171E+0	-2.000000095E-3	-53.078203333E-12	121.285617913E-15	37.680252333E+6	86.100741931E+3	29.021097955E-9
469.809812546E+0	-3.000000026E-3	-81.865298000E-12	140.939138012E-15	36.645564108E+6	63.088931983E+3	28.787096651E-9
477.725411892E+0	-4.000000190E-3	-110.986419667E-12	3.655281295E-12	36.040447129E+6	1.186973800E+6	29.121116893E-9
486.002400398E+0	-4.999999888E-3	-142.213226667E-12	328.116491018E-15	35.158472988E+6	81.118156564E+3	31.226816423E-9
493.492707729E+0	-6.000000052E-3	-172.462363333E-12	498.163694522E-15	34.790199648E+6	100.492733921E+3	30.249131708E-9
500.983622074E+0	-7.000000216E-3	-201.528773333E-12	321.535525933E-15	34.734495230E+6	55.418261160E+3	29.066405236E-9
508.472329617E+0	-8.000000380E-3	-230.955833333E-12	787.887129731E-15	34.638659109E+6	118.166981578E+3	29.427055177E-9
515.967730999E+0	-8.999999613E-3	-260.038733333E-12	865.633022242E-15	34.610227089E+6	115.212665019E+3	29.082922319E-9
523.458010197E+0	-9.999999776E-3	-288.927766667E-12	1.280933945E-12	34.610726037E+6	153.443382549E+3	28.889028598E-9
530.951301575E+0	-10.999999940E-3	-318.862673333E-12	1.220126804E-12	34.497609348E+6	132.004970698E+3	29.934901760E-9
538.440345287E+0	-12.000000104E-3	-347.451673333E-12	650.799071664E-15	34.537177470E+6	64.690328931E+3	28.588995314E-9
545.935105324E+0	-13.000000268E-3	-378.815443333E-12	572.565714755E-15	34.317503410E+6	51.869653717E+3	31.363764859E-9
553.428678036E+0	-14.000000432E-3	-406.665566667E-12	1.371800534E-12	34.426323691E+6	116.129943359E+3	27.850118768E-9
560.918056011E+0	-14.999999665E-3	-436.906720000E-12	826.165301736E-15	34.332270432E+6	64.920334851E+3	30.241176541E-9
568.415295601E+0	-16.000000760E-3	-462.358033333E-12	2.100154709E-12	34.605218481E+6	157.186222142E+3	25.451285458E-9
575.909804821E+0	-17.000000924E-3	-494.780706667E-12	1.713097435E-12	34.358657674E+6	118.961243907E+3	32.422668019E-9
583.403554440E+0	-17.999999225E-3	-525.248983333E-12	2.207640419E-12	34.269460382E+6	144.035777863E+3	30.468328424E-9
590.896966457E+0	-18.999999389E-3	-556.861120000E-12	1.390826693E-12	34.119816785E+6	85.218289157E+3	31.612131485E-9
598.397726059E+0	-19.999999553E-3	-584.246976667E-12	2.324898171E-12	34.232097643E+6	136.220030889E+3	27.385852178E-9
605.887884617E+0	-20.999999717E-3	-611.495156667E-12	1.702579060E-12	34.342054042E+6	95.618193286E+3	27.248175534E-9
613.379684448E+0	-21.999999881E-3	-637.986756667E-12	1.821539649E-12	34.483474227E+6	98.455046102E+3	26.491595658E-9
620.869286060E+0	-23.000000045E-3	-665.449503333E-12	2.045476193E-12	34.563103480E+6	106.240976913E+3	27.462742165E-9
628.364867687E+0	-24.000000209E-3	-695.202300000E-12	1.830275064E-12	34.522325672E+6	90.887719799E+3	29.752791790E-9
635.863674164E+0	-25.000000373E-3	-725.504963333E-12	2.513219812E-12	34.458758570E+6	119.368493819E+3	30.302658366E-9
643.357054234E+0	-26.000000536E-3	-750.932326667E-12	1.225079552E-12	34.623626675E+6	56.485378990E+3	25.427359165E-9
650.847917557E+0	-27.000000700E-3	-784.077873333E-12	2.485553807E-12	34.435356001E+6	109.161262055E+3	33.145541234E-9
658.355034351E+0	-28.000000864E-3	-812.033273333E-12	1.883399151E-12	34.481346743E+6	79.974726799E+3	27.955395418E-9
665.844012737E+0	-28.999999166E-3	-841.196623333E-12	1.323530075E-12	34.474697545E+6	54.242132872E+3	29.163399541E-9
673.339789391E+0	-29.999999329E-3	-877.708403333E-12	2.028071335E-12	34.179915807E+6	78.977604869E+3	36.511774015E-9
680.835784435E+0	-30.999999493E-3	-910.795580000E-12	1.697496468E-12	34.036176914E+6	63.434969783E+3	33.087171243E-9
688.334257603E+0	-32.000001520E-3	-939.275306667E-12	3.363319902E-12	34.068820177E+6	121.992285028E+3	28.479668951E-9
695.829664707E+0	-32.999999821E-3	-962.329993333E-12	1.305959774E-12	34.291771066E+6	46.536711823E+3	23.054725830E-9
703.322409630E+0	-34.000001848E-3	-994.621550000E-12	1.480743384E-12	34.183858019E+6	50.891237572E+3	32.291491226E-9
710.820202351E+0	-35.000000149E-3	-1.021262433E-9	1.909606525E-12	34.271308732E+6	64.082171879E+3	26.640928589E-9
718.309682846E+0	-35.999998450E-3	-1.053169600E-9	10.153438910E-12	34.182527154E+6	329.548252483E+3	31.907220868E-9
721.628641605E+0	-37.000000477E-3	-1.080964700E-9	5.218199076E-12	34.228685245E+6	165.233974537E+3	27.795043672E-9
724.494822979E+0	-37.999998778E-3	-1.109223267E-9	7.510149390E-12	34.258205647E+6	231.949914836E+3	28.258614670E-9
727.364859104E+0	-39.000000805E-3	-1.144503300E-9	4.874618409E-12	34.075918177E+6	145.134660637E+3	35.279961836E-9
730.233265400E+0	-39.999999106E-3	-1.163943500E-9	6.690157865E-12	34.365928506E+6	197.529765733E+3	19.440233024E-9
733.104542255E+0	-41.000001132E-3	-1.199050300E-9	5.554100214E-12	34.193729098E+6	158.388182785E+3	35.106728854E-9
735.970711231E+0	-41.999999434E-3	-1.230216533E-9	6.735323737E-12	34.140330824E+6	186.915209123E+3	31.166286277E-9
738.838876724E+0	-43.000001460E-3	-1.264902733E-9	6.939971489E-12	33.994709891E+6	186.514196873E+3	34.686129707E-9
741.706359863E+0	-43.999999762E-3	-1.300006733E-9	5.305511772E-12	33.845978358E+6	138.130235809E+3	35.104059632E-9
744.574194431E+0	-45.000001788E-3	-1.323576000E-9	6.361712684E-12	33.998804593E+6	163.413832244E+3	23.569218902E-9
747.442226887E+0	-46.000000089E-3	-1.352892200E-9	6.267835338E-12	34.001230911E+6	157.524832080E+3	29.316249800E-9
750.311184406E+0	-46.999998391E-3	-1.388704600E-9	6.754278417E-12	33.844489599E+6	164.610317876E+3	35.812460836E-9
753.181448460E+0	-48.000000417E-3	-1.415807067E-9	4.357688306E-12	33.902924733E+6	104.349231004E+3	27.102411742E-9
756.051969528E+0	-48.999998719E-3	-1.440411200E-9	5.848844645E-12	34.018062841E+6	138.131642329E+3	24.604175129E-9
758.925517559E+0	-50.000000745E-3	-1.471381200E-9	7.732845162E-12	33.981677043E+6	178.590732928E+3	30.969937238E-9
761.793326378E+0	-50.999999046E-3	-1.498335400E-9	7.556803021E-12	34.037772215E+6	171.668332679E+3	26.954245788E-9
764.664156437E+0	-52.000001073E-3	-1.538420567E-9	10.127136153E-12	33.800900872E+6	222.505037081E+3	40.085085432E-9
767.533302307E+0	-52.999999374E-3	-1.572278400E-9	6.873679894E-12	33.709042479E+6	147.369045792E+3	33.857890849E-9
770.404331207E+0	-54.000001401E-3	-1.591064467E-9	11.465346874E-12	33.939543326E+6	244.571257254E+3	18.786028596E-9
773.271590233E+0	-54.999999702E-3	-1.622360200E-9	6.904843759E-12	33.901225944E+6	144.285263151E+3	31.295786496E-9
776.142997265E+0	-56.000001729E-3	-1.654444433E-9	7.880297722E-12	33.848221554E+6	161.222739083E+3	32.084168313E-9
779.012244701E+0	-57.000000030E-3	-1.681839067E-9	8.327555107E-12	33.891471045E+6	167.812187494E+3	27.394679870E-9
781.882819653E+0	-57.999998331E-3	-1.712029933E-9	8.715334935E-12	33.877911362E+6	172.460386745E+3	30.190917953E-9
784.752095222E+0	-59.000000358E-3	-1.742188200E-9	6.652507572E-12	33.865457450E+6	129.314509254E+3	30.158205549E-9
787.620120525E+0	-59.999998659E-3	-1.768217167E-9	8.422423138E-12	33.932482836E+6	161.628183446E+3	26.029010883E-9
790.486785412E+0	-61.000000685E-3	-1.791895700E-9	9.271542085E-12	34.042160314E+6	176.139337803E+3	23.678485348E-9
793.355051041E+0	-61.999998987E-3	-1.816694233E-9	8.919886023E-12	34.127921941E+6	167.566543859E+3	24.798575459E-9
796.222015858E+0	-63.000001013E-3	-1.850359933E-9	7.365995211E-12	34.047430383E+6	135.537526844E+3	33.665631775E-9
799.090071678E+0	-64.000003040E-3	-1.883723000E-9	11.682060798E-12	33.975272925E+6	210.700407612E+3	33.362999055E-9
801.955255032E+0	-64.999997616E-3	-1.910561400E-9	7.173796040E-12	34.021412563E+6	127.743957733E+3	26.838545573E-9
804.822719097E+0	-65.999999642E-3	-1.940773000E-9	10.140502759E-12	34.007068133E+6	177.686297282E+3	30.211538775E-9
807.692994118E+0	-67.000001669E-3	-1.964906033E-9	9.098147210E-12	34.098323549E+6	157.886210334E+3	24.132984426E-9
810.562486172E+0	-68.000003695E-3	-1.995693667E-9	7.291415866E-12	34.073367487E+6	124.489592996E+3	30.787570941E-9
813.431482792E+0	-68.999998271E-3	-2.028014933E-9	10.902502389E-12	34.023417253E+6	182.908114620E+3	32.321441979E-9
816.298488617E+0	-70.000000298E-3	-2.068281367E-9	9.746289421E-12	33.844524940E+6	159.484362577E+3	40.266351731E-9
819.165591240E+0	-71.000002325E-3	-2.092631900E-9	11.498366257E-12	33.928567334E+6	186.427003132E+3	24.350483986E-9
822.035950184E+0	-71.999996901E-3	-2.109156100E-9	14.174244983E-12	34.136874412E+6	229.411384431E+3	16.524289628E-9
824.903788567E+0	-72.999998927E-3	-2.149214733E-9	10.213444996E-12	33.965893587E+6	161.411877791E+3	40.058552152E-9
827.773400784E+0	-74.000000954E-3	-2.173247533E-9	11.078799100E-12	34.050424454E+6	173.582533058E+3	24.032751296E-9
830.648542881E+0	-75.000002980E-3	-2.209579367E-9	9.775398891E-12	33.943113387E+6	150.167709733E+3	36.331759705E-9
833.518107891E+0	-75.999997556E-3	-2.242475467E-9	15.527972037E-12	33.891116619E+6	234.678291456E+3	32.896278430E-9
836.392986298E+0	-76.999999583E-3	-2.256081167E-9	11.242525735E-12	34.129977556E+6	170.076837960E+3	13.605672427E-9
839.263685226E+0	-78.000001609E-3	-2.283948700E-9	9.151823075E-12	34.151380725E+6	136.845190157E+3	27.867476858E-9
842.132496834E+0	-79.000003636E-3	-2.304989267E-9	11.471658657E-12	34.273480045E+6	170.575052019E+3	21.040524027E-9
845.001603603E+0	-79.999998212E-3	-2.365410733E-9	11.229196087E-12	33.820764016E+6	160.555621728E+3	60.421794396E-9
847.870934010E+0	-81.000000238E-3	-2.388549333E-9	9.723567524E-12	33.911797051E+6	138.051847579E+3	23.138553108E-9
850.736968040E+0	-82.000002265E-3	-2.401031433E-9	11.350860131E-12	34.151990318E+6	161.453307066E+3	12.482074704E-9
853.604001999E+0	-82.999996841E-3	-2.434231567E-9	10.102199428E-12	34.097001279E+6	141.504494288E+3	33.200313413E-9
856.476187229E+0	-83.999998868E-3	-2.466336800E-9	11.212728646E-12	34.058608243E+6	154.840949656E+3	32.105168270E-9
859.345930099E+0	-85.000000894E-3	-2.495575567E-9	14.206741852E-12	34.060279332E+6	193.897392783E+3	29.238707413E-9
862.212413311E+0	-86.000002921E-3	-2.522225467E-9	10.178939040E-12	34.096873597E+6	137.604667937E+3	26.649845993E-9
865.077863693E+0	-86.999997497E-3	-2.546344300E-9	15.139605065E-12	34.166627622E+6	203.141911567E+3	24.118964155E-9
867.947602272E+0	-87.999999523E-3	-2.569381267E-9	10.870155904E-12	34.249490593E+6	144.897648009E+3	23.036919981E-9
870.819128036E+0	-89.000001550E-3	-2.587505800E-9	14.185340730E-12	34.396058764E+6	188.567621114E+3	18.124496603E-9
873.687414169E+0	-90.000003576E-3	-2.637224967E-9	12.584696669E-12	34.126782779E+6	162.851184474E+3	49.719065908E-9
876.559779644E+0	-90.999998152E-3	-2.661496167E-9	13.249228930E-12	34.191294089E+6	170.208128979E+3	24.271331648E-9
879.430627823E+0	-92.000000179E-3	-2.707044900E-9	12.065359481E-12	33.985398683E+6	151.473679735E+3	45.548641026E-9
882.299162865E+0	-93.000002205E-3	-2.739320900E-9	16.933995152E-12	33.950021045E+6	209.872998744E+3	32.275934591E-9
885.171647072E+0	-93.999996781E-3	-2.770208167E-9	18.819761820E-12	33.932466849E+6	230.524533053E+3	30.887434201E-9
888.039798260E+0	-94.999998808E-3	-2.796950133E-9	13.146113520E-12	33.965567593E+6	159.643606804E+3	26.741912473E-9
890.908604622E+0	-96.000000834E-3	-2.814351000E-9	12.773390237E-12	34.110884120E+6	154.817801399E+3	17.400831403E-9
893.775978088E+0	-97.000002861E-3	-2.845769067E-9	13.422302269E-12	34.085690226E+6	160.767942354E+3	31.418002996E-9
896.653510094E+0	-97.999997437E-3	-2.888691767E-9	16.754235542E-12	33.925390922E+6	196.765192092E+3	42.922932815E-9
899.525885582E+0	-98.999999464E-3	-2.912537533E-9	15.300335089E-12	33.990978084E+6	178.563657546E+3	23.845718342E-9
902.394970894E+0	-100.000001490E-3	-2.936995100E-9	11.309016126E-12	34.048405968E+6	131.104737686E+3	24.457517102E-9
