[Main]
Experiment = "IvsV"
Header length = 32    
Date = "20190903 09:47:58"
Comments = "SD: 1Vb to 2V-, BG: 2Va to 2V-"

[System]
System = "PPMS"
Magnet stability range (G) = 5.000000E+1
Magnet check interval (s) = 1.000000E+0
Magnet approach mode = "Linear Approach"
Magnet mode = "Persistent"
Temperature stability time (s) = 1.000000E+0
Temperature approach mode = "Fast Settle"

[Dynamic Voltage]
Voltage source = "Keithley 6430"
GPIB = "GPIB0::9::INSTR"
Initial Voltage (V) = -100.000000E-3
Final Voltage (V) = 100.000000E-3
Voltage step (V) = 1.000000E-3
Number of measurement sequences = 1.000000E+0
Samples/sequence = 30.000000E+0
Pre-measuement delay (s) = 1.000000E+0
Current limit (A) = 100.000000E-6
Auto-range = TRUE
Manual range (V) = 10.000000E+0
Measurement Type = "Static"
Pattern = "Linear"
Check compliance = TRUE
Measurement Speed = 1.000000
Time (s)	Voltage 1 (V)	Current (A)	STD_Current (A)	Resistance 1 (Ohms)	STD_Resistance 1 (Ohms)	di/dv (A/V)	Voltage 2 (V)	STD_Voltage 2 (V)	Resistance 2 (Ohms)	STD_Resistance 2 (Ohms)
0.000000000E+0	-100.000001490E-3	-3.227177600E-9	132.037029095E-12	30.986829324E+6	1.267797869E+6	32.271775519E-9	-50.607628657E-3	1.411588567E-3	15.681699283E+6	437.406533358E+3
4.833493710E+0	-98.999999464E-3	-3.177189400E-9	96.544446307E-12	31.159615308E+6	946.839306155E+3	49.988098696E-9	-50.855916210E-3	1.547210855E-3	16.006573675E+6	486.974700059E+3
9.535313606E+0	-97.999997437E-3	-3.119490500E-9	102.230018457E-12	31.415385762E+6	1.029525644E+6	57.698783070E-9	-50.312249087E-3	1.410771279E-3	16.128354642E+6	452.244133791E+3
14.235255241E+0	-97.000002861E-3	-3.066667833E-9	95.410378714E-12	31.630423682E+6	984.087898143E+3	52.822953180E-9	-49.855750353E-3	1.550973922E-3	16.257303713E+6	505.752173514E+3
18.938898563E+0	-96.000000834E-3	-3.045972800E-9	102.106096273E-12	31.517024983E+6	1.056503324E+6	20.694991394E-9	-49.969185143E-3	1.498852839E-3	16.405000446E+6	492.076895450E+3
23.641312122E+0	-94.999998808E-3	-2.990065333E-9	100.246454381E-12	31.771880617E+6	1.065200263E+6	55.907353367E-9	-49.551338893E-3	1.620046713E-3	16.571992037E+6	541.809804309E+3
28.381469727E+0	-93.999996781E-3	-2.976426333E-9	92.653118898E-12	31.581496148E+6	983.099794818E+3	13.638972360E-9	-48.919464227E-3	1.369047774E-3	16.435637489E+6	459.963601016E+3
33.129180908E+0	-93.000002205E-3	-2.923463733E-9	102.828909792E-12	31.811580607E+6	1.118929616E+6	52.962887272E-9	-49.296033493E-3	1.516757390E-3	16.862201139E+6	518.822030475E+3
37.861462593E+0	-92.000000179E-3	-2.875869067E-9	87.252985147E-12	31.990329895E+6	970.576794181E+3	47.594570214E-9	-49.110337270E-3	1.598757884E-3	17.076694429E+6	555.921652430E+3
42.607333660E+0	-90.999998152E-3	-2.836366167E-9	93.905464384E-12	32.083304061E+6	1.062203323E+6	39.502819945E-9	-48.278337920E-3	1.530152377E-3	17.021193698E+6	539.476318404E+3
47.310863495E+0	-90.000003576E-3	-2.781958967E-9	124.968091138E-12	32.351305197E+6	1.453249636E+6	54.407495107E-9	-48.593929787E-3	1.502139586E-3	17.467522120E+6	539.957491871E+3
52.016518593E+0	-89.000001550E-3	-2.776273700E-9	91.824442361E-12	32.057358592E+6	1.060287779E+6	5.685255145E-9	-48.382227370E-3	1.374596947E-3	17.427038037E+6	495.122994045E+3
56.720055580E+0	-87.999999523E-3	-2.737555167E-9	168.181800439E-12	32.145470745E+6	1.974858155E+6	38.718454868E-9	-47.647449227E-3	1.523300845E-3	17.405110153E+6	556.445716012E+3
61.426336765E+0	-86.999997497E-3	-2.725025433E-9	101.103245899E-12	31.926306607E+6	1.184522239E+6	12.529707941E-9	-46.865333457E-3	1.576687641E-3	17.198126991E+6	578.595568933E+3
66.157424927E+0	-86.000002921E-3	-2.699982400E-9	94.886621542E-12	31.852060562E+6	1.119390414E+6	25.043169168E-9	-46.871616683E-3	1.984419892E-3	17.359971192E+6	734.975121438E+3
70.863279343E+0	-85.000000894E-3	-2.657795500E-9	86.685538348E-12	31.981392434E+6	1.043091622E+6	42.186814506E-9	-46.387681023E-3	1.602449117E-3	17.453442533E+6	602.924159157E+3
75.615826607E+0	-83.999998868E-3	-2.605918067E-9	101.643788608E-12	32.234320772E+6	1.257299118E+6	51.877328201E-9	-46.136636627E-3	1.522329182E-3	17.704561481E+6	584.181521725E+3
80.319231510E+0	-82.999996841E-3	-2.563849967E-9	94.364568518E-12	32.373187948E+6	1.191521326E+6	42.068014747E-9	-46.123337110E-3	1.612161223E-3	17.989873709E+6	628.804822371E+3
85.020037651E+0	-82.000002265E-3	-2.540724800E-9	92.856952611E-12	32.274255860E+6	1.179540990E+6	23.125292099E-9	-46.112147607E-3	1.556275521E-3	18.149209866E+6	612.532109443E+3
89.717414379E+0	-81.000000238E-3	-2.517797867E-9	89.792538183E-12	32.170970240E+6	1.147317309E+6	22.926886871E-9	-45.181764383E-3	1.522262623E-3	17.944953001E+6	604.600807343E+3
94.423008919E+0	-79.999998212E-3	-2.470217267E-9	259.528016791E-12	32.385814516E+6	3.402545325E+6	47.580503575E-9	-44.894894183E-3	1.424417627E-3	18.174471853E+6	576.636576288E+3
99.125759602E+0	-79.000003636E-3	-2.424205100E-9	135.129865300E-12	32.588003233E+6	1.816518119E+6	46.012416239E-9	-44.444289230E-3	1.478041119E-3	18.333551575E+6	609.701348804E+3
103.828599453E+0	-78.000001609E-3	-2.391479033E-9	101.644985723E-12	32.615799897E+6	1.386268693E+6	32.726000346E-9	-43.993729297E-3	1.674645385E-3	18.396033870E+6	700.255098122E+3
108.531262398E+0	-76.999999583E-3	-2.403234800E-9	94.734550635E-12	32.040148379E+6	1.263009781E+6	-11.755742843E-9	-43.762970950E-3	1.389982607E-3	18.210027148E+6	578.379859908E+3
113.241113186E+0	-75.999997556E-3	-2.366359967E-9	98.672159730E-12	32.116837094E+6	1.339203555E+6	36.874758604E-9	-43.528927310E-3	1.489880737E-3	18.394888319E+6	629.608663920E+3
117.954115391E+0	-75.000002980E-3	-2.330519533E-9	106.107958925E-12	32.181666752E+6	1.465223065E+6	35.840627734E-9	-43.714743337E-3	1.463026674E-3	18.757509951E+6	627.768466572E+3
123.051364899E+0	-74.000000954E-3	-2.293569900E-9	104.286161701E-12	32.264114102E+6	1.467014640E+6	36.949558453E-9	-43.493675247E-3	1.585164316E-3	18.963309227E+6	691.134077018E+3
127.745522499E+0	-72.999998927E-3	-2.263005733E-9	108.996288579E-12	32.257982316E+6	1.553686010E+6	30.564104727E-9	-43.111397237E-3	1.511543961E-3	19.050502878E+6	667.936425889E+3
132.443299294E+0	-71.999996901E-3	-2.227012100E-9	94.218151342E-12	32.330312395E+6	1.367797807E+6	35.993560390E-9	-43.350519907E-3	1.580430861E-3	19.465776547E+6	709.664244999E+3
137.138996124E+0	-71.000002325E-3	-2.166756533E-9	77.482767523E-12	32.767872732E+6	1.171772382E+6	60.255893496E-9	-43.201673647E-3	1.572029016E-3	19.938407007E+6	725.521760956E+3
141.831081867E+0	-70.000000298E-3	-2.123115567E-9	97.298348813E-12	32.970414516E+6	1.510971396E+6	43.640878226E-9	-42.756193757E-3	1.698417072E-3	20.138420361E+6	799.964494730E+3
146.526618004E+0	-68.999998271E-3	-2.099211300E-9	113.120511651E-12	32.869486874E+6	1.771242930E+6	23.904218223E-9	-41.900481540E-3	1.519804976E-3	19.960106703E+6	723.988564817E+3
151.225265026E+0	-68.000003695E-3	-2.091837400E-9	92.944964695E-12	32.507308501E+6	1.444371652E+6	7.373939996E-9	-42.033052640E-3	1.542999033E-3	20.093843164E+6	737.628571582E+3
155.914041996E+0	-67.000001669E-3	-2.065881400E-9	144.449846733E-12	32.431678638E+6	2.267676648E+6	25.955947399E-9	-41.420516833E-3	1.571238110E-3	20.049803843E+6	760.565495420E+3
160.611702442E+0	-65.999999642E-3	-2.019619900E-9	98.016996063E-12	32.679416380E+6	1.586010430E+6	46.261406249E-9	-41.459034070E-3	1.591013000E-3	20.528137037E+6	787.778433082E+3
165.301990509E+0	-64.999997616E-3	-1.985359033E-9	81.771204567E-12	32.739669009E+6	1.348452409E+6	34.260797235E-9	-40.475716187E-3	1.483573534E-3	20.387101530E+6	747.257049768E+3
170.005882740E+0	-64.000003040E-3	-1.965529867E-9	89.787275223E-12	32.561195902E+6	1.487426423E+6	19.829274221E-9	-39.699639197E-3	1.422423097E-3	20.197932308E+6	723.684295419E+3
174.781213760E+0	-63.000001013E-3	-1.916634633E-9	95.785697621E-12	32.870115106E+6	1.642716275E+6	48.895134245E-9	-39.701507610E-3	1.749020207E-3	20.714176254E+6	912.547533161E+3
179.476274490E+0	-61.999998987E-3	-1.901535667E-9	104.596428693E-12	32.605225384E+6	1.793492592E+6	15.098936068E-9	-39.088910527E-3	1.667525020E-3	20.556496106E+6	876.935967631E+3
184.215002537E+0	-61.000000685E-3	-1.857217767E-9	79.642904848E-12	32.844829390E+6	1.408481907E+6	44.317975284E-9	-38.927828553E-3	1.457335074E-3	20.960293000E+6	784.687235107E+3
188.912684917E+0	-59.999998659E-3	-1.827753700E-9	94.668977346E-12	32.827179427E+6	1.700292280E+6	29.464006956E-9	-38.855087253E-3	1.494816927E-3	21.258382491E+6	817.843742665E+3
193.608949661E+0	-59.000000358E-3	-1.799787867E-9	90.225739894E-12	32.781641354E+6	1.643386924E+6	27.965880840E-9	-38.597903753E-3	1.767017232E-3	21.445807291E+6	981.791945907E+3
198.313597202E+0	-57.999998331E-3	-1.753353833E-9	98.017904754E-12	33.079460191E+6	1.849244184E+6	46.433939232E-9	-38.173214483E-3	1.505076966E-3	21.771540780E+6	858.398879736E+3
203.015545845E+0	-57.000000030E-3	-1.755457933E-9	104.659738929E-12	32.470160035E+6	1.935858677E+6	-2.104103574E-9	-37.609311513E-3	1.595928950E-3	21.424216895E+6	909.124006619E+3
207.719686508E+0	-56.000001729E-3	-1.728862733E-9	107.970581144E-12	32.391236533E+6	2.022890866E+6	26.595245178E-9	-37.352281333E-3	1.578218682E-3	21.605116828E+6	912.865232984E+3
212.431667328E+0	-54.999999702E-3	-1.681734700E-9	99.816273032E-12	32.704325898E+6	1.941105171E+6	47.127937826E-9	-37.418560763E-3	1.570901219E-3	22.249978408E+6	934.095740167E+3
217.133712769E+0	-54.000001401E-3	-1.649747333E-9	98.146665374E-12	32.732285914E+6	1.947307110E+6	31.987421005E-9	-36.960071323E-3	1.620163304E-3	22.403473900E+6	982.067539067E+3
221.828835964E+0	-52.999999374E-3	-1.596940900E-9	81.061863364E-12	33.188453858E+6	1.684669678E+6	52.806326318E-9	-36.295604027E-3	1.714368834E-3	22.728207429E+6	1.073533050E+6
226.534399986E+0	-52.000001073E-3	-1.575308900E-9	77.670872075E-12	33.009399663E+6	1.627534040E+6	21.632036747E-9	-36.121525320E-3	1.595136690E-3	22.929804637E+6	1.012586604E+6
231.233218670E+0	-50.999999046E-3	-1.540901333E-9	98.029569639E-12	33.097511140E+6	2.105608388E+6	34.407496938E-9	-36.131075237E-3	1.535857826E-3	23.448013481E+6	996.726910766E+3
235.967128277E+0	-50.000000745E-3	-1.524932400E-9	89.507495509E-12	32.788339172E+6	1.924545718E+6	15.968960460E-9	-35.541487867E-3	1.517160651E-3	23.306926829E+6	994.903545499E+3
240.667681217E+0	-48.999998719E-3	-1.485367067E-9	94.553619207E-12	32.988477945E+6	2.099938831E+6	39.565253152E-9	-35.371190947E-3	1.540618603E-3	23.813097611E+6	1.037197227E+6
245.366798401E+0	-48.000000417E-3	-1.448244700E-9	100.857689711E-12	33.143570570E+6	2.308162396E+6	37.122429728E-9	-34.882035730E-3	1.601891788E-3	24.085733392E+6	1.106091939E+6
250.064915180E+0	-46.999998391E-3	-1.433019300E-9	81.259451504E-12	32.797882339E+6	1.859806026E+6	15.225369145E-9	-34.708964277E-3	1.484558111E-3	24.220863094E+6	1.035965190E+6
254.756936073E+0	-46.000000089E-3	-1.405000333E-9	108.173067828E-12	32.740205819E+6	2.520717199E+6	28.019014263E-9	-34.513514580E-3	1.484631726E-3	24.564773233E+6	1.056677135E+6
259.449274540E+0	-45.000001788E-3	-1.361796367E-9	84.787944428E-12	33.044589404E+6	2.057416864E+6	43.204040059E-9	-34.509413190E-3	1.798233266E-3	25.341096536E+6	1.320486168E+6
264.178219318E+0	-43.999999762E-3	-1.322416800E-9	96.546007247E-12	33.272414387E+6	2.429127307E+6	39.379486862E-9	-34.186172370E-3	1.635047887E-3	25.851284081E+6	1.236408889E+6
268.873205185E+0	-43.000001460E-3	-1.298245767E-9	82.030655627E-12	33.121618852E+6	2.092814920E+6	24.171074394E-9	-33.860500793E-3	1.621575788E-3	26.081734031E+6	1.249051474E+6
273.575413227E+0	-41.999999434E-3	-1.269825567E-9	92.047205844E-12	33.075408573E+6	2.397572565E+6	28.420142405E-9	-33.436723163E-3	1.572507948E-3	26.331745116E+6	1.238365323E+6
278.309525013E+0	-41.000001132E-3	-1.243471533E-9	96.205474425E-12	32.972207271E+6	2.551008815E+6	26.354078102E-9	-33.426970110E-3	1.544354549E-3	26.881974548E+6	1.241970168E+6
283.005418777E+0	-39.999999106E-3	-1.225902133E-9	79.467995503E-12	32.629031322E+6	2.115147404E+6	17.569364395E-9	-33.011493320E-3	1.586202295E-3	26.928326840E+6	1.293906138E+6
288.157712936E+0	-39.000000805E-3	-1.192442400E-9	83.867148819E-12	32.705982951E+6	2.300285145E+6	33.459790173E-9	-32.556494617E-3	1.588305965E-3	27.302362459E+6	1.331977096E+6
292.861520767E+0	-37.999998778E-3	-1.172345033E-9	96.497856789E-12	32.413664662E+6	2.668027826E+6	20.097325938E-9	-32.239800460E-3	1.582947817E-3	27.500266170E+6	1.350240562E+6
298.518320084E+0	-37.000000477E-3	-1.117871917E-9	67.741043543E-12	33.098604523E+6	2.005716377E+6	54.473209202E-9	-31.867456683E-3	1.488655125E-3	28.507252225E+6	1.331686665E+6
304.894201756E+0	-35.999998450E-3	-1.089683517E-9	77.330545951E-12	33.037113896E+6	2.344513811E+6	28.188342875E-9	-31.581839023E-3	1.559545414E-3	28.982579382E+6	1.431191158E+6
311.231937885E+0	-35.000000149E-3	-1.038892783E-9	87.050301966E-12	33.689713424E+6	2.822908941E+6	50.790819613E-9	-31.275829927E-3	1.539157675E-3	30.104964081E+6	1.481536593E+6
319.341913223E+0	-34.000001848E-3	-1.039235710E-9	64.817809958E-12	32.716352528E+6	2.040540274E+6	-342.927249208E-12	-30.907327527E-3	1.496880618E-3	29.740440238E+6	1.440366804E+6
326.966982365E+0	-32.999999821E-3	-990.334650000E-12	17.833674503E-12	33.322069284E+6	600.054675838E+3	48.900960899E-9	-30.197602297E-3	1.477717704E-3	30.492321254E+6	1.492139757E+6
337.893112183E+0	-32.000001520E-3	-948.623236667E-12	9.805824120E-12	33.733098962E+6	348.695691467E+3	41.711484190E-9	-29.905396517E-3	1.486040106E-3	31.525051634E+6	1.566522987E+6
347.476263523E+0	-30.999999493E-3	-931.574183333E-12	9.986212048E-12	33.277005791E+6	356.720100340E+3	17.049018783E-9	-29.825133590E-3	1.446719749E-3	32.015843852E+6	1.552983943E+6
357.049328327E+0	-29.999999329E-3	-907.526650000E-12	12.931525165E-12	33.056879740E+6	471.033960522E+3	24.047529392E-9	-29.580303650E-3	1.438325695E-3	32.594418742E+6	1.584885353E+6
366.666197777E+0	-28.999999166E-3	-884.405576667E-12	20.638466068E-12	32.790384786E+6	765.195586308E+3	23.121069543E-9	-29.253444987E-3	1.554839914E-3	33.076956725E+6	1.758062087E+6
376.494964123E+0	-28.000000864E-3	-836.690333333E-12	8.053556795E-12	33.465189866E+6	322.118944722E+3	47.715324389E-9	-28.966874663E-3	1.501008085E-3	34.620783233E+6	1.793982821E+6
385.817350388E+0	-27.000000700E-3	-800.347513333E-12	6.520952265E-12	33.735346522E+6	274.863831828E+3	36.342814043E-9	-28.542506660E-3	1.532039171E-3	35.662641771E+6	1.914217443E+6
395.146084785E+0	-26.000000536E-3	-772.284146667E-12	8.145764402E-12	33.666365739E+6	355.100237090E+3	28.063362067E-9	-28.570180563E-3	1.569015507E-3	36.994389548E+6	2.031655724E+6
404.483856201E+0	-25.000000373E-3	-740.899543333E-12	4.382482332E-12	33.742766611E+6	199.591266919E+3	31.384598189E-9	-27.758595457E-3	1.492304347E-3	37.466071759E+6	2.014179062E+6
413.815888882E+0	-24.000000209E-3	-706.754933333E-12	5.789522841E-12	33.958022897E+6	278.173861867E+3	34.144604403E-9	-27.667638583E-3	1.533845707E-3	39.147429015E+6	2.170265299E+6
423.174064159E+0	-23.000000045E-3	-677.488686667E-12	8.098901934E-12	33.948906450E+6	405.835358602E+3	29.266241870E-9	-27.307189360E-3	1.557431291E-3	40.306487617E+6	2.298829961E+6
432.506415367E+0	-21.999999881E-3	-643.527050000E-12	7.372972356E-12	34.186596944E+6	391.680247491E+3	33.961631100E-9	-26.923264340E-3	1.639451879E-3	41.837035972E+6	2.547603677E+6
441.829173565E+0	-20.999999717E-3	-610.599106667E-12	11.641572612E-12	34.392450771E+6	655.720273057E+3	32.927937936E-9	-26.989497837E-3	1.572591737E-3	44.201666105E+6	2.575489745E+6
451.150226593E+0	-19.999999553E-3	-577.571560000E-12	10.645042745E-12	34.627743016E+6	638.213219128E+3	33.027541253E-9	-26.423147847E-3	1.533959942E-3	45.748699688E+6	2.655878592E+6
460.482305050E+0	-18.999999389E-3	-555.501183333E-12	9.053837418E-12	34.203346382E+6	557.463326063E+3	22.070373049E-9	-25.991606213E-3	1.583787738E-3	46.789470469E+6	2.851096965E+6
469.812050819E+0	-17.999999225E-3	-521.840353333E-12	6.728707019E-12	34.493306449E+6	444.763138266E+3	33.660824483E-9	-25.805848393E-3	1.557114305E-3	49.451615285E+6	2.983890179E+6
479.139564991E+0	-17.000000924E-3	-489.684230000E-12	7.177262760E-12	34.716251581E+6	508.833334580E+3	32.156177958E-9	-25.542959173E-3	1.571203198E-3	52.162102858E+6	3.208604856E+6
488.469432831E+0	-16.000000760E-3	-460.699996667E-12	6.984442122E-12	34.729760963E+6	526.520527729E+3	28.984228582E-9	-25.144137793E-3	1.581221832E-3	54.578115857E+6	3.432215853E+6
497.804116249E+0	-14.999999665E-3	-428.080400000E-12	8.106057554E-12	35.040145881E+6	663.514235202E+3	32.619560941E-9	-25.057226993E-3	1.633116012E-3	58.533927256E+6	3.814974971E+6
507.127039433E+0	-14.000000432E-3	-397.072436667E-12	8.645383617E-12	35.258051527E+6	767.666936512E+3	31.007987129E-9	-24.655974103E-3	1.605030215E-3	62.094398469E+6	4.042159734E+6
516.452115536E+0	-13.000000268E-3	-364.469870000E-12	9.413079549E-12	35.668244040E+6	921.195539520E+3	32.602561323E-9	-24.307451993E-3	1.516194623E-3	66.692623984E+6	4.159999901E+6
525.773798466E+0	-12.000000104E-3	-339.892940000E-12	8.586932848E-12	35.305234949E+6	891.938743144E+3	24.576925972E-9	-23.841332177E-3	1.514802928E-3	70.143652224E+6	4.456706068E+6
535.100094795E+0	-10.999999940E-3	-306.726490000E-12	6.880345287E-12	35.862569093E+6	804.452390982E+3	33.166444564E-9	-23.826515480E-3	1.518351130E-3	77.680005662E+6	4.950179328E+6
544.411649227E+0	-9.999999776E-3	-276.143173333E-12	8.670586671E-12	36.213097922E+6	1.137050757E+6	30.583311654E-9	-23.434985487E-3	1.585995485E-3	84.865344320E+6	5.743381108E+6
553.767248154E+0	-8.999999613E-3	-243.176273333E-12	8.904718909E-12	37.010188080E+6	1.355252785E+6	32.966894596E-9	-23.240217377E-3	1.571282544E-3	95.569428128E+6	6.461496110E+6
563.109543324E+0	-8.000000380E-3	-217.661530000E-12	5.401395555E-12	36.754314738E+6	912.079374965E+3	25.514762914E-9	-22.664721117E-3	1.612468248E-3	104.128281726E+6	7.408145333E+6
572.431483269E+0	-7.000000216E-3	-187.846126667E-12	2.903211665E-12	37.264543807E+6	575.933399310E+3	29.815398446E-9	-22.446120397E-3	1.529889229E-3	119.492058713E+6	8.144374634E+6
581.753402710E+0	-6.000000052E-3	-153.284006667E-12	6.577710072E-12	39.143027264E+6	1.679702210E+6	34.562114335E-9	-22.214703250E-3	1.509544153E-3	144.925121238E+6	9.848021236E+6
591.070152283E+0	-4.999999888E-3	-123.027013333E-12	6.864818274E-12	40.641479889E+6	2.267765154E+6	30.256988374E-9	-21.813370417E-3	1.538902752E-3	177.305534985E+6	12.508657326E+6
600.391070366E+0	-4.000000190E-3	-89.976778333E-12	1.374671602E-12	44.455917005E+6	679.200653516E+3	33.050244973E-9	-24.258434467E-3	2.124496306E-3	269.607724526E+6	23.611606739E+6
610.547881126E+0	-3.000000026E-3	-60.573015333E-12	902.346079677E-15	49.527004881E+6	737.795509216E+3	29.403758180E-9	-24.169837500E-3	2.162952954E-3	399.019883144E+6	35.708193525E+6
620.301818371E+0	-2.000000095E-3	-30.490484000E-12	1.045745431E-12	65.594239009E+6	2.249714230E+6	30.082533407E-9	-24.577983983E-3	2.310766384E-3	806.087039594E+6	75.786477654E+6
630.106405735E+0	-1.000000047E-3	-501.533932667E-15	609.646545103E-15	1.993883130E+9	2.423692361E+9	29.988948643E-9	-23.927739103E-3	2.187020112E-3	47.709113073E+9	4.360662299E+9
639.845879555E+0	76.327832943E-18	29.054031000E-12	780.756815167E-15	2.627099591E-6	70.596947784E-9	29.555563529E-9	-24.267270283E-3	2.327913283E-3	-835.246244603E+6	80.123590540E+6
649.585151196E+0	1.000000047E-3	57.600696000E-12	900.475442161E-15	17.360902158E+6	271.404117186E+3	28.546663644E-9	-24.145001127E-3	2.263131663E-3	-419.178982259E+6	39.290005511E+6
659.363284111E+0	2.000000095E-3	86.539994333E-12	598.617281890E-15	23.110702865E+6	159.862110442E+3	28.939296959E-9	-23.828555810E-3	2.269832911E-3	-275.347323438E+6	26.228715735E+6
669.106633186E+0	3.000000026E-3	120.424746667E-12	6.636688077E-12	24.911823434E+6	1.372907198E+6	33.884754669E-9	-19.279155270E-3	1.481113720E-3	-160.092969291E+6	12.299081052E+6
679.218219280E+0	4.000000190E-3	148.480496667E-12	7.414751107E-12	26.939566339E+6	1.345295738E+6	28.055745401E-9	-18.962564037E-3	1.580985908E-3	-127.710806890E+6	10.647768185E+6
688.536247253E+0	4.999999888E-3	180.115326667E-12	6.550679996E-12	27.759991228E+6	1.009613244E+6	31.634839546E-9	-18.418385350E-3	1.484224763E-3	-102.258845435E+6	8.240413462E+6
697.846125126E+0	6.000000052E-3	215.567246667E-12	9.854705637E-12	27.833542177E+6	1.272416702E+6	35.451914189E-9	-18.305935407E-3	1.630379647E-3	-84.919836801E+6	7.563206714E+6
707.248693943E+0	7.000000216E-3	242.104920000E-12	8.275361556E-12	28.913085352E+6	988.274980047E+3	26.537668983E-9	-17.916986490E-3	1.520349619E-3	-74.005049092E+6	6.279713849E+6
716.576056957E+0	8.000000380E-3	275.516476667E-12	8.328496378E-12	29.036377340E+6	877.731039669E+3	33.411551190E-9	-17.553160760E-3	1.528504047E-3	-63.710021892E+6	5.547777271E+6
725.946969032E+0	8.999999613E-3	304.040216667E-12	9.398864921E-12	29.601345872E+6	915.073191198E+3	28.523761889E-9	-17.394540563E-3	1.559352745E-3	-57.211314852E+6	5.128771325E+6
735.326461792E+0	9.999999776E-3	332.965530000E-12	9.715153870E-12	30.033138194E+6	876.296590671E+3	28.925308592E-9	-17.148217413E-3	1.491104088E-3	-51.501479487E+6	4.478253615E+6
744.674090385E+0	10.999999940E-3	361.190506667E-12	10.189049927E-12	30.454842354E+6	859.119781787E+3	28.224972040E-9	-16.673277737E-3	1.510833407E-3	-46.162004341E+6	4.182926679E+6
754.006421089E+0	12.000000104E-3	394.471183333E-12	6.847805611E-12	30.420473310E+6	528.082903460E+3	33.280671212E-9	-16.286276300E-3	1.474315327E-3	-41.286352434E+6	3.737447472E+6
763.328980923E+0	13.000000268E-3	420.816990000E-12	8.161189910E-12	30.892289468E+6	599.115166669E+3	26.345802348E-9	-16.245115543E-3	1.459968775E-3	-38.603753958E+6	3.469367468E+6
772.660896301E+0	14.000000432E-3	449.788136667E-12	3.388942715E-12	31.125766313E+6	234.518055050E+3	28.971141918E-9	-15.979226837E-3	1.500381026E-3	-35.526118930E+6	3.335750554E+6
781.986249924E+0	14.999999665E-3	481.470703333E-12	7.103633869E-12	31.154542864E+6	459.655103292E+3	31.682590980E-9	-15.654507370E-3	1.644088194E-3	-32.513935452E+6	3.414721150E+6
791.315543175E+0	16.000000760E-3	510.956293333E-12	6.917602578E-12	31.313834410E+6	423.943621894E+3	29.485557706E-9	-15.422652607E-3	1.723950984E-3	-30.183897934E+6	3.373969568E+6
800.641573906E+0	17.000000924E-3	540.699370000E-12	6.413339259E-12	31.440763328E+6	372.924943108E+3	29.743071791E-9	-15.538554250E-3	1.746296351E-3	-28.737881182E+6	3.229699252E+6
809.967552185E+0	17.999999225E-3	569.147503333E-12	9.335444826E-12	31.626246482E+6	518.749669206E+3	28.448181659E-9	-15.318730267E-3	1.895755951E-3	-26.915220004E+6	3.330869308E+6
819.283007622E+0	18.999999389E-3	598.879320000E-12	4.429481817E-12	31.725923328E+6	234.653954158E+3	29.731811793E-9	-15.076192313E-3	1.872349855E-3	-25.174007199E+6	3.126422624E+6
828.609800816E+0	19.999999553E-3	634.013120000E-12	7.308316090E-12	31.545087826E+6	363.622558652E+3	35.133794241E-9	-15.156429332E-3	1.949680344E-3	-23.905545254E+6	3.075141953E+6
837.933044434E+0	20.999999717E-3	667.378356667E-12	6.227537525E-12	31.466408083E+6	293.623901869E+3	33.365231198E-9	-15.003268673E-3	2.018022166E-3	-22.480903858E+6	3.023805230E+6
847.266634464E+0	21.999999881E-3	695.432860000E-12	7.938685599E-12	31.634973189E+6	361.127752987E+3	28.054498735E-9	-15.027990931E-3	1.972413179E-3	-21.609549671E+6	2.836238108E+6
856.603092194E+0	23.000000045E-3	722.493536667E-12	7.304252456E-12	31.834194879E+6	321.836783749E+3	27.060672231E-9	-14.897207979E-3	1.980928006E-3	-20.619157436E+6	2.741793394E+6
865.930276871E+0	24.000000209E-3	751.637236667E-12	3.924680218E-12	31.930297007E+6	166.724317128E+3	29.143695223E-9	-14.651116405E-3	1.964683959E-3	-19.492270593E+6	2.613872575E+6
875.274509907E+0	25.000000373E-3	782.643643333E-12	5.387611023E-12	31.943018493E+6	219.891338825E+3	31.006401584E-9	-14.519001350E-3	1.990354310E-3	-18.551228869E+6	2.543116943E+6
884.594480991E+0	26.000000536E-3	814.330580000E-12	7.594107188E-12	31.928066040E+6	297.747821035E+3	31.686931473E-9	-14.430250983E-3	1.968333076E-3	-17.720384494E+6	2.417117967E+6
893.915064812E+0	27.000000700E-3	845.421213333E-12	11.360973246E-12	31.936743808E+6	429.173631140E+3	31.090628237E-9	-14.659729562E-3	2.027224845E-3	-17.340148710E+6	2.397887365E+6
903.231807232E+0	28.000000864E-3	882.629830000E-12	13.123172427E-12	31.723379284E+6	471.671545836E+3	37.208610568E-9	-14.445156510E-3	1.990275956E-3	-16.366041595E+6	2.254938467E+6
912.803732872E+0	28.999999166E-3	903.600040000E-12	6.309525315E-12	32.093844491E+6	224.100171883E+3	20.970245623E-9	-14.427398252E-3	2.169927398E-3	-15.966575491E+6	2.401424637E+6
922.127295971E+0	29.999999329E-3	939.756740000E-12	7.923466395E-12	31.923154208E+6	269.156930548E+3	36.156694073E-9	-14.508751324E-3	2.161294903E-3	-15.438837208E+6	2.299845068E+6
932.081404209E+0	30.999999493E-3	970.600423333E-12	55.178002515E-12	31.938992348E+6	1.815710933E+6	30.843678278E-9	-14.361812802E-3	2.113900033E-3	-14.796833441E+6	2.177930261E+6
942.038297176E+0	32.000001520E-3	1.032399090E-9	64.178619533E-12	30.995766879E+6	1.926837740E+6	61.798541428E-9	-14.310307137E-3	2.232766735E-3	-13.861216341E+6	2.162697311E+6
950.431293011E+0	32.999999821E-3	1.056446893E-9	89.831460540E-12	31.236780599E+6	2.656116120E+6	24.047844184E-9	-9.677170848E-3	1.640884391E-3	-9.160111037E+6	1.553210484E+6
956.887955189E+0	34.000001848E-3	1.047978347E-9	82.463988227E-12	32.443420187E+6	2.552928530E+6	-8.468529505E-9	-9.199887514E-3	1.584920816E-3	-8.778700002E+6	1.512360271E+6
964.727867603E+0	35.000000149E-3	1.112148167E-9	78.029857210E-12	31.470627024E+6	2.208022822E+6	64.169929008E-9	-9.024635121E-3	1.596512387E-3	-8.114597849E+6	1.435521305E+6
971.077578545E+0	35.999998450E-3	1.138048660E-9	96.069216735E-12	31.633092429E+6	2.670330821E+6	25.900537331E-9	-8.625881419E-3	1.639354675E-3	-7.579536554E+6	1.440496116E+6
977.081775188E+0	37.000000477E-3	1.156243067E-9	74.646571008E-12	32.000192298E+6	2.065919092E+6	18.194369795E-9	-8.511155137E-3	1.567732918E-3	-7.361043177E+6	1.355885248E+6
982.830119610E+0	37.999998778E-3	1.191426167E-9	83.335393404E-12	31.894547762E+6	2.230893327E+6	35.183159767E-9	-8.108695664E-3	1.484531597E-3	-6.805873407E+6	1.246012249E+6
988.502559185E+0	39.000000805E-3	1.216591600E-9	75.678711793E-12	32.056773041E+6	1.994108202E+6	25.165382334E-9	-7.825418709E-3	1.484124841E-3	-6.432247855E+6	1.219903903E+6
993.683104992E+0	39.999999106E-3	1.240490967E-9	76.650284207E-12	32.245296565E+6	1.992445904E+6	23.899407265E-9	-7.443840507E-3	1.580854406E-3	-6.000721253E+6	1.274378007E+6
998.816526413E+0	41.000001132E-3	1.279565367E-9	76.391039378E-12	32.042131024E+6	1.912939938E+6	39.074320814E-9	-7.191540142E-3	1.516968634E-3	-5.620299149E+6	1.185534302E+6
1.004350183E+3	41.999999434E-3	1.309757267E-9	71.602238045E-12	32.067010050E+6	1.753049779E+6	30.191951288E-9	-6.843972067E-3	1.544518778E-3	-5.225374381E+6	1.179240473E+6
1.009877381E+3	43.000001460E-3	1.331103300E-9	76.888159900E-12	32.304030394E+6	1.865968970E+6	21.345990074E-9	-6.586450281E-3	1.680468291E-3	-4.948113554E+6	1.262462719E+6
1.014596381E+3	43.999999762E-3	1.354354133E-9	91.171861015E-12	32.487810004E+6	2.187001188E+6	23.250872830E-9	-6.227119856E-3	1.590099792E-3	-4.597851996E+6	1.174065005E+6
1.019328866E+3	45.000001788E-3	1.393735067E-9	95.075158436E-12	32.287342741E+6	2.202516318E+6	39.380853526E-9	-5.807282058E-3	1.587873036E-3	-4.166704416E+6	1.139293309E+6
1.024058225E+3	46.000000089E-3	1.409470200E-9	91.748715242E-12	32.636376483E+6	2.124447620E+6	15.735160063E-9	-5.633779151E-3	1.640081524E-3	-3.997089936E+6	1.163615608E+6
1.028779108E+3	46.999998391E-3	1.453398700E-9	103.596888545E-12	32.337993966E+6	2.305021710E+6	43.928574623E-9	-5.467242758E-3	1.690035722E-3	-3.761695093E+6	1.162816316E+6
1.033503744E+3	48.000000417E-3	1.473291100E-9	102.836633100E-12	32.580119718E+6	2.274112575E+6	19.892359687E-9	-5.087509823E-3	1.571015109E-3	-3.453159951E+6	1.066330414E+6
1.038222079E+3	48.999998719E-3	1.497480133E-9	92.023251219E-12	32.721635251E+6	2.010812160E+6	24.189074424E-9	-4.588135460E-3	1.538409514E-3	-3.063904060E+6	1.027332170E+6
1.042943423E+3	50.000000745E-3	1.543448400E-9	110.309990373E-12	32.394993409E+6	2.315264580E+6	45.968173510E-9	-4.250958617E-3	1.628051378E-3	-2.754195487E+6	1.054814257E+6
1.047660499E+3	50.999999046E-3	1.563829067E-9	95.343015394E-12	32.612259315E+6	1.988293483E+6	20.380701288E-9	-3.981634724E-3	1.595824534E-3	-2.546080520E+6	1.020459696E+6
1.052401310E+3	52.000001073E-3	1.599124700E-9	90.661260592E-12	32.517789934E+6	1.843573442E+6	35.295561805E-9	-3.710176806E-3	1.608411168E-3	-2.320129760E+6	1.005807219E+6
1.057119197E+3	52.999999374E-3	1.633436433E-9	76.619505838E-12	32.446931079E+6	1.521986270E+6	34.311791620E-9	-3.385795740E-3	1.594910427E-3	-2.072805327E+6	976.414138175E+3
1.061907913E+3	54.000001401E-3	1.652498533E-9	88.045894577E-12	32.677790819E+6	1.741087975E+6	19.062061370E-9	-3.040758603E-3	1.472324109E-3	-1.840097611E+6	890.968481308E+3
1.066624950E+3	54.999999702E-3	1.692177867E-9	89.368972210E-12	32.502493258E+6	1.716553841E+6	39.679400738E-9	-2.637050734E-3	1.519675417E-3	-1.558376803E+6	898.058913855E+3
1.071346904E+3	56.000001729E-3	1.729231367E-9	110.363994583E-12	32.384331448E+6	2.066851348E+6	37.053424909E-9	-2.532745610E-3	1.575170730E-3	-1.464665550E+6	910.908025627E+3
1.076060552E+3	57.000000030E-3	1.746038100E-9	78.958915546E-12	32.645335763E+6	1.476279532E+6	16.806761884E-9	-2.169906591E-3	1.610154402E-3	-1.242760161E+6	922.175983641E+3
1.080817355E+3	57.999998331E-3	1.778872433E-9	86.150885164E-12	32.604922784E+6	1.579058119E+6	32.834389110E-9	-1.903756233E-3	1.566663850E-3	-1.070203910E+6	880.706126439E+3
1.085539614E+3	59.000000358E-3	1.819563033E-9	88.012142438E-12	32.425367672E+6	1.568412869E+6	40.690517538E-9	-1.357056654E-3	1.592721606E-3	-745.814587975E+3	875.331921143E+3
1.090255317E+3	59.999998659E-3	1.846254233E-9	86.154490310E-12	32.498232137E+6	1.516513043E+6	26.691245341E-9	-1.173741825E-3	1.628296639E-3	-635.742252290E+3	881.946055622E+3
1.094972805E+3	61.000000685E-3	1.874732667E-9	105.070785768E-12	32.537972891E+6	1.823614876E+6	28.478375620E-9	-866.200863167E-6	1.607057843E-3	-462.039670278E+3	857.219736847E+3
1.099690320E+3	61.999998987E-3	1.885631033E-9	81.428224343E-12	32.880238971E+6	1.419885136E+6	10.898385180E-9	-386.688828533E-6	1.765236718E-3	-205.071311247E+3	936.151710943E+3
1.104456259E+3	63.000001013E-3	1.930398300E-9	90.144372985E-12	32.635752432E+6	1.524001259E+6	44.767175943E-9	53.457364973E-6	1.672334908E-3	27.692401601E+3	866.315986656E+3
1.109179810E+3	64.000003040E-3	1.959525467E-9	100.912652761E-12	32.660970285E+6	1.681991487E+6	29.127107639E-9	172.919146800E-6	1.636076909E-3	88.245419486E+3	834.935261916E+3
1.113888211E+3	64.999997616E-3	1.977831700E-9	102.910429438E-12	32.864271321E+6	1.709991945E+6	18.306332627E-9	419.617687843E-6	1.521745670E-3	212.160462310E+3	769.400991209E+3
1.118598773E+3	65.999999642E-3	2.007103167E-9	96.405064635E-12	32.883212352E+6	1.579444577E+6	29.271407346E-9	932.328348893E-6	1.668935338E-3	464.514412800E+3	831.514476046E+3
1.123314380E+3	67.000001669E-3	2.034397433E-9	101.473154877E-12	32.933585430E+6	1.642685328E+6	27.294211353E-9	1.137248018E-3	1.668213673E-3	559.009758699E+3	820.003822897E+3
1.128022902E+3	68.000003695E-3	2.061270667E-9	89.842777271E-12	32.989361754E+6	1.437878066E+6	26.873178873E-9	1.380817357E-3	1.670159410E-3	669.886482959E+3	810.257205278E+3
1.132730947E+3	68.999998271E-3	2.114534333E-9	97.589363514E-12	32.631297200E+6	1.505989983E+6	53.263955572E-9	1.632328998E-3	1.670724910E-3	771.956724499E+3	790.114818220E+3
1.137457149E+3	70.000000298E-3	2.130306433E-9	95.486142292E-12	32.859122614E+6	1.472835461E+6	15.772068037E-9	1.735918125E-3	1.693225640E-3	814.867804026E+3	794.827266666E+3
1.142197150E+3	71.000002325E-3	2.169836733E-9	88.879445247E-12	32.721356973E+6	1.340311006E+6	39.530219890E-9	2.343397128E-3	1.607246869E-3	1.079987767E+6	740.722490243E+3
1.146908527E+3	71.999996901E-3	2.197991533E-9	89.674632934E-12	32.757176635E+6	1.336441813E+6	28.154952713E-9	2.754722955E-3	1.675354084E-3	1.253290976E+6	762.220444710E+3
1.151706295E+3	72.999998927E-3	2.217173367E-9	93.768161478E-12	32.924804178E+6	1.392447880E+6	19.181794460E-9	2.708019082E-3	1.602878697E-3	1.221383552E+6	722.937917934E+3
1.156426860E+3	74.000000954E-3	2.260079500E-9	96.497349053E-12	32.742211481E+6	1.397975872E+6	42.906046382E-9	3.217329314E-3	1.579652267E-3	1.423546965E+6	698.936593707E+3
1.161146747E+3	75.000002980E-3	2.290476267E-9	81.409683247E-12	32.744282956E+6	1.163819832E+6	30.396705066E-9	3.780702094E-3	1.605081278E-3	1.650618323E+6	700.763112690E+3
1.165861399E+3	75.999997556E-3	2.313863400E-9	101.993432367E-12	32.845498812E+6	1.447805934E+6	23.387260186E-9	4.189196315E-3	1.990900857E-3	1.810476934E+6	860.422813773E+3
1.170575030E+3	76.999999583E-3	2.336225833E-9	95.130958174E-12	32.959142256E+6	1.342094047E+6	22.362388015E-9	4.203948944E-3	1.590417129E-3	1.799461715E+6	680.763437259E+3
1.175299826E+3	78.000001609E-3	2.376281333E-9	80.363263576E-12	32.824396891E+6	1.110085587E+6	40.055418825E-9	4.669163372E-3	1.502347075E-3	1.964903442E+6	632.226097812E+3
1.180048942E+3	79.000003636E-3	2.403259933E-9	110.996383851E-12	32.872017937E+6	1.518219095E+6	26.978545326E-9	5.405196231E-3	1.581376967E-3	2.249110117E+6	658.013286305E+3
1.184765752E+3	79.999998212E-3	2.457164767E-9	97.177116714E-12	32.557848500E+6	1.287613223E+6	53.905125716E-9	5.740688794E-3	1.563453811E-3	2.336306003E+6	636.283668057E+3
1.189550724E+3	81.000000238E-3	2.475552933E-9	89.674558731E-12	32.719962942E+6	1.185249646E+6	18.388129402E-9	5.750007945E-3	1.569689280E-3	2.322716621E+6	634.076233450E+3
1.194266148E+3	82.000002265E-3	2.501215000E-9	113.488693048E-12	32.784067849E+6	1.487525468E+6	25.662014661E-9	6.113279234E-3	1.557739778E-3	2.444123850E+6	622.793233591E+3
1.198991300E+3	82.999996841E-3	2.516538500E-9	73.711093392E-12	32.981810865E+6	966.059267874E+3	15.323583115E-9	6.370489777E-3	1.606036678E-3	2.531449361E+6	638.192770910E+3
1.203722898E+3	83.999998868E-3	2.532887867E-9	92.615711361E-12	33.163725869E+6	1.212640363E+6	16.349333534E-9	6.570001194E-3	1.593171274E-3	2.593877637E+6	628.994001281E+3
1.208440211E+3	85.000000894E-3	2.579291500E-9	87.986608660E-12	32.954786574E+6	1.124176895E+6	46.403539294E-9	7.326975187E-3	1.677671450E-3	2.840692953E+6	650.438870356E+3
1.213159141E+3	86.000002921E-3	2.635707600E-9	99.785905082E-12	32.628810161E+6	1.235302184E+6	56.415985670E-9	7.804410791E-3	1.478275661E-3	2.961030575E+6	560.864817150E+3
1.217883535E+3	86.999997497E-3	2.632880067E-9	105.479129504E-12	33.043661425E+6	1.323803802E+6	-2.827548670E-9	7.804088531E-3	1.638636435E-3	2.964088122E+6	622.374127920E+3
1.222614142E+3	87.999999523E-3	2.682823800E-9	99.879593830E-12	32.801259450E+6	1.221167216E+6	49.943632120E-9	7.834326215E-3	1.546869521E-3	2.920179184E+6	576.582599735E+3
1.227334089E+3	89.000001550E-3	2.698572033E-9	94.672049251E-12	32.980406100E+6	1.157027714E+6	15.748201419E-9	8.194765589E-3	1.714493009E-3	3.036704408E+6	635.333423584E+3
1.232053399E+3	90.000003576E-3	2.717431700E-9	80.603675073E-12	33.119508975E+6	982.381319821E+3	18.859628447E-9	8.814932334E-3	1.599045267E-3	3.243846877E+6	588.439910591E+3
1.236779362E+3	90.999998152E-3	2.749610600E-9	80.972571699E-12	33.095594755E+6	974.623613705E+3	32.179074540E-9	9.251454331E-3	1.633727785E-3	3.364641645E+6	594.166964917E+3
1.241490686E+3	92.000000179E-3	2.768343800E-9	94.173763152E-12	33.232866589E+6	1.130518582E+6	18.733162036E-9	9.121297588E-3	1.634049102E-3	3.294857231E+6	590.262344547E+3
1.246218975E+3	93.000002205E-3	2.832260800E-9	88.017736375E-12	32.835959953E+6	1.020438113E+6	63.916870469E-9	9.680540055E-3	1.667249926E-3	3.417955033E+6	588.663984043E+3
1.250946263E+3	93.999996781E-3	2.846494600E-9	96.714220158E-12	33.023072231E+6	1.122011852E+6	14.233877205E-9	9.948061720E-3	1.622507766E-3	3.494846510E+6	570.002053173E+3
1.255712195E+3	94.999998808E-3	2.877276200E-9	99.881925812E-12	33.017337303E+6	1.146165681E+6	30.781537619E-9	9.969884502E-3	1.596128334E-3	3.465042564E+6	554.735876390E+3
1.260457711E+3	96.000000834E-3	2.887939500E-9	92.552925150E-12	33.241693891E+6	1.065332569E+6	10.663278390E-9	10.154057998E-3	1.662223489E-3	3.516021717E+6	575.574207555E+3
1.265188867E+3	97.000002861E-3	2.901829867E-9	88.386002832E-12	33.427184679E+6	1.018149022E+6	13.890338517E-9	10.563078789E-3	1.751005625E-3	3.640144073E+6	603.414295769E+3
1.269893240E+3	97.999997437E-3	2.948662367E-9	98.692884064E-12	33.235408212E+6	1.112402127E+6	46.832754022E-9	10.733818033E-3	1.615506281E-3	3.640232993E+6	547.877674756E+3
1.274627800E+3	98.999999464E-3	2.973272200E-9	99.352998179E-12	33.296648542E+6	1.112619915E+6	24.609783460E-9	11.039771684E-3	1.690103489E-3	3.713004038E+6	568.432143192E+3
1.279348775E+3	100.000001490E-3	3.010157633E-9	85.575736331E-12	33.220852085E+6	944.435217367E+3	36.885358583E-9	11.748230743E-3	1.726523264E-3	3.902862300E+6	573.565731099E+3
