[Main]
Experiment = "IvsV"
Header length = 32    
Date = "20190830 16:46:30"
Comments = "SD: 1Vb to 2V-, BG: 2Va to 2V-"

[System]
System = "PPMS"
Magnet stability range (G) = 5.000000E+1
Magnet check interval (s) = 1.000000E+0
Magnet approach mode = "Linear Approach"
Magnet mode = "Persistent"
Temperature stability time (s) = 1.000000E+0
Temperature approach mode = "Fast Settle"

[Dynamic Voltage]
Voltage source = "Keithley 6430"
GPIB = "GPIB0::9::INSTR"
Initial Voltage (V) = -100.000000E-3
Final Voltage (V) = 100.000000E-3
Voltage step (V) = 1.000000E-3
Number of measurement sequences = 1.000000E+0
Samples/sequence = 30.000000E+0
Pre-measuement delay (s) = 1.000000E+0
Current limit (A) = 100.000000E-6
Auto-range = TRUE
Manual range (V) = 10.000000E+0
Measurement Type = "Static"
Pattern = "Linear"
Check compliance = TRUE
Measurement Speed = 1.000000
Time (s)	Voltage 1 (V)	Current (A)	STD_Current (A)	Resistance 1 (Ohms)	STD_Resistance 1 (Ohms)	di/dv (A/V)
0.000000000E+0	-100.000001490E-3	-4.119562567E-9	50.944426495E-12	24.274422313E+6	300.188795106E+3	41.195625053E-9
2.994635105E+0	-98.999999464E-3	-4.047064367E-9	18.503182042E-12	24.462175665E+6	111.841089853E+3	72.498053078E-9
5.863736153E+0	-97.999997437E-3	-3.976801233E-9	16.646720138E-12	24.642920701E+6	103.154213708E+3	70.262990941E-9
8.732582569E+0	-97.000002861E-3	-3.921254033E-9	21.442794728E-12	24.736985168E+6	135.270525866E+3	55.547501291E-9
11.598685741E+0	-96.000000834E-3	-3.855367800E-9	15.175644688E-12	24.900348245E+6	98.013693420E+3	65.886099811E-9
14.466744900E+0	-94.999998808E-3	-3.782361733E-9	16.678165671E-12	25.116582047E+6	110.750516740E+3	73.005918716E-9
17.343753815E+0	-93.999996781E-3	-3.733184767E-9	15.589104388E-12	25.179572579E+6	105.145341020E+3	49.176867007E-9
20.218298435E+0	-93.000002205E-3	-3.646137467E-9	17.270839537E-12	25.506444300E+6	120.817635295E+3	87.047772149E-9
23.085194588E+0	-92.000000179E-3	-3.604433167E-9	20.456532949E-12	25.524124300E+6	144.859140286E+3	41.704215484E-9
25.963559151E+0	-90.999998152E-3	-3.535421433E-9	20.103452794E-12	25.739505139E+6	146.362445403E+3	69.011593477E-9
28.833382607E+0	-90.000003576E-3	-3.475418767E-9	15.735403988E-12	25.896160900E+6	117.248188163E+3	60.002992124E-9
31.700625896E+0	-89.000001550E-3	-3.418712867E-9	13.665776465E-12	26.033189981E+6	104.063654608E+3	56.705785082E-9
34.567675114E+0	-87.999999523E-3	-3.362948333E-9	16.564772603E-12	26.167514574E+6	128.892532845E+3	55.764420324E-9
37.435065746E+0	-86.999997497E-3	-3.308032167E-9	16.637254045E-12	26.299622589E+6	132.270026484E+3	54.916055376E-9
40.304691315E+0	-86.000002921E-3	-3.257335267E-9	13.085838473E-12	26.401950024E+6	106.065733215E+3	50.697174983E-9
43.174787998E+0	-85.000000894E-3	-3.218448367E-9	19.866642441E-12	26.410242207E+6	163.023537724E+3	38.886821194E-9
46.043043137E+0	-83.999998868E-3	-3.153109067E-9	14.701706173E-12	26.640372119E+6	124.213566661E+3	65.339167586E-9
48.910005093E+0	-82.999996841E-3	-3.095935467E-9	14.377097541E-12	26.809343326E+6	124.498894812E+3	57.173484135E-9
51.782199383E+0	-82.000002265E-3	-3.050065033E-9	12.717417544E-12	26.884673398E+6	112.097156426E+3	45.870682137E-9
54.650702477E+0	-81.000000238E-3	-2.995180600E-9	12.245761546E-12	27.043444472E+6	110.566812690E+3	54.884322107E-9
57.518986702E+0	-79.999998212E-3	-2.958422467E-9	11.430930130E-12	27.041438170E+6	104.484330353E+3	36.758058841E-9
60.387306690E+0	-79.000003636E-3	-2.911842433E-9	17.654068980E-12	27.130590149E+6	164.488745846E+3	46.580285986E-9
63.260011196E+0	-78.000001609E-3	-2.862482533E-9	12.213603817E-12	27.249075130E+6	116.266004816E+3	49.359799970E-9
66.124355316E+0	-76.999999583E-3	-2.811526600E-9	12.508856770E-12	27.387256298E+6	121.849555455E+3	50.955830068E-9
68.992212296E+0	-75.999997556E-3	-2.760142433E-9	13.328679342E-12	27.534810030E+6	132.965114121E+3	51.384062534E-9
71.863445759E+0	-75.000002980E-3	-2.704970367E-9	9.550152913E-12	27.726737381E+6	97.891860488E+3	55.172365923E-9
74.730881691E+0	-74.000000954E-3	-2.685516933E-9	12.487910098E-12	27.555216664E+6	128.134387895E+3	19.453393910E-9
77.598583221E+0	-72.999998927E-3	-2.642694300E-9	12.114739034E-12	27.623323260E+6	126.631881925E+3	42.822546551E-9
80.468562603E+0	-71.999996901E-3	-2.587124567E-9	10.453620936E-12	27.830123771E+6	112.451316895E+3	55.569620718E-9
83.351916313E+0	-71.000002325E-3	-2.542452367E-9	12.992875633E-12	27.925794503E+6	142.711179047E+3	44.672442304E-9
86.218652248E+0	-70.000000298E-3	-2.516822967E-9	9.525650248E-12	27.812842312E+6	105.265810024E+3	25.629348061E-9
89.085267544E+0	-68.999998271E-3	-2.464320767E-9	12.109591438E-12	27.999601028E+6	137.589121300E+3	52.502093601E-9
91.951096058E+0	-68.000003695E-3	-2.441265367E-9	12.761570992E-12	27.854408875E+6	145.607282657E+3	23.055525054E-9
94.831554413E+0	-67.000001669E-3	-2.390447600E-9	10.798723062E-12	28.028224366E+6	126.616050001E+3	50.817663682E-9
97.814584732E+0	-65.999999642E-3	-2.335737900E-9	11.214348175E-12	28.256594904E+6	135.665604216E+3	54.709589128E-9
100.680766582E+0	-64.999997616E-3	-2.290534667E-9	11.667439409E-12	28.377652852E+6	144.549021695E+3	45.203141727E-9
103.547868729E+0	-64.000003040E-3	-2.260740200E-9	11.343475775E-12	28.309313489E+6	142.044632887E+3	29.794628273E-9
106.415699959E+0	-63.000001013E-3	-2.210955700E-9	9.894782506E-12	28.494465544E+6	127.522473281E+3	49.784399109E-9
109.287471294E+0	-61.999998987E-3	-2.183578700E-9	11.861251757E-12	28.393755163E+6	154.235557585E+3	27.376944519E-9
112.156825066E+0	-61.000000685E-3	-2.134730233E-9	11.912599912E-12	28.575039475E+6	159.459498639E+3	48.848549647E-9
115.025296688E+0	-59.999998659E-3	-2.086844167E-9	9.070091750E-12	28.751547249E+6	124.963413973E+3	47.885969623E-9
117.910166740E+0	-59.000000358E-3	-2.060536067E-9	8.897114914E-12	28.633325721E+6	123.634812041E+3	26.308144690E-9
120.776637077E+0	-57.999998331E-3	-2.007477467E-9	11.770826950E-12	28.891979758E+6	169.407876111E+3	53.058492474E-9
123.646267891E+0	-57.000000030E-3	-1.970023100E-9	9.632727037E-12	28.933670894E+6	141.475576552E+3	37.454430292E-9
126.515540123E+0	-56.000001729E-3	-1.939065133E-9	8.234439100E-12	28.879897207E+6	122.641447509E+3	30.958019256E-9
129.388360023E+0	-54.999999702E-3	-1.885306000E-9	7.651898809E-12	29.172982901E+6	118.404499382E+3	53.759024388E-9
132.258115292E+0	-54.000001401E-3	-1.857293433E-9	8.999734742E-12	29.074566480E+6	140.884246595E+3	28.012614253E-9
135.127642632E+0	-52.999999374E-3	-1.825860133E-9	7.196905090E-12	29.027414755E+6	114.415964942E+3	31.433236299E-9
137.996520042E+0	-52.000001073E-3	-1.780721167E-9	9.836865372E-12	29.201652705E+6	161.312580363E+3	45.139043346E-9
140.863628864E+0	-50.999999046E-3	-1.749655600E-9	10.876395427E-12	29.148593041E+6	181.196587524E+3	31.065503711E-9
143.736256123E+0	-50.000000745E-3	-1.729185033E-9	8.520462621E-12	28.915355952E+6	142.478800595E+3	20.470601441E-9
146.607244968E+0	-48.999998719E-3	-1.684214133E-9	8.252893372E-12	29.093686930E+6	142.563282953E+3	44.970808864E-9
149.480894566E+0	-48.000000417E-3	-1.651766100E-9	10.167541429E-12	29.059804785E+6	178.879303238E+3	32.448088454E-9
152.347359180E+0	-46.999998391E-3	-1.596730500E-9	4.733119841E-12	29.435147879E+6	87.253348298E+3	55.035488467E-9
155.214819908E+0	-46.000000089E-3	-1.561674600E-9	7.740624601E-12	29.455560134E+6	145.999962737E+3	35.055959551E-9
158.084210396E+0	-45.000001788E-3	-1.520298033E-9	10.915799772E-12	29.599460633E+6	212.525293419E+3	41.376636954E-9
160.967661858E+0	-43.999999762E-3	-1.490805667E-9	5.957501972E-12	29.514242363E+6	117.943713933E+3	29.492306899E-9
163.838810444E+0	-43.000001460E-3	-1.442797800E-9	7.948889696E-12	29.803206978E+6	164.196538744E+3	48.007948219E-9
166.716682434E+0	-41.999999434E-3	-1.415289267E-9	8.198088162E-12	29.675911789E+6	171.898245021E+3	27.508477586E-9
169.582872868E+0	-41.000001132E-3	-1.369740400E-9	8.340373032E-12	29.932680041E+6	182.260607483E+3	45.548944042E-9
172.450693607E+0	-39.999999106E-3	-1.335809867E-9	6.929527788E-12	29.944380637E+6	155.336790727E+3	33.930464571E-9
175.321774483E+0	-39.000000805E-3	-1.295140800E-9	6.702171879E-12	30.112556723E+6	155.828255015E+3	40.669135753E-9
178.194223404E+0	-37.999998778E-3	-1.264253733E-9	6.685140201E-12	30.057256527E+6	158.937220160E+3	30.887004072E-9
181.063186646E+0	-37.000000477E-3	-1.222388900E-9	5.340839081E-12	30.268599851E+6	132.249009317E+3	41.864904451E-9
183.934527874E+0	-35.999998450E-3	-1.189536033E-9	9.164563776E-12	30.263899068E+6	233.162699866E+3	32.852800089E-9
186.803154469E+0	-35.000000149E-3	-1.156243100E-9	5.639855001E-12	30.270451040E+6	147.651436533E+3	33.292989889E-9
189.674728870E+0	-34.000001848E-3	-1.129083667E-9	5.983013486E-12	30.112916209E+6	159.568319946E+3	27.159479470E-9
192.541060925E+0	-32.999999821E-3	-1.092505200E-9	5.082913503E-12	30.205805722E+6	140.533425180E+3	36.578392538E-9
195.418772221E+0	-32.000001520E-3	-1.053852367E-9	5.588840966E-12	30.364785934E+6	161.032004976E+3	38.652898994E-9
198.286224842E+0	-30.999999493E-3	-1.019803900E-9	4.436730291E-12	30.398000531E+6	132.248689924E+3	34.048397666E-9
201.154823303E+0	-29.999999329E-3	-983.312090000E-12	5.308111475E-12	30.509132995E+6	164.694282313E+3	36.491804019E-9
208.761546612E+0	-28.999999166E-3	-946.240433333E-12	2.799188347E-12	30.647600910E+6	90.662377453E+3	37.071650590E-9
216.256947517E+0	-28.000000864E-3	-913.787946667E-12	2.484630164E-12	30.641683299E+6	83.316102911E+3	32.452541795E-9
223.748384953E+0	-27.000000700E-3	-876.839986667E-12	3.020712159E-12	30.792392125E+6	106.079734863E+3	36.947953944E-9
231.245487213E+0	-26.000000536E-3	-840.603836667E-12	2.654390951E-12	30.930147356E+6	97.668722978E+3	36.236144060E-9
238.738707542E+0	-25.000000373E-3	-800.963596667E-12	2.182999285E-12	31.212405254E+6	85.068358468E+3	39.640233502E-9
246.229396820E+0	-24.000000209E-3	-767.066793333E-12	2.327291567E-12	31.288018745E+6	94.928294111E+3	33.896797777E-9
253.724619389E+0	-23.000000045E-3	-735.114276667E-12	2.186558491E-12	31.287652512E+6	93.063465691E+3	31.952511429E-9
261.220194340E+0	-21.999999881E-3	-697.185406667E-12	1.942887375E-12	31.555450918E+6	87.937421813E+3	37.928863783E-9
268.712955952E+0	-20.999999717E-3	-661.808203333E-12	1.814401053E-12	31.731247227E+6	86.993796820E+3	35.377197535E-9
276.206730366E+0	-19.999999553E-3	-627.813446667E-12	1.187137515E-12	31.856596349E+6	60.237895254E+3	33.994751094E-9
283.699035168E+0	-18.999999389E-3	-594.010933333E-12	891.823609563E-15	31.985942216E+6	48.022379457E+3	33.802507793E-9
291.192370415E+0	-17.999999225E-3	-561.461003333E-12	2.057860278E-12	32.059215365E+6	117.503059800E+3	32.549924665E-9
298.687320232E+0	-17.000000924E-3	-531.859583333E-12	1.083828346E-12	31.963325390E+6	65.135158178E+3	29.601470285E-9
306.180585861E+0	-16.000000760E-3	-498.458020000E-12	931.664843319E-15	32.098993532E+6	59.996032925E+3	33.401557858E-9
313.678218365E+0	-14.999999665E-3	-465.153233333E-12	1.621577253E-12	32.247437167E+6	112.418245931E+3	33.304750190E-9
321.170262337E+0	-14.000000432E-3	-434.784490000E-12	840.877324010E-15	32.199861665E+6	62.274837611E+3	30.368766639E-9
328.661693096E+0	-13.000000268E-3	-401.214416667E-12	1.034604928E-12	32.401627978E+6	83.553537914E+3	33.570067831E-9
336.155715942E+0	-12.000000104E-3	-368.275873333E-12	1.061654308E-12	32.584268950E+6	93.932923677E+3	32.938537934E-9
343.646201134E+0	-10.999999940E-3	-336.580653333E-12	734.295555798E-15	32.681616817E+6	71.299302998E+3	31.695214805E-9
351.135581493E+0	-9.999999776E-3	-306.617423333E-12	1.003812124E-12	32.613931941E+6	106.772341667E+3	29.963225089E-9
358.627741814E+0	-8.999999613E-3	-275.137993333E-12	416.633509614E-15	32.710857209E+6	49.533105465E+3	31.479424840E-9
366.123865604E+0	-8.000000380E-3	-243.050763333E-12	687.287664255E-15	32.914936247E+6	93.075328554E+3	32.087254624E-9
373.615010738E+0	-7.000000216E-3	-211.718763333E-12	521.962319609E-15	33.062729566E+6	81.511429337E+3	31.331994864E-9
381.105233669E+0	-6.000000052E-3	-179.483836667E-12	563.836728925E-15	33.429194314E+6	105.015626603E+3	32.234921383E-9
388.591993809E+0	-4.999999888E-3	-148.981060000E-12	293.323954840E-15	33.561312346E+6	66.077774362E+3	30.502771667E-9
396.085154533E+0	-4.000000190E-3	-118.150583333E-12	464.495478678E-15	33.855103184E+6	133.097458476E+3	30.830485970E-9
403.574199200E+0	-3.000000026E-3	-84.087767000E-12	1.944960341E-12	35.677009072E+6	825.213585916E+3	34.062810750E-9
411.903194427E+0	-2.000000095E-3	-54.519355000E-12	123.676176636E-15	36.684221503E+6	83.217496947E+3	29.568414038E-9
419.821148872E+0	-1.000000047E-3	-24.114412333E-12	37.936736148E-15	41.468978538E+6	65.238898438E+3	30.404941223E-9
427.735716820E+0	1.686151219E-15	6.023245533E-12	51.662696881E-15	279.940641523E-6	2.401112229E-6	30.137656435E-9
435.645533562E+0	1.000000047E-3	31.644601667E-12	84.486447192E-15	31.600968090E+6	84.369951940E+3	25.621354916E-9
443.570440769E+0	2.000000095E-3	62.127733667E-12	115.068439889E-15	32.191743960E+6	59.623191385E+3	30.483130552E-9
451.480843544E+0	3.000000026E-3	92.592743333E-12	280.183283884E-15	32.399947535E+6	98.041416326E+3	30.465011766E-9
459.391583920E+0	4.000000190E-3	124.118093333E-12	1.480777547E-12	32.227373806E+6	384.485212864E+3	31.525344833E-9
467.207795143E+0	4.999999888E-3	155.072976667E-12	503.489018942E-15	32.242883291E+6	104.685793908E+3	30.954892674E-9
474.694099426E+0	6.000000052E-3	185.612183333E-12	593.410162903E-15	32.325464549E+6	103.345905637E+3	30.539201661E-9
482.181870461E+0	7.000000216E-3	215.324266667E-12	565.465219110E-15	32.509109746E+6	85.372499580E+3	29.712078463E-9
489.667757511E+0	8.000000380E-3	246.162573333E-12	596.988742996E-15	32.498849324E+6	78.815584937E+3	30.838301612E-9
497.161324978E+0	8.999999613E-3	276.187050000E-12	562.753023399E-15	32.586609736E+6	66.397802328E+3	30.024499708E-9
504.656305790E+0	9.999999776E-3	305.899223333E-12	763.467740973E-15	32.690503976E+6	81.589436382E+3	29.712168463E-9
512.148848057E+0	10.999999940E-3	335.777470000E-12	646.441526358E-15	32.759791598E+6	63.069418218E+3	29.878241769E-9
519.638194561E+0	12.000000104E-3	366.017613333E-12	629.186258116E-15	32.785307775E+6	56.358121492E+3	30.240138377E-9
527.131927490E+0	13.000000268E-3	396.467830000E-12	780.359265692E-15	32.789546300E+6	64.538972236E+3	30.450211675E-9
534.623197556E+0	14.000000432E-3	427.219970000E-12	1.678625924E-12	32.770004717E+6	128.759382321E+3	30.752134959E-9
542.123564720E+0	14.999999665E-3	453.384636667E-12	1.265089790E-12	33.084490412E+6	92.316429881E+3	26.164686746E-9
549.615452290E+0	16.000000760E-3	485.288920000E-12	830.257092048E-15	32.970051655E+6	56.406849783E+3	31.904248391E-9
557.109797001E+0	17.000000924E-3	513.729173333E-12	1.838377454E-12	33.091367604E+6	118.417304869E+3	28.440248672E-9
564.596007347E+0	17.999999225E-3	542.119420000E-12	1.883036902E-12	33.203014984E+6	115.329759771E+3	28.390294894E-9
572.084129810E+0	18.999999389E-3	572.606186667E-12	1.307866024E-12	33.181617369E+6	75.788754951E+3	30.486761669E-9
579.574360847E+0	19.999999553E-3	601.335836667E-12	1.577836033E-12	33.259284302E+6	87.268534485E+3	28.729645291E-9
587.062360764E+0	20.999999717E-3	633.726826667E-12	2.117237975E-12	33.137305907E+6	110.709472122E+3	32.390984691E-9
594.552693844E+0	21.999999881E-3	665.787306667E-12	1.446117443E-12	33.043585632E+6	71.772028525E+3	32.060474745E-9
602.044451237E+0	23.000000045E-3	694.657960000E-12	1.079227045E-12	33.109820040E+6	51.439723278E+3	28.870648601E-9
609.534343243E+0	24.000000209E-3	724.688290000E-12	2.518809966E-12	33.117687342E+6	115.107642954E+3	30.030325078E-9
617.027974606E+0	25.000000373E-3	754.388983333E-12	1.796456613E-12	33.139402781E+6	78.916183274E+3	29.700688465E-9
624.515797615E+0	26.000000536E-3	780.959680000E-12	1.515370602E-12	33.292372452E+6	64.600367691E+3	26.570692311E-9
632.013086319E+0	27.000000700E-3	807.391296667E-12	2.317551620E-12	33.441035111E+6	95.989795068E+3	26.431612334E-9
639.501975536E+0	28.000000864E-3	836.379073333E-12	1.483030079E-12	33.477643998E+6	59.361065580E+3	28.987771915E-9
646.996018410E+0	28.999999166E-3	872.384963333E-12	1.441051978E-12	33.242204284E+6	54.911244764E+3	36.005951164E-9
654.489280224E+0	29.999999329E-3	900.161556667E-12	2.659423078E-12	33.327350082E+6	98.461796407E+3	27.776588780E-9
661.978769779E+0	30.999999493E-3	932.709410000E-12	3.357260271E-12	33.236503418E+6	119.633823009E+3	32.547847998E-9
669.470553875E+0	32.000001520E-3	966.434533333E-12	1.684186531E-12	33.111401152E+6	57.702590197E+3	33.725054988E-9
676.962620258E+0	32.999999821E-3	995.491800000E-12	2.317462686E-12	33.149444145E+6	77.170499924E+3	29.057316027E-9
684.458129883E+0	34.000001848E-3	1.026796467E-9	7.545263277E-12	33.112698525E+6	243.323809813E+3	31.304603226E-9
687.776383877E+0	35.000000149E-3	1.048532833E-9	4.903446783E-12	33.379975368E+6	156.100913219E+3	21.736403591E-9
690.643807888E+0	35.999998450E-3	1.079180767E-9	5.603128133E-12	33.358636071E+6	173.198705928E+3	30.647985396E-9
693.512876987E+0	37.000000477E-3	1.108509867E-9	6.700775497E-12	33.378142667E+6	201.765854533E+3	29.329040563E-9
696.381401539E+0	37.999998778E-3	1.134066900E-9	6.507182649E-12	33.507722321E+6	192.264556247E+3	25.557076748E-9
699.249903202E+0	39.000000805E-3	1.165530433E-9	5.506722711E-12	33.461160420E+6	158.092252887E+3	31.463469571E-9
702.116938591E+0	39.999999106E-3	1.193636567E-9	8.927492970E-12	33.511036963E+6	250.637049227E+3	28.106181078E-9
704.985440731E+0	41.000001132E-3	1.219428333E-9	8.858262075E-12	33.622313023E+6	244.241709154E+3	25.791714398E-9
707.856576920E+0	41.999999434E-3	1.254950733E-9	6.510675943E-12	33.467448815E+6	173.628898804E+3	35.522460343E-9
710.727149487E+0	43.000001460E-3	1.280685033E-9	5.776211248E-12	33.575781977E+6	151.435211983E+3	25.734247848E-9
713.596499920E+0	43.999999762E-3	1.308129367E-9	8.226041355E-12	33.635816826E+6	211.515487135E+3	27.444379954E-9
716.465867519E+0	45.000001788E-3	1.336580900E-9	6.635246218E-12	33.667997042E+6	167.139490046E+3	28.451475675E-9
719.333068848E+0	46.000000089E-3	1.365236900E-9	5.672660133E-12	33.693786104E+6	140.000169330E+3	28.656048679E-9
722.205756187E+0	46.999998391E-3	1.401799467E-9	6.728324943E-12	33.528332339E+6	160.928520893E+3	36.562628777E-9
725.075801849E+0	48.000000417E-3	1.427389433E-9	8.510855489E-12	33.627823841E+6	200.506983191E+3	25.589914807E-9
727.946518421E+0	48.999998719E-3	1.450369800E-9	6.739836637E-12	33.784486355E+6	156.995766798E+3	22.980405704E-9
730.818256855E+0	50.000000745E-3	1.476884867E-9	8.477724275E-12	33.855043053E+6	194.337234261E+3	26.515012932E-9
733.688053131E+0	50.999999046E-3	1.516905933E-9	8.458485737E-12	33.621068997E+6	187.475918130E+3	40.021134652E-9
736.558359146E+0	52.000001073E-3	1.534619667E-9	8.018798630E-12	33.884617930E+6	177.056200792E+3	17.713697435E-9
739.422570705E+0	52.999999374E-3	1.560758667E-9	6.424159756E-12	33.957844032E+6	139.772163180E+3	26.139044403E-9
742.288341045E+0	54.000001401E-3	1.596923433E-9	9.077987939E-12	33.815022232E+6	192.227352643E+3	36.164693377E-9
745.161747932E+0	54.999999702E-3	1.633668267E-9	6.926401743E-12	33.666565498E+6	142.738989726E+3	36.744895753E-9
748.032456875E+0	56.000001729E-3	1.657029700E-9	10.319851316E-12	33.795412194E+6	210.475182791E+3	23.361385990E-9
750.900687218E+0	57.000000030E-3	1.685422400E-9	10.221044223E-12	33.819415257E+6	205.093832228E+3	28.392748232E-9
753.767993927E+0	57.999998331E-3	1.716081267E-9	8.655523391E-12	33.797932218E+6	170.469078914E+3	30.658918748E-9
756.641397476E+0	59.000000358E-3	1.759725633E-9	9.567243550E-12	33.527954154E+6	182.284156707E+3	43.644278219E-9
759.509402275E+0	59.999998659E-3	1.775432000E-9	7.938695133E-12	33.794591209E+6	151.109677390E+3	15.706393348E-9
762.377521038E+0	61.000000685E-3	1.811042400E-9	9.813551136E-12	33.682259833E+6	182.515096971E+3	35.610327834E-9
765.250301838E+0	61.999998987E-3	1.839016700E-9	9.452988924E-12	33.713668281E+6	173.296377812E+3	27.974347521E-9
768.120928288E+0	63.000001013E-3	1.868826333E-9	7.923698520E-12	33.710998122E+6	142.932374801E+3	29.809572923E-9
770.989923477E+0	64.000003040E-3	1.895688933E-9	10.932621252E-12	33.760814823E+6	194.701881270E+3	26.862545561E-9
773.856198311E+0	64.999997616E-3	1.928207667E-9	10.091381264E-12	33.710060768E+6	176.423463883E+3	32.518909717E-9
776.721392155E+0	65.999999642E-3	1.966136200E-9	9.152567849E-12	33.568376210E+6	156.264271444E+3	37.928456469E-9
779.596873760E+0	67.000001669E-3	1.975443367E-9	9.834857720E-12	33.916437595E+6	168.854923284E+3	9.307147805E-9
782.470279217E+0	68.000003695E-3	2.010839933E-9	8.744739510E-12	33.816716372E+6	147.062116113E+3	35.396494934E-9
785.340867519E+0	68.999998271E-3	2.046657167E-9	9.990244311E-12	33.713510692E+6	164.564057853E+3	35.817427608E-9
788.214317799E+0	70.000000298E-3	2.073594267E-9	12.099286633E-12	33.757809531E+6	196.974605969E+3	26.937045411E-9
791.082649708E+0	71.000002325E-3	2.101342033E-9	9.936420716E-12	33.787932282E+6	159.769854203E+3	27.747710434E-9
793.950529099E+0	71.999996901E-3	2.115378033E-9	9.444130315E-12	34.036468076E+6	151.956215352E+3	14.036076132E-9
796.821192741E+0	72.999998927E-3	2.155711867E-9	8.410562320E-12	33.863523255E+6	132.119360245E+3	40.333751595E-9
799.688928127E+0	74.000000954E-3	2.184333667E-9	10.203868010E-12	33.877608574E+6	158.255422081E+3	28.621741996E-9
802.556240082E+0	75.000002980E-3	2.208515467E-9	11.072080382E-12	33.959464678E+6	170.250980040E+3	24.181750994E-9
805.424772739E+0	75.999997556E-3	2.241340667E-9	9.601178226E-12	33.908275831E+6	145.252082577E+3	32.825378046E-9
808.295150280E+0	76.999999583E-3	2.267838333E-9	13.185372745E-12	33.953037327E+6	197.405364577E+3	26.497612968E-9
811.164214611E+0	78.000001609E-3	2.289936933E-9	12.000984962E-12	34.062074144E+6	178.510785009E+3	22.098555216E-9
814.033880234E+0	79.000003636E-3	2.321022800E-9	9.484638831E-12	34.036720206E+6	139.087818587E+3	31.085803669E-9
816.898666382E+0	79.999998212E-3	2.364750533E-9	10.613610441E-12	33.830206224E+6	151.838692901E+3	43.727970515E-9
819.769520283E+0	81.000000238E-3	2.396775067E-9	14.072930447E-12	33.795411745E+6	198.433505731E+3	32.024468434E-9
822.637984753E+0	82.000002265E-3	2.429546533E-9	11.025395849E-12	33.751155263E+6	153.164321837E+3	32.771400254E-9
825.506855488E+0	82.999996841E-3	2.456448933E-9	11.725432561E-12	33.788610752E+6	161.284067967E+3	26.902545920E-9
828.379063129E+0	83.999998868E-3	2.474043867E-9	13.371274988E-12	33.952509897E+6	183.500524175E+3	17.594897676E-9
831.248760223E+0	85.000000894E-3	2.505667400E-9	9.710784838E-12	33.923098051E+6	131.469925430E+3	31.623469247E-9
834.118764877E+0	86.000002921E-3	2.524140567E-9	14.103145938E-12	34.071003832E+6	190.365126911E+3	18.473129230E-9
836.983565807E+0	86.999997497E-3	2.581022367E-9	14.885241011E-12	33.707572092E+6	194.397902545E+3	56.882108530E-9
839.849583149E+0	87.999999523E-3	2.606209400E-9	13.114307600E-12	33.765513824E+6	169.906276359E+3	25.186982290E-9
842.717869759E+0	89.000001550E-3	2.632984567E-9	14.251766530E-12	33.801945775E+6	182.962500252E+3	26.775112405E-9
845.584830284E+0	90.000003576E-3	2.655972433E-9	12.861473302E-12	33.885895217E+6	164.091513594E+3	22.987820081E-9
848.452257633E+0	90.999998152E-3	2.679491567E-9	12.640920181E-12	33.961666192E+6	160.219467334E+3	23.519260902E-9
851.324909687E+0	92.000000179E-3	2.699534267E-9	11.936812120E-12	34.079952722E+6	150.694880118E+3	20.042659382E-9
854.190973759E+0	93.000002205E-3	2.742191633E-9	14.755534848E-12	33.914479599E+6	182.491361835E+3	42.657280219E-9
857.063439369E+0	93.999996781E-3	2.775109100E-9	11.427035940E-12	33.872541004E+6	139.476586138E+3	32.917645213E-9
859.932034492E+0	94.999998808E-3	2.779932267E-9	12.707751853E-12	34.173494062E+6	156.215418524E+3	4.823156892E-9
862.800233841E+0	96.000000834E-3	2.823954367E-9	10.577100621E-12	33.994883900E+6	127.327591360E+3	44.022010787E-9
865.668766499E+0	97.000002861E-3	2.876037100E-9	15.719659274E-12	33.726965087E+6	184.342684419E+3	52.082627785E-9
868.537094593E+0	97.999997437E-3	2.896078533E-9	15.083771461E-12	33.838860483E+6	176.244405033E+3	20.041542039E-9
871.407532215E+0	98.999999464E-3	2.937267400E-9	11.869974388E-12	33.704796323E+6	136.206553448E+3	41.188783195E-9
874.274855137E+0	100.000001490E-3	2.950094800E-9	12.421294045E-12	33.897216283E+6	142.723308673E+3	12.827374005E-9
