#Taken in groups of Flip Current
3.959328000E+0	4.042860000E+0	4.103946000E+0	4.152990000E+0	4.184502000E+0	4.196290000E+0	4.205805000E+0	4.196273000E+0	4.186674000E+0	4.162882000E+0	4.130540000E+0	4.098071000E+0	4.058760000E+0	4.016519000E+0	3.973144000E+0	3.926757000E+0	3.871156000E+0	3.819698000E+0	3.771505000E+0	3.711384000E+0	3.664368000E+0	3.619309000E+0	3.570589000E+0	3.527658000E+0	3.485037000E+0	3.443055000E+0	3.405613000E+0	3.369379000E+0	3.334985000E+0	3.301538000E+0
2.719067000E+0	2.934814000E+0	3.127914000E+0	3.300542000E+0	3.451077000E+0	3.582589000E+0	3.698915000E+0	3.797269000E+0	3.880143000E+0	3.950053000E+0	4.010281000E+0	4.050641000E+0	4.082505000E+0	4.099844000E+0	4.109068000E+0	4.107668000E+0	4.094271000E+0	4.066911000E+0	4.039917000E+0	4.004591000E+0	3.967230000E+0	3.933738000E+0	3.889416000E+0	3.849098000E+0	3.812309000E+0	3.768145000E+0	3.727191000E+0	3.673772000E+0	3.634610000E+0	3.597015000E+0
2.730471000E+0	2.954494000E+0	3.154083000E+0	3.330643000E+0	3.489172000E+0	3.626495000E+0	3.743601000E+0	3.848740000E+0	3.933763000E+0	4.003872000E+0	4.058164000E+0	4.098959000E+0	4.125493000E+0	4.148686000E+0	4.150258000E+0	4.143490000E+0	4.130570000E+0	4.103614000E+0	4.081800000E+0	4.045925000E+0	4.013095000E+0	3.973304000E+0	3.935640000E+0	3.898286000E+0	3.859333000E+0	3.811753000E+0	3.763181000E+0	3.719241000E+0	3.676771000E+0	3.636665000E+0
2.502320000E+0	2.749613000E+0	2.972721000E+0	3.172047000E+0	3.349171000E+0	3.514126000E+0	3.658648000E+0	3.788153000E+0	3.900901000E+0	3.989474000E+0	4.066132000E+0	4.120922000E+0	4.166800000E+0	4.196743000E+0	4.215505000E+0	4.221210000E+0	4.219000000E+0	4.204004000E+0	4.183944000E+0	4.158175000E+0	4.126926000E+0	4.091363000E+0	4.053788000E+0	4.011138000E+0	3.969327000E+0	3.923408000E+0	3.875480000E+0	3.834455000E+0	3.785593000E+0	3.742448000E+0
2.747820000E+0	2.984643000E+0	3.194117000E+0	3.382406000E+0	3.555863000E+0	3.702647000E+0	3.836837000E+0	3.948001000E+0	4.043995000E+0	4.127295000E+0	4.188201000E+0	4.243771000E+0	4.278119000E+0	4.303374000E+0	4.309416000E+0	4.313406000E+0	4.306175000E+0	4.287886000E+0	4.263470000E+0	4.233447000E+0	4.202483000E+0	4.167304000E+0	4.126327000E+0	4.080506000E+0	4.029623000E+0	3.982543000E+0	3.937675000E+0	3.886583000E+0	3.834856000E+0	3.793522000E+0
2.764289000E+0	3.002872000E+0	3.215889000E+0	3.410672000E+0	3.584607000E+0	3.736539000E+0	3.869611000E+0	3.987701000E+0	4.088709000E+0	4.169736000E+0	4.241647000E+0	4.285497000E+0	4.321790000E+0	4.339780000E+0	4.345848000E+0	4.336321000E+0	4.330210000E+0	4.309376000E+0	4.287321000E+0	4.256534000E+0	4.221576000E+0	4.186018000E+0	4.138002000E+0	4.092591000E+0	4.044726000E+0	3.993718000E+0	3.947623000E+0	3.901989000E+0	3.853422000E+0	3.808543000E+0
2.771006000E+0	3.007449000E+0	3.222138000E+0	3.417146000E+0	3.592964000E+0	3.747487000E+0	3.882105000E+0	3.999901000E+0	4.100811000E+0	4.181778000E+0	4.251965000E+0	4.313150000E+0	4.359459000E+0	4.394965000E+0	4.412584000E+0	4.423695000E+0	4.423293000E+0	4.410491000E+0	4.391422000E+0	4.360188000E+0	4.322088000E+0	4.276671000E+0	4.236324000E+0	4.191030000E+0	4.139750000E+0	4.093221000E+0	4.041441000E+0	3.993401000E+0	3.944872000E+0	3.900250000E+0
2.777435000E+0	3.014679000E+0	3.237637000E+0	3.435533000E+0	3.610675000E+0	3.768155000E+0	3.909391000E+0	4.032207000E+0	4.136921000E+0	4.225646000E+0	4.297625000E+0	4.350438000E+0	4.385828000E+0	4.421627000E+0	4.433105000E+0	4.435269000E+0	4.432538000E+0	4.419448000E+0	4.401500000E+0	4.372127000E+0	4.340439000E+0	4.299268000E+0	4.252512000E+0	4.209792000E+0	4.168929000E+0	4.122003000E+0	4.070767000E+0	4.021322000E+0	3.972470000E+0	3.929564000E+0
2.788213000E+0	3.031541000E+0	3.256226000E+0	3.459195000E+0	3.639674000E+0	3.792367000E+0	3.935979000E+0	4.058543000E+0	4.161584000E+0	4.254097000E+0	4.327033000E+0	4.383484000E+0	4.427164000E+0	4.458702000E+0	4.476079000E+0	4.480553000E+0	4.475659000E+0	4.467819000E+0	4.447059000E+0	4.415116000E+0	4.380018000E+0	4.340043000E+0	4.298912000E+0	4.258286000E+0	4.218689000E+0	4.174268000E+0	4.127460000E+0	4.070685000E+0	4.022656000E+0	3.973607000E+0
2.793494000E+0	3.039025000E+0	3.262469000E+0	3.466428000E+0	3.650952000E+0	3.810972000E+0	3.962765000E+0	4.097929000E+0	4.210456000E+0	4.309622000E+0	4.384797000E+0	4.449618000E+0	4.493335000E+0	4.517757000E+0	4.531188000E+0	4.536792000E+0	4.528542000E+0	4.512468000E+0	4.488311000E+0	4.458147000E+0	4.426097000E+0	4.388608000E+0	4.344865000E+0	4.306393000E+0	4.253461000E+0	4.207330000E+0	4.163752000E+0	4.118570000E+0	4.063099000E+0	4.015207000E+0
2.798645000E+0	3.049090000E+0	3.273405000E+0	3.483765000E+0	3.669258000E+0	3.835414000E+0	3.981864000E+0	4.116242000E+0	4.229202000E+0	4.319750000E+0	4.396213000E+0	4.466515000E+0	4.516149000E+0	4.549909000E+0	4.574385000E+0	4.576466000E+0	4.568041000E+0	4.565113000E+0	4.546570000E+0	4.517994000E+0	4.486437000E+0	4.453795000E+0	4.417997000E+0	4.371824000E+0	4.321732000E+0	4.275437000E+0	4.222836000E+0	4.169891000E+0	4.123672000E+0	4.071506000E+0
2.808101000E+0	3.055714000E+0	3.287926000E+0	3.496218000E+0	3.686336000E+0	3.860959000E+0	4.013167000E+0	4.144395000E+0	4.256620000E+0	4.358731000E+0	4.442577000E+0	4.509597000E+0	4.559163000E+0	4.596505000E+0	4.619086000E+0	4.622870000E+0	4.623299000E+0	4.607479000E+0	4.579670000E+0	4.544880000E+0	4.514332000E+0	4.471805000E+0	4.423074000E+0	4.371084000E+0	4.317019000E+0	4.272429000E+0	4.230123000E+0	4.186743000E+0	4.140867000E+0	4.086777000E+0
2.816057000E+0	3.072305000E+0	3.309537000E+0	3.521698000E+0	3.714959000E+0	3.892235000E+0	4.050253000E+0	4.183970000E+0	4.298489000E+0	4.399904000E+0	4.483472000E+0	4.549751000E+0	4.602068000E+0	4.638905000E+0	4.658203000E+0	4.662807000E+0	4.665431000E+0	4.652100000E+0	4.629472000E+0	4.597922000E+0	4.557755000E+0	4.518032000E+0	4.480296000E+0	4.435921000E+0	4.392284000E+0	4.344275000E+0	4.297551000E+0	4.243087000E+0	4.194690000E+0	4.144530000E+0
2.812464000E+0	3.065715000E+0	3.301326000E+0	3.515957000E+0	3.710792000E+0	3.890398000E+0	4.043258000E+0	4.176964000E+0	4.303871000E+0	4.403227000E+0	4.489870000E+0	4.559218000E+0	4.608635000E+0	4.647907000E+0	4.674067000E+0	4.678582000E+0	4.683280000E+0	4.665163000E+0	4.646246000E+0	4.620247000E+0	4.591848000E+0	4.546276000E+0	4.502059000E+0	4.454409000E+0	4.406927000E+0	4.363155000E+0	4.319886000E+0	4.275795000E+0	4.229183000E+0	4.183368000E+0
2.803540000E+0	3.061739000E+0	3.301393000E+0	3.516250000E+0	3.715325000E+0	3.898317000E+0	4.053351000E+0	4.197789000E+0	4.314106000E+0	4.419088000E+0	4.509813000E+0	4.576957000E+0	4.630760000E+0	4.665110000E+0	4.688476000E+0	4.700120000E+0	4.702289000E+0	4.698947000E+0	4.677618000E+0	4.645241000E+0	4.608617000E+0	4.576822000E+0	4.538874000E+0	4.486582000E+0	4.437303000E+0	4.393604000E+0	4.351655000E+0	4.304804000E+0	4.259215000E+0	4.213124000E+0
2.809798000E+0	3.071070000E+0	3.313640000E+0	3.534237000E+0	3.734292000E+0	3.914142000E+0	4.079896000E+0	4.222130000E+0	4.348126000E+0	4.452799000E+0	4.544631000E+0	4.622736000E+0	4.682957000E+0	4.723701000E+0	4.749457000E+0	4.761203000E+0	4.764602000E+0	4.758346000E+0	4.740113000E+0	4.720531000E+0	4.691459000E+0	4.648276000E+0	4.611242000E+0	4.568493000E+0	4.516889000E+0	4.458936000E+0	4.401217000E+0	4.348356000E+0	4.303682000E+0	4.253519000E+0
2.819309000E+0	3.081309000E+0	3.326936000E+0	3.549927000E+0	3.754479000E+0	3.941900000E+0	4.110759000E+0	4.258501000E+0	4.384858000E+0	4.495741000E+0	4.588733000E+0	4.666929000E+0	4.718855000E+0	4.760587000E+0	4.787210000E+0	4.803246000E+0	4.808049000E+0	4.809846000E+0	4.796193000E+0	4.770742000E+0	4.739506000E+0	4.696470000E+0	4.659389000E+0	4.608474000E+0	4.562837000E+0	4.515873000E+0	4.466392000E+0	4.417857000E+0	4.366347000E+0	4.319022000E+0
2.820225000E+0	3.083527000E+0	3.328049000E+0	3.553935000E+0	3.759341000E+0	3.942607000E+0	4.110726000E+0	4.261350000E+0	4.388577000E+0	4.500051000E+0	4.596341000E+0	4.675671000E+0	4.735225000E+0	4.782893000E+0	4.814260000E+0	4.836495000E+0	4.838516000E+0	4.835404000E+0	4.823116000E+0	4.790823000E+0	4.755448000E+0	4.727998000E+0	4.678598000E+0	4.630503000E+0	4.576031000E+0	4.527966000E+0	4.478418000E+0	4.426787000E+0	4.373333000E+0	4.319993000E+0
2.836538000E+0	3.097374000E+0	3.345224000E+0	3.567827000E+0	3.778474000E+0	3.973525000E+0	4.144247000E+0	4.298486000E+0	4.425698000E+0	4.540876000E+0	4.641614000E+0	4.716487000E+0	4.776945000E+0	4.823810000E+0	4.847053000E+0	4.864393000E+0	4.870265000E+0	4.860476000E+0	4.836840000E+0	4.809505000E+0	4.776429000E+0	4.731375000E+0	4.680408000E+0	4.631439000E+0	4.578675000E+0	4.522797000E+0	4.472832000E+0	4.419341000E+0	4.371723000E+0	4.323656000E+0
2.828295000E+0	3.093694000E+0	3.339829000E+0	3.567928000E+0	3.777886000E+0	3.968254000E+0	4.142093000E+0	4.289939000E+0	4.426387000E+0	4.535800000E+0	4.638882000E+0	4.718259000E+0	4.780429000E+0	4.826723000E+0	4.854099000E+0	4.867782000E+0	4.873031000E+0	4.869062000E+0	4.850677000E+0	4.825816000E+0	4.803424000E+0	4.768848000E+0	4.733943000E+0	4.689461000E+0	4.645186000E+0	4.586962000E+0	4.540687000E+0	4.487464000E+0	4.436360000E+0	4.386446000E+0
2.821027000E+0	3.092469000E+0	3.343634000E+0	3.579518000E+0	3.793730000E+0	3.990140000E+0	4.168594000E+0	4.324910000E+0	4.463063000E+0	4.580317000E+0	4.677740000E+0	4.760248000E+0	4.824544000E+0	4.865355000E+0	4.902406000E+0	4.927285000E+0	4.934206000E+0	4.931956000E+0	4.914625000E+0	4.892359000E+0	4.853944000E+0	4.813417000E+0	4.767965000E+0	4.725081000E+0	4.672362000E+0	4.619015000E+0	4.565674000E+0	4.515109000E+0	4.458841000E+0	4.408887000E+0
2.837621000E+0	3.104372000E+0	3.361915000E+0	3.597885000E+0	3.812757000E+0	4.006859000E+0	4.190235000E+0	4.349195000E+0	4.490079000E+0	4.608841000E+0	4.714321000E+0	4.794944000E+0	4.858218000E+0	4.911268000E+0	4.941143000E+0	4.960983000E+0	4.973646000E+0	4.967840000E+0	4.945705000E+0	4.925390000E+0	4.894643000E+0	4.856091000E+0	4.805844000E+0	4.757534000E+0	4.705395000E+0	4.650355000E+0	4.603339000E+0	4.554087000E+0	4.506436000E+0	4.451733000E+0
2.843549000E+0	3.112983000E+0	3.372248000E+0	3.607242000E+0	3.825659000E+0	4.024166000E+0	4.205039000E+0	4.366665000E+0	4.511962000E+0	4.637503000E+0	4.738464000E+0	4.819077000E+0	4.885695000E+0	4.943672000E+0	4.979760000E+0	4.981408000E+0	4.983762000E+0	4.977249000E+0	4.961837000E+0	4.940875000E+0	4.905767000E+0	4.875402000E+0	4.831764000E+0	4.789103000E+0	4.744605000E+0	4.691869000E+0	4.643675000E+0	4.596163000E+0	4.546278000E+0	4.501892000E+0
2.835076000E+0	3.113722000E+0	3.371865000E+0	3.609890000E+0	3.831958000E+0	4.033290000E+0	4.224816000E+0	4.385119000E+0	4.526964000E+0	4.657348000E+0	4.765652000E+0	4.854247000E+0	4.926957000E+0	4.983565000E+0	4.994539000E+0	4.988434000E+0	4.986682000E+0	4.978946000E+0	4.970577000E+0	4.949806000E+0	4.919678000E+0	4.888006000E+0	4.847177000E+0	4.817290000E+0	4.777449000E+0	4.722893000E+0	4.671962000E+0	4.621616000E+0	4.572562000E+0	4.524386000E+0
2.849309000E+0	3.123910000E+0	3.382601000E+0	3.624727000E+0	3.846786000E+0	4.047331000E+0	4.233236000E+0	4.397471000E+0	4.543121000E+0	4.669653000E+0	4.777274000E+0	4.863756000E+0	4.940463000E+0	4.990147000E+0	4.994016000E+0	4.992638000E+0	4.989371000E+0	4.986605000E+0	4.982886000E+0	4.975577000E+0	4.954472000E+0	4.935905000E+0	4.898811000E+0	4.865066000E+0	4.831098000E+0	4.773434000E+0	4.727765000E+0	4.684260000E+0	4.634636000E+0	4.589541000E+0
2.858020000E+0	3.134640000E+0	3.396506000E+0	3.643479000E+0	3.870347000E+0	4.071780000E+0	4.265720000E+0	4.434214000E+0	4.589756000E+0	4.719861000E+0	4.829217000E+0	4.919125000E+0	4.991780000E+0	4.994931000E+0	4.994197000E+0	4.992321000E+0	4.991385000E+0	4.988151000E+0	4.984016000E+0	4.976120000E+0	4.964022000E+0	4.934258000E+0	4.907092000E+0	4.872925000E+0	4.839460000E+0	4.807807000E+0	4.768244000E+0	4.724676000E+0	4.682680000E+0	4.633470000E+0
2.860166000E+0	3.140149000E+0	3.405488000E+0	3.654613000E+0	3.879835000E+0	4.093304000E+0	4.278063000E+0	4.459243000E+0	4.621504000E+0	4.764946000E+0	4.885573000E+0	4.979642000E+0	4.998079000E+0	4.997907000E+0	4.996855000E+0	4.996500000E+0	4.995188000E+0	4.994532000E+0	4.988982000E+0	4.986328000E+0	4.984267000E+0	4.979156000E+0	4.966122000E+0	4.943005000E+0	4.914248000E+0	4.882274000E+0	4.843697000E+0	4.808362000E+0	4.773439000E+0	4.719214000E+0
2.861341000E+0	3.143106000E+0	3.403837000E+0	3.653204000E+0	3.886500000E+0	4.101003000E+0	4.299700000E+0	4.475913000E+0	4.628034000E+0	4.779147000E+0	4.899263000E+0	4.992454000E+0	4.999793000E+0	4.997807000E+0	4.998506000E+0	4.997526000E+0	4.994867000E+0	4.993386000E+0	4.991017000E+0	4.986686000E+0	4.985221000E+0	4.974820000E+0	4.957765000E+0	4.943384000E+0	4.911445000E+0	4.875291000E+0	4.842144000E+0	4.802288000E+0	4.762319000E+0	4.720723000E+0
2.855833000E+0	3.139348000E+0	3.409420000E+0	3.665719000E+0	3.898078000E+0	4.106896000E+0	4.301547000E+0	4.477163000E+0	4.645118000E+0	4.791036000E+0	4.921724000E+0	4.997458000E+0	4.998581000E+0	4.996990000E+0	4.997736000E+0	4.996581000E+0	4.996384000E+0	4.993118000E+0	4.990418000E+0	4.989698000E+0	4.987075000E+0	4.981758000E+0	4.964041000E+0	4.950324000E+0	4.942017000E+0	4.920186000E+0	4.895108000E+0	4.863071000E+0	4.832944000E+0	4.799525000E+0
2.870298000E+0	3.155016000E+0	3.420406000E+0	3.671362000E+0	3.901725000E+0	4.121579000E+0	4.326968000E+0	4.501724000E+0	4.668005000E+0	4.813624000E+0	4.931051000E+0	4.997755000E+0	4.998889000E+0	4.999228000E+0	4.997897000E+0	4.996886000E+0	4.997657000E+0	4.994241000E+0	4.992918000E+0	4.991701000E+0	4.991445000E+0	4.985867000E+0	4.984406000E+0	4.969851000E+0	4.949895000E+0	4.927556000E+0	4.899087000E+0	4.856941000E+0	4.832226000E+0	4.801065000E+0
2.873970000E+0	3.165844000E+0	3.435241000E+0	3.697825000E+0	3.940820000E+0	4.161906000E+0	4.378756000E+0	4.561177000E+0	4.727367000E+0	4.873919000E+0	4.995483000E+0	5.000418000E+0	5.000213000E+0	4.999580000E+0	4.999879000E+0	4.998981000E+0	4.996507000E+0	4.997130000E+0	4.996313000E+0	4.991185000E+0	4.991021000E+0	4.987612000E+0	4.985688000E+0	4.981182000E+0	4.957427000E+0	4.944441000E+0	4.917046000E+0	4.896739000E+0	4.866663000E+0	4.834957000E+0
2.873897000E+0	3.160897000E+0	3.438019000E+0	3.693023000E+0	3.936029000E+0	4.159991000E+0	4.374570000E+0	4.570552000E+0	4.740774000E+0	4.891648000E+0	4.997438000E+0	4.999666000E+0	4.999970000E+0	5.000059000E+0	4.999163000E+0	4.997997000E+0	4.997240000E+0	4.996182000E+0	4.994524000E+0	4.994164000E+0	4.992268000E+0	4.990473000E+0	4.985316000E+0	4.984542000E+0	4.970613000E+0	4.972564000E+0	4.955132000E+0	4.933770000E+0	4.905912000E+0	4.878314000E+0
2.872737000E+0	3.161580000E+0	3.442540000E+0	3.706636000E+0	3.952757000E+0	4.186555000E+0	4.405709000E+0	4.590789000E+0	4.767248000E+0	4.921025000E+0	4.997204000E+0	5.000388000E+0	5.000464000E+0	5.000753000E+0	4.999724000E+0	4.998336000E+0	4.999359000E+0	4.998763000E+0	4.996653000E+0	4.995998000E+0	4.995047000E+0	4.995542000E+0	4.989821000E+0	4.991719000E+0	4.988097000E+0	4.985698000E+0	4.974399000E+0	4.966175000E+0	4.946295000E+0	4.928164000E+0
2.887225000E+0	3.180003000E+0	3.465195000E+0	3.733279000E+0	3.979108000E+0	4.210148000E+0	4.434386000E+0	4.635083000E+0	4.809667000E+0	4.970366000E+0	5.000270000E+0	5.000584000E+0	5.000471000E+0	5.000227000E+0	5.000172000E+0	4.999824000E+0	4.999006000E+0	4.998425000E+0	4.997523000E+0	4.996060000E+0	4.994438000E+0	4.996499000E+0	4.995653000E+0	4.989128000E+0	4.990475000E+0	4.986450000E+0	4.978284000E+0	4.979563000E+0	4.971541000E+0	4.959178000E+0
2.882432000E+0	3.176462000E+0	3.453344000E+0	3.723558000E+0	3.972993000E+0	4.208925000E+0	4.425881000E+0	4.623864000E+0	4.805228000E+0	4.970216000E+0	4.999849000E+0	5.000344000E+0	5.000313000E+0	4.998981000E+0	4.999969000E+0	4.999452000E+0	4.999472000E+0	4.998729000E+0	4.996983000E+0	4.996251000E+0	4.995145000E+0	4.997424000E+0	4.995164000E+0	4.992054000E+0	4.990402000E+0	4.989892000E+0	4.989358000E+0	4.983805000E+0	4.978268000E+0	4.975474000E+0
2.896028000E+0	3.194593000E+0	3.482289000E+0	3.760244000E+0	4.011462000E+0	4.244136000E+0	4.474797000E+0	4.688722000E+0	4.883819000E+0	4.999804000E+0	5.000623000E+0	5.000611000E+0	5.000586000E+0	5.000507000E+0	5.000495000E+0	4.999843000E+0	5.000158000E+0	4.998503000E+0	4.996950000E+0	4.998599000E+0	4.995889000E+0	4.995903000E+0	4.995180000E+0	4.991566000E+0	4.989220000E+0	4.989463000E+0	4.989429000E+0	4.988800000E+0	4.982938000E+0	4.982013000E+0
2.905123000E+0	3.206123000E+0	3.499035000E+0	3.771258000E+0	4.032206000E+0	4.279806000E+0	4.506106000E+0	4.724404000E+0	4.917330000E+0	5.000096000E+0	5.000378000E+0	5.000670000E+0	5.000828000E+0	5.000628000E+0	5.000653000E+0	5.000450000E+0	4.999949000E+0	4.999735000E+0	4.998964000E+0	4.998060000E+0	4.997559000E+0	4.998816000E+0	4.994895000E+0	4.994007000E+0	4.996446000E+0	4.993861000E+0	4.994141000E+0	4.991539000E+0	4.991955000E+0	4.989879000E+0
