[Main]
Experiment = "Rvst"
Header length = 36    
Date = "20200210 09:36:47"
Comments = ""

[System]
System = "PPMS"
Magnet stability range (G) = 5.000000E+1
Magnet check interval (s) = 1.000000E+0
Magnet approach mode = "Linear Approach"
Magnet mode = "Persistent"
Temperature stability time (s) = 1.000000E+0
Temperature approach mode = "Fast Settle"

[Time Sweep ]
Interval = 5.000000E+0
Duration = 3.600000E+3

[Dynamic Voltage]
Voltage source = "Keithley 6430"
GPIB = "GPIB0::9::INSTR"
Initial Voltage (V) = 100.000000E-3
Final Voltage (V) = 100.000000E-3
Voltage step (V) = 1.000000E-12
Number of measurement sequences = 1.000000E+0
Samples/sequence = 30.000000E+0
Pre-measuement delay (s) = 1.000000E+0
Current limit (A) = 1.000000E-3
Auto-range = 0
Manual range (V) = 10.000000E+0
Measurement Type = "Subtract bias"
Pattern = "Linear"
Check compliance = 0
Measurement Speed = 1.000000
Time (s)	Voltage 1 (V)	Current (A)	STD_Current (A)	Resistance 1 (Ohms)	STD_Resistance 1 (Ohms)
0.000000000E+0	100.000001490E-3	1.201929670E-9	32.165868813E-12	83.199544833E+6	2.226574242E+6
13.093465805E+0	100.000001490E-3	1.123537644E-9	26.691237882E-12	89.004584769E+6	2.114430751E+6
28.092868328E+0	100.000001490E-3	1.157535479E-9	22.636285531E-12	86.390441825E+6	1.689415783E+6
43.094008923E+0	100.000001490E-3	1.124171724E-9	30.384824561E-12	88.954382431E+6	2.404315324E+6
58.092673779E+0	100.000001490E-3	1.136113186E-9	35.553298010E-12	88.019400471E+6	2.754461452E+6
73.093639374E+0	100.000001490E-3	1.161332225E-9	31.175786307E-12	86.108005425E+6	2.311556262E+6
88.092228889E+0	100.000001490E-3	1.146301759E-9	32.090702482E-12	87.237065414E+6	2.442200486E+6
103.092449665E+0	100.000001490E-3	1.143584556E-9	25.873715424E-12	87.444344172E+6	1.978437069E+6
118.092155457E+0	100.000001490E-3	1.152834895E-9	29.715485352E-12	86.742691333E+6	2.235880597E+6
133.092801094E+0	100.000001490E-3	1.141446273E-9	28.283665518E-12	87.608154527E+6	2.170824679E+6
148.092338562E+0	100.000001490E-3	1.159102680E-9	21.454834273E-12	86.273634983E+6	1.596913348E+6
163.092873096E+0	100.000001490E-3	1.186590625E-9	25.192731098E-12	84.275064556E+6	1.789259915E+6
178.092794418E+0	100.000001490E-3	1.165887934E-9	34.841907786E-12	85.771538248E+6	2.563234373E+6
193.092149734E+0	100.000001490E-3	1.204022188E-9	21.402074407E-12	83.054949086E+6	1.476341731E+6
208.092410564E+0	100.000001490E-3	1.210893125E-9	27.878917105E-12	82.583672718E+6	1.901359682E+6
223.092478752E+0	100.000001490E-3	1.215854989E-9	22.400625708E-12	82.246651476E+6	1.515292920E+6
238.094943523E+0	100.000001490E-3	1.183059332E-9	20.937144905E-12	84.526615653E+6	1.495906377E+6
253.092614651E+0	100.000001490E-3	1.149781466E-9	18.507063081E-12	86.973050521E+6	1.399931883E+6
268.092703342E+0	100.000001490E-3	1.159391874E-9	27.117699303E-12	86.252115208E+6	2.017401516E+6
283.092245579E+0	100.000001490E-3	1.158371172E-9	22.240258832E-12	86.328116497E+6	1.657464983E+6
298.092524052E+0	100.000001490E-3	1.144910595E-9	35.395804174E-12	87.343065857E+6	2.700279016E+6
313.094898701E+0	100.000001490E-3	1.205454437E-9	41.722808314E-12	82.956268123E+6	2.871256156E+6
328.092434406E+0	100.000001490E-3	1.227617574E-9	24.332955550E-12	81.458593986E+6	1.614613858E+6
343.092953682E+0	100.000001490E-3	1.254100954E-9	41.555530778E-12	79.738398389E+6	2.642188779E+6
358.092251301E+0	100.000001490E-3	1.212587263E-9	36.741624021E-12	82.468292805E+6	2.498804910E+6
373.092361927E+0	100.000001490E-3	1.167311298E-9	35.966516221E-12	85.666952466E+6	2.639520272E+6
388.092517853E+0	100.000001490E-3	1.158107819E-9	24.955360467E-12	86.347747456E+6	1.860655051E+6
403.092565060E+0	100.000001490E-3	1.185495032E-9	23.678474390E-12	84.352948623E+6	1.684822863E+6
418.092913151E+0	100.000001490E-3	1.133170963E-9	21.515024665E-12	88.247938495E+6	1.675525260E+6
433.093324184E+0	100.000001490E-3	1.162250420E-9	24.811688681E-12	86.039978767E+6	1.836779002E+6
448.092280388E+0	100.000001490E-3	1.140937097E-9	20.557960542E-12	87.647252184E+6	1.579270896E+6
463.093109608E+0	100.000001490E-3	1.172534505E-9	17.857321603E-12	85.285337939E+6	1.298868137E+6
478.092642784E+0	100.000001490E-3	1.148708124E-9	18.626875182E-12	87.054317284E+6	1.411629176E+6
493.092502594E+0	100.000001490E-3	1.159460517E-9	20.801530127E-12	86.247008881E+6	1.547331477E+6
508.092136383E+0	100.000001490E-3	1.165958824E-9	21.160492915E-12	85.766323323E+6	1.556536680E+6
523.093104839E+0	100.000001490E-3	1.144605751E-9	23.255979140E-12	87.366328042E+6	1.775099855E+6
538.092854500E+0	100.000001490E-3	1.175012380E-9	21.353192358E-12	85.105487586E+6	1.546599745E+6
553.093031406E+0	100.000001490E-3	1.193839951E-9	17.545358911E-12	83.763323087E+6	1.231033998E+6
568.092330456E+0	100.000001490E-3	1.204658901E-9	22.439694422E-12	83.011051006E+6	1.546282202E+6
583.092258453E+0	100.000001490E-3	1.204426521E-9	25.751029024E-12	83.027067057E+6	1.775145579E+6
598.094367981E+0	100.000001490E-3	1.052460916E-9	50.617805160E-12	95.015406200E+6	4.569738641E+6
613.092916965E+0	100.000001490E-3	1.149066272E-9	23.541028698E-12	87.027183657E+6	1.782934090E+6
628.093726635E+0	100.000001490E-3	1.176204440E-9	24.265630877E-12	85.019234861E+6	1.753985363E+6
643.092999458E+0	100.000001490E-3	1.067133463E-9	18.865593013E-12	93.708992294E+6	1.656658488E+6
658.092736244E+0	100.000001490E-3	1.121271662E-9	18.072323560E-12	89.184454438E+6	1.437448543E+6
673.092851162E+0	100.000001490E-3	1.077386046E-9	35.355870976E-12	92.817242122E+6	3.045922535E+6
688.092672348E+0	100.000001490E-3	1.068110677E-9	18.546231947E-12	93.623258003E+6	1.625635523E+6
703.091774464E+0	100.000001490E-3	1.042922458E-9	19.636122778E-12	95.884407086E+6	1.805309663E+6
718.093007565E+0	100.000001490E-3	1.058320488E-9	53.968004279E-12	94.489337268E+6	4.818390098E+6
733.093727589E+0	100.000001490E-3	1.105720233E-9	25.646146283E-12	90.438791366E+6	2.097643150E+6
748.093938351E+0	100.000001490E-3	1.114923244E-9	16.676435873E-12	89.692274346E+6	1.341569897E+6
763.091572285E+0	100.000001490E-3	1.121119760E-9	18.386554893E-12	89.196538166E+6	1.462838408E+6
778.094487190E+0	100.000001490E-3	1.150439515E-9	41.456277392E-12	86.923302110E+6	3.132295508E+6
793.093306541E+0	100.000001490E-3	1.161791703E-9	19.450920825E-12	86.073950427E+6	1.441065201E+6
808.094252110E+0	100.000001490E-3	1.159880633E-9	18.190028221E-12	86.215769664E+6	1.352093689E+6
823.093087196E+0	100.000001490E-3	1.174862809E-9	22.301371007E-12	85.116322282E+6	1.615687098E+6
838.092694759E+0	100.000001490E-3	1.155859143E-9	15.395690109E-12	86.515733420E+6	1.152363097E+6
853.092861652E+0	100.000001490E-3	1.170340251E-9	25.250233244E-12	85.445238167E+6	1.843491405E+6
868.093326569E+0	100.000001490E-3	1.156010171E-9	17.613968403E-12	86.504430463E+6	1.318056140E+6
883.093332767E+0	100.000001490E-3	1.147602708E-9	15.903981406E-12	87.138171425E+6	1.207598979E+6
898.094055176E+0	100.000001490E-3	1.079270754E-9	12.477115442E-12	92.655157346E+6	1.071157623E+6
913.093043327E+0	100.000001490E-3	1.129774785E-9	45.159569038E-12	88.513217726E+6	3.538066897E+6
928.092955589E+0	100.000001490E-3	1.134412975E-9	24.692978684E-12	88.151320247E+6	1.918806219E+6
943.093654633E+0	100.000001490E-3	1.180540402E-9	19.964152753E-12	84.706970903E+6	1.432482025E+6
958.093107224E+0	100.000001490E-3	1.187325774E-9	24.348684895E-12	84.222884483E+6	1.727172542E+6
973.092341900E+0	100.000001490E-3	1.170874131E-9	21.521195485E-12	85.406277971E+6	1.569805973E+6
988.092383385E+0	100.000001490E-3	1.174414728E-9	21.018061315E-12	85.148797177E+6	1.523876189E+6
1.003093361E+3	100.000001490E-3	1.151719543E-9	18.307585113E-12	86.826694984E+6	1.380185930E+6
1.018092429E+3	100.000001490E-3	1.147398998E-9	16.279750952E-12	87.153641986E+6	1.236570355E+6
1.033092946E+3	100.000001490E-3	1.172846530E-9	22.005847363E-12	85.262648556E+6	1.599763296E+6
1.048092634E+3	100.000001490E-3	1.155052128E-9	21.791525357E-12	86.576180496E+6	1.633369601E+6
1.063092438E+3	100.000001490E-3	1.181702226E-9	21.749391690E-12	84.623688855E+6	1.557510610E+6
1.078092840E+3	100.000001490E-3	1.167677691E-9	21.358735560E-12	85.640071998E+6	1.566497044E+6
1.093093499E+3	100.000001490E-3	1.152951167E-9	15.262635203E-12	86.733943571E+6	1.148173989E+6
1.108092747E+3	100.000001490E-3	1.144201055E-9	21.429952237E-12	87.397228857E+6	1.636878791E+6
1.123092491E+3	100.000001490E-3	965.946042533E-12	8.592893562E-12	103.525452858E+6	920.945019868E+3
1.143092903E+3	100.000001490E-3	984.630322767E-12	17.421901791E-12	101.560960675E+6	1.797004461E+6
1.163092690E+3	100.000001490E-3	956.638901663E-12	55.033755783E-12	104.532652097E+6	6.013579875E+6
1.183092392E+3	100.000001490E-3	984.358800813E-12	4.763431560E-12	101.588974881E+6	491.601363969E+3
1.203092816E+3	100.000001490E-3	1.013090203E-9	15.816595133E-12	98.707895125E+6	1.541050155E+6
1.223092707E+3	100.000001490E-3	926.088448767E-12	10.301170882E-12	107.981048272E+6	1.201106905E+6
1.243093191E+3	100.000001490E-3	992.342176933E-12	12.019162817E-12	100.771693287E+6	1.220538053E+6
1.263092857E+3	100.000001490E-3	981.279981480E-12	4.198264006E-12	101.907715818E+6	435.997374179E+3
1.283093832E+3	100.000001490E-3	985.093322533E-12	6.840864281E-12	101.513226415E+6	704.946616446E+3
1.303092426E+3	100.000001490E-3	974.308178400E-12	18.727158571E-12	102.636931217E+6	1.972782461E+6
1.323092545E+3	100.000001490E-3	1.000067185E-9	11.887813045E-12	99.993283408E+6	1.188621601E+6
1.343092978E+3	100.000001490E-3	975.885783767E-12	10.802374966E-12	102.471009573E+6	1.134282604E+6
1.363091871E+3	100.000001490E-3	968.446099300E-12	7.058806607E-12	103.258200495E+6	752.628017641E+3
1.383092378E+3	100.000001490E-3	977.885265333E-12	15.635294647E-12	102.261487145E+6	1.635047116E+6
1.403092936E+3	100.000001490E-3	972.957986433E-12	2.372060911E-12	102.779362403E+6	250.574959484E+3
1.423092882E+3	100.000001490E-3	980.888957600E-12	7.341621621E-12	101.948340549E+6	763.048799163E+3
1.443092382E+3	100.000001490E-3	1.000211775E-9	18.111470398E-12	99.978828523E+6	1.810380201E+6
1.463092364E+3	100.000001490E-3	978.545402022E-12	7.032946058E-12	102.192500505E+6	734.472148285E+3
1.483092497E+3	100.000001490E-3	990.206282324E-12	7.795771649E-12	100.989059830E+6	795.074383557E+3
1.503093334E+3	100.000001490E-3	978.619040287E-12	10.691573735E-12	102.184810813E+6	1.116385840E+6
1.523092930E+3	100.000001490E-3	1.000502477E-9	21.742579092E-12	99.949779015E+6	2.172074558E+6
1.543092772E+3	100.000001490E-3	999.861617833E-12	21.123733848E-12	100.013841622E+6	2.112958167E+6
1.563092748E+3	100.000001490E-3	1.003853532E-9	21.153583022E-12	99.616127564E+6	2.099148888E+6
1.583092543E+3	100.000001490E-3	995.669892900E-12	59.805596555E-12	100.434895344E+6	6.032691029E+6
1.603094210E+3	100.000001490E-3	996.348440783E-12	7.583146809E-12	100.366495693E+6	763.883236426E+3
1.623093656E+3	100.000001490E-3	989.385809360E-12	10.090570688E-12	101.072807538E+6	1.030823668E+6
1.643092740E+3	100.000001490E-3	1.001449778E-9	15.510874045E-12	99.855233582E+6	1.546599725E+6
1.663093427E+3	100.000001490E-3	982.041363100E-12	6.722120360E-12	101.828706252E+6	697.022391529E+3
1.683093526E+3	100.000001490E-3	971.526656233E-12	17.498695874E-12	102.930785119E+6	1.853942445E+6
1.703092763E+3	100.000001490E-3	1.027914040E-9	19.121186283E-12	97.284400835E+6	1.809677734E+6
1.718092265E+3	100.000001490E-3	988.264092300E-12	21.445508315E-12	101.187528991E+6	2.195787554E+6
1.738092872E+3	100.000001490E-3	990.961923033E-12	7.322441753E-12	100.912052386E+6	745.661976120E+3
1.758091970E+3	100.000001490E-3	975.045846867E-12	12.537374916E-12	102.559281506E+6	1.318732004E+6
1.778092260E+3	100.000001490E-3	965.247122633E-12	10.451040826E-12	103.600413972E+6	1.121714979E+6
1.798092208E+3	100.000001490E-3	954.709106983E-12	7.190352488E-12	104.743948454E+6	788.874752422E+3
1.818092768E+3	100.000001490E-3	955.031964933E-12	12.341692965E-12	104.708538732E+6	1.353128150E+6
1.838092659E+3	100.000001490E-3	975.585722190E-12	7.115190185E-12	102.502526652E+6	747.576512192E+3
1.858093109E+3	100.000001490E-3	965.429343560E-12	19.990139923E-12	103.580859808E+6	2.144740985E+6
1.878092354E+3	100.000001490E-3	946.100345867E-12	16.898577409E-12	105.697035126E+6	1.887885929E+6
1.898093133E+3	100.000001490E-3	972.569728713E-12	7.585827631E-12	102.820392757E+6	801.976201190E+3
1.918093590E+3	100.000001490E-3	974.388047545E-12	8.635559412E-12	102.628518219E+6	909.550018302E+3
1.938092389E+3	100.000001490E-3	974.258199907E-12	13.280542555E-12	102.642196391E+6	1.399160979E+6
1.958092298E+3	100.000001490E-3	972.788559133E-12	13.257804392E-12	102.797263137E+6	1.400988934E+6
1.978092853E+3	100.000001490E-3	1.000470830E-9	26.205451962E-12	99.952940656E+6	2.618079315E+6
1.998092255E+3	100.000001490E-3	1.023037203E-9	42.177878723E-12	97.748157320E+6	4.029970671E+6
2.013092847E+3	100.000001490E-3	997.761108570E-12	16.403854988E-12	100.224393025E+6	1.647755555E+6
2.033093047E+3	100.000001490E-3	970.965514260E-12	5.810113146E-12	102.990271046E+6	616.278455701E+3
2.053092731E+3	100.000001490E-3	979.305821257E-12	4.636112648E-12	102.113149253E+6	483.411874559E+3
2.073092402E+3	100.000001490E-3	970.701934983E-12	12.019815508E-12	103.018236480E+6	1.275633798E+6
2.093092633E+3	100.000001490E-3	987.518884441E-12	8.201634801E-12	101.263887775E+6	841.026373383E+3
2.113092910E+3	100.000001490E-3	999.149557600E-12	21.568964687E-12	100.085118118E+6	2.160569819E+6
2.133092370E+3	100.000001490E-3	978.986571279E-12	13.134214005E-12	102.146448607E+6	1.370410336E+6
2.153091890E+3	100.000001490E-3	1.004379770E-9	13.420511312E-12	99.563934351E+6	1.330372183E+6
2.173092791E+3	100.000001490E-3	976.377956881E-12	8.543101802E-12	102.419355932E+6	896.147826815E+3
2.193092090E+3	100.000001490E-3	974.425262267E-12	6.999407733E-12	102.624598687E+6	737.164190500E+3
2.213092960E+3	100.000001490E-3	970.176763900E-12	5.338110172E-12	103.074001781E+6	567.134153143E+3
2.233092458E+3	100.000001490E-3	972.903648726E-12	6.134331882E-12	102.785102740E+6	648.078495337E+3
2.253092970E+3	100.000001490E-3	960.441613933E-12	19.161151787E-12	104.118772073E+6	2.077206534E+6
2.273092624E+3	100.000001490E-3	946.844977697E-12	31.022654435E-12	105.613911301E+6	3.460359352E+6
2.293092927E+3	100.000001490E-3	963.502784133E-12	28.330539096E-12	103.787973566E+6	3.051749607E+6
2.313092419E+3	100.000001490E-3	970.319019633E-12	7.514109598E-12	103.058890392E+6	798.083704250E+3
2.333093598E+3	100.000001490E-3	969.480240333E-12	19.927520160E-12	103.148055349E+6	2.120192725E+6
2.353093451E+3	100.000001490E-3	974.655728613E-12	10.977873968E-12	102.600332153E+6	1.155621911E+6
2.373092983E+3	100.000001490E-3	992.767324913E-12	13.149311374E-12	100.728538279E+6	1.334160463E+6
2.393092502E+3	100.000001490E-3	989.332759090E-12	14.493951534E-12	101.078227291E+6	1.480819183E+6
2.413094377E+3	100.000001490E-3	1.001174496E-9	17.013043691E-12	99.882689669E+6	1.697315074E+6
2.433091863E+3	100.000001490E-3	1.007764880E-9	23.856873327E-12	99.229496375E+6	2.349065315E+6
2.453093283E+3	100.000001490E-3	1.028104086E-9	12.240473657E-12	97.266417761E+6	1.158041332E+6
2.468093159E+3	100.000001490E-3	1.029279025E-9	14.026820531E-12	97.155386472E+6	1.324015292E+6
2.483093897E+3	100.000001490E-3	1.005891404E-9	16.755671403E-12	99.414311659E+6	1.655997390E+6
2.503092859E+3	100.000001490E-3	1.023681301E-9	13.204480629E-12	97.686654442E+6	1.260061638E+6
2.518094417E+3	100.000001490E-3	1.014531403E-9	12.027815125E-12	98.567674854E+6	1.168572768E+6
2.538092506E+3	100.000001490E-3	996.198672810E-12	20.187435042E-12	100.381584738E+6	2.034179302E+6
2.558092834E+3	100.000001490E-3	1.017594201E-9	18.116242935E-12	98.271001744E+6	1.749519936E+6
2.573093178E+3	100.000001490E-3	1.025809645E-9	14.262146247E-12	97.483974678E+6	1.355349611E+6
2.588092556E+3	100.000001490E-3	1.032403827E-9	19.371611726E-12	96.861323869E+6	1.817467068E+6
2.603093222E+3	100.000001490E-3	1.009014050E-9	13.132500279E-12	99.106649222E+6	1.289890957E+6
2.623092171E+3	100.000001490E-3	993.866132600E-12	18.502359676E-12	100.617173893E+6	1.873144763E+6
2.643092844E+3	100.000001490E-3	989.536151873E-12	15.984919689E-12	101.057451313E+6	1.632477237E+6
2.663092248E+3	100.000001490E-3	1.001108676E-9	29.216909012E-12	99.889256675E+6	2.915223286E+6
2.683093569E+3	100.000001490E-3	1.027294768E-9	15.899600141E-12	97.343045652E+6	1.506593386E+6
2.698093857E+3	100.000001490E-3	1.013545587E-9	16.216215106E-12	98.663545822E+6	1.578566670E+6
2.713092501E+3	100.000001490E-3	1.028459814E-9	19.960126169E-12	97.232774777E+6	1.887072713E+6
2.728092823E+3	100.000001490E-3	1.024285602E-9	14.521064556E-12	97.629021944E+6	1.384064491E+6
2.743092878E+3	100.000001490E-3	969.840230595E-12	49.466441920E-12	103.109768326E+6	5.259086193E+6
2.763093159E+3	100.000001490E-3	916.120052933E-12	8.572340239E-12	109.156001083E+6	1.021397116E+6
2.783092452E+3	100.000001490E-3	1.007740861E-9	38.015916469E-12	99.231861453E+6	3.743412917E+6
2.798092726E+3	100.000001490E-3	1.011121520E-9	21.219351117E-12	98.900082242E+6	2.075512714E+6
2.818093447E+3	100.000001490E-3	1.000577726E-9	6.625925652E-12	99.942262265E+6	661.827644312E+3
2.838092805E+3	100.000001490E-3	1.037524563E-9	27.364240592E-12	96.383261714E+6	2.542064889E+6
2.853093672E+3	100.000001490E-3	956.267816442E-12	46.775548340E-12	104.573216593E+6	5.115166969E+6
2.873093052E+3	100.000001490E-3	1.031801402E-9	18.683228144E-12	96.917877160E+6	1.754929590E+6
2.888092521E+3	100.000001490E-3	1.052646675E-9	20.233896489E-12	94.998639034E+6	1.826056810E+6
2.903093054E+3	100.000001490E-3	1.050775726E-9	18.132144634E-12	95.167787933E+6	1.642211608E+6
2.918093336E+3	100.000001490E-3	1.033094363E-9	16.144577956E-12	96.796580328E+6	1.512678796E+6
2.933092000E+3	100.000001490E-3	1.000819144E-9	21.429895408E-12	99.918154175E+6	2.139483050E+6
2.953093950E+3	100.000001490E-3	1.025733587E-9	14.599089606E-12	97.491203140E+6	1.387575515E+6
2.968092391E+3	100.000001490E-3	1.033977437E-9	20.907016778E-12	96.713910702E+6	1.955554620E+6
2.983092169E+3	100.000001490E-3	1.037006085E-9	16.071029152E-12	96.431451023E+6	1.494448956E+6
2.998092642E+3	100.000001490E-3	1.029883149E-9	16.207577017E-12	97.098395618E+6	1.528066292E+6
3.013093299E+3	100.000001490E-3	1.040912608E-9	16.785585887E-12	96.069545815E+6	1.549201729E+6
3.028092289E+3	100.000001490E-3	1.029597780E-9	21.520884005E-12	97.125307957E+6	2.030134997E+6
3.043093003E+3	100.000001490E-3	1.035188560E-9	18.837946457E-12	96.600759821E+6	1.757901904E+6
3.058092869E+3	100.000001490E-3	1.036156353E-9	26.472909522E-12	96.510532571E+6	2.465761647E+6
3.073093328E+3	100.000001490E-3	1.035208774E-9	18.006333825E-12	96.598873595E+6	1.680232634E+6
3.088092782E+3	100.000001490E-3	1.028720086E-9	24.847800582E-12	97.208174407E+6	2.347975282E+6
3.103093683E+3	100.000001490E-3	1.033671385E-9	13.528481122E-12	96.742545995E+6	1.266146791E+6
3.118094060E+3	100.000001490E-3	1.025884251E-9	18.061394487E-12	97.476885279E+6	1.716147290E+6
3.133092490E+3	100.000001490E-3	1.032861485E-9	20.675625693E-12	96.818404902E+6	1.938092502E+6
3.148091460E+3	100.000001490E-3	1.046569749E-9	12.029404151E-12	95.550250276E+6	1.098266578E+6
3.163092146E+3	100.000001490E-3	1.047736922E-9	18.724181894E-12	95.443807847E+6	1.705683154E+6
3.178092509E+3	100.000001490E-3	1.040787554E-9	16.234564902E-12	96.081088877E+6	1.498706116E+6
3.193093274E+3	100.000001490E-3	1.056183002E-9	16.115889663E-12	94.680563188E+6	1.444694249E+6
3.208093082E+3	100.000001490E-3	1.038229890E-9	14.639036761E-12	96.317783221E+6	1.358080308E+6
3.223094233E+3	100.000001490E-3	1.023624498E-9	24.893516951E-12	97.692075277E+6	2.375772891E+6
3.243092991E+3	100.000001490E-3	1.060044794E-9	30.855400886E-12	94.335637537E+6	2.745887655E+6
3.258093196E+3	100.000001490E-3	1.065678432E-9	29.051445285E-12	93.836938514E+6	2.558087509E+6
3.273093164E+3	100.000001490E-3	1.066128161E-9	19.354995526E-12	93.797354895E+6	1.702841601E+6
3.288094986E+3	100.000001490E-3	1.057256367E-9	25.864258125E-12	94.584440053E+6	2.313872442E+6
3.303092296E+3	100.000001490E-3	1.066047880E-9	17.313548873E-12	93.804418501E+6	1.523465704E+6
3.318093086E+3	100.000001490E-3	1.049295625E-9	20.633440821E-12	95.302028404E+6	1.874027410E+6
3.333093882E+3	100.000001490E-3	1.033830594E-9	19.720766652E-12	96.727647709E+6	1.845121803E+6
3.348093727E+3	100.000001490E-3	1.067300987E-9	17.644502398E-12	93.694283710E+6	1.548943582E+6
3.363093860E+3	100.000001490E-3	1.033294238E-9	17.391471302E-12	96.777856465E+6	1.628877091E+6
3.378092757E+3	100.000001490E-3	1.052836930E-9	23.415027139E-12	94.981472102E+6	2.112381969E+6
3.393094030E+3	100.000001490E-3	1.100962717E-9	16.276675122E-12	90.829598450E+6	1.342828274E+6
3.408092778E+3	100.000001490E-3	1.066604932E-9	19.806615629E-12	93.755427580E+6	1.741017373E+6
3.423093616E+3	100.000001490E-3	1.088361051E-9	15.189349414E-12	91.881275454E+6	1.282310495E+6
3.438092174E+3	100.000001490E-3	1.071609657E-9	24.406366461E-12	93.317562812E+6	2.125347248E+6
3.453092560E+3	100.000001490E-3	1.074901286E-9	13.865530156E-12	93.031800071E+6	1.200049946E+6
3.468093115E+3	100.000001490E-3	1.073526974E-9	25.459644145E-12	93.150897836E+6	2.209156144E+6
3.483093015E+3	100.000001490E-3	1.069761078E-9	22.793413316E-12	93.478818356E+6	1.991754409E+6
3.498092199E+3	100.000001490E-3	1.076988427E-9	18.662651159E-12	92.851509844E+6	1.608982321E+6
3.513094787E+3	100.000001490E-3	1.074836030E-9	25.177616135E-12	93.037448207E+6	2.179366053E+6
3.528092190E+3	100.000001490E-3	1.116078865E-9	24.501656014E-12	89.599404317E+6	1.967005964E+6
3.543092254E+3	100.000001490E-3	1.094092783E-9	28.339552960E-12	91.399927900E+6	2.367471148E+6
3.558092762E+3	100.000001490E-3	1.073291827E-9	20.326956651E-12	93.171306275E+6	1.764561191E+6
3.573092183E+3	100.000001490E-3	1.082908061E-9	18.033729334E-12	92.343944101E+6	1.537808936E+6
3.588092738E+3	100.000001490E-3	1.101378454E-9	19.558481015E-12	90.795313047E+6	1.612359857E+6
